0 0.22508591065292097 0.07821637426900585 0.09965635738831614 0.054093567251461985
0 0.25601374570446733 0.13523391812865496 0.13402061855670103 0.05701754385964912
0 0.47594501718213056 0.12134502923976608 0.09278350515463918 0.029239766081871343
0 0.5 0.17763157894736842 0.12027491408934708 0.04532163742690058
0 0.30412371134020616 0.20248538011695905 0.07216494845360824 0.04532163742690058
0 0.5 0.2353801169590643 0.09965635738831614 0.043859649122807015
0 0.30927835051546393 0.27850877192982454 0.10996563573883161 0.03654970760233918
0 0.5240549828178694 0.29605263157894735 0.09278350515463918 0.03654970760233918
0 0.3333333333333333 0.33479532163742687 0.12371134020618557 0.04678362573099415
0 0.5601374570446735 0.3538011695906432 0.061855670103092786 0.029239766081871343
0 0.5326460481099656 0.39985380116959063 0.08934707903780069 0.04532163742690058
0 0.3642611683848797 0.4093567251461988 0.10996563573883161 0.03508771929824561
0 0.5979381443298969 0.4576023391812865 0.10996563573883161 0.02631578947368421
0 0.43470790378006874 0.4985380116959064 0.12714776632302405 0.06140350877192982
0 0.42439862542955326 0.5548245614035088 0.07903780068728522 0.024853801169590642
0 0.5240549828178694 0.5650584795321637 0.06529209621993128 0.021929824561403508
0 0.6168384879725086 0.5299707602339181 0.07216494845360824 0.03654970760233918
0 0.6116838487972508 0.5847953216374269 0.07560137457044673 0.02046783625730994
0 0.46735395189003437 0.6257309941520468 0.09621993127147765 0.038011695906432746
0 0.6512027491408935 0.6366959064327485 0.07216494845360824 0.03070175438596491
0 0.4570446735395189 0.6915204678362573 0.08247422680412371 0.02631578947368421
0 0.6563573883161512 0.7068713450292398 0.10309278350515463 0.03654970760233918
0 0.5120274914089347 0.7478070175438596 0.12371134020618557 0.04239766081871345
0 0.5137457044673539 0.7997076023391813 0.1134020618556701 0.04678362573099415
0 0.697594501718213 0.7624269005847952 0.08934707903780069 0.03070175438596491
0 0.7319587628865979 0.817251461988304 0.061855670103092786 0.017543859649122806
0 0.7302405498281787 0.871345029239766 0.12027491408934708 0.04093567251461988
0 0.520618556701031 0.8676900584795321 0.1134020618556701 0.04824561403508772
0 0.5790378006872852 0.9385964912280701 0.1134020618556701 0.03508771929824561
0 0.7663230240549828 0.9312865497076023 0.08247422680412371 0.03216374269005848