0 0.6796407185628743 0.9620557156580211 0.04191616766467066 0.01825168107588857
0 0.687125748502994 0.9183477425552353 0.08083832335329341 0.021133525456292025
0 0.8218562874251497 0.9341978866474543 0.04491017964071856 0.024015369836695485
0 0.8023952095808383 0.9005763688760806 0.059880239520958084 0.01825168107588857
0 0.781437125748503 0.8659942363112392 0.059880239520958084 0.01633045148895293
0 0.6541916167664671 0.8746397694524496 0.08083832335329341 0.01633045148895293
0 0.6347305389221557 0.8338136407300673 0.07784431137724551 0.019212295869356386
0 0.7410179640718564 0.8251681075888568 0.062874251497006 0.021133525456292025
0 0.5913173652694611 0.7910662824207493 0.07485029940119761 0.01825168107588857
0 0.7320359281437127 0.7881844380403458 0.08083832335329341 0.020172910662824207
0 0.6062874251497007 0.7502401536983669 0.062874251497006 0.013448607108549471
0 0.7110778443113773 0.7502401536983669 0.08083832335329341 0.017291066282420747
0 0.5643712574850299 0.7046109510086455 0.08083832335329341 0.022094140249759846
0 0.688622754491018 0.707492795389049 0.05389221556886228 0.01825168107588857
0 0.6467065868263473 0.6695485110470701 0.0658682634730539 0.023054755043227664
0 0.5254491017964072 0.6705091258405379 0.07485029940119761 0.019212295869356386
0 0.49251497005988026 0.6316042267050912 0.07485029940119761 0.01825168107588857
0 0.6332335329341318 0.6316042267050912 0.05089820359281438 0.01825168107588857
0 0.46706586826347307 0.5917387127761767 0.07185628742514971 0.021133525456292025
0 0.6152694610778443 0.5941402497598463 0.056886227544910184 0.020172910662824207
0 0.5853293413173654 0.5619596541786743 0.062874251497006 0.021133525456292025
0 0.44311377245508987 0.5561959654178674 0.0658682634730539 0.017291066282420747
0 0.438622754491018 0.5144092219020173 0.056886227544910184 0.01633045148895293
0 0.5688622754491018 0.5240153698366955 0.05389221556886228 0.012487992315081652
0 0.5553892215568863 0.4817483189241114 0.05089820359281438 0.024015369836695485
0 0.4176646706586827 0.4855907780979827 0.056886227544910184 0.01440922190201729
0 0.3907185628742515 0.4438040345821326 0.062874251497006 0.01536983669548511
0 0.5254491017964072 0.4423631123919308 0.062874251497006 0.01633045148895293
0 0.5074850299401198 0.4024975984630163 0.07485029940119761 0.021133525456292025
0 0.35778443113772457 0.41210374639769454 0.056886227544910184 0.011527377521613832
0 0.35179640718562877 0.37415946205571565 0.038922155688622756 0.01440922190201729
0 0.47305389221556887 0.36935638808837656 0.0658682634730539 0.022094140249759846
0 0.44910179640718567 0.3285302593659942 0.07185628742514971 0.019212295869356386
0 0.32335329341317365 0.33861671469740634 0.05389221556886228 0.01440922190201729
0 0.30538922155688625 0.30643611911623436 0.04191616766467066 0.013448607108549471
0 0.4176646706586827 0.29586935638808837 0.07485029940119761 0.017291066282420747
0 0.282934131736527 0.2632084534101825 0.056886227544910184 0.01536983669548511
0 0.3982035928143713 0.2588856868395773 0.07185628742514971 0.022094140249759846
0 0.36826347305389223 0.2223823246878002 0.05389221556886228 0.01825168107588857
0 0.22754491017964074 0.20124879923150815 0.04191616766467066 0.012487992315081652
0 0.3338323353293413 0.17675312199807877 0.0688622754491018 0.017291066282420747
0 0.2065868263473054 0.17050912584053793 0.04790419161676647 0.01440922190201729
0 0.3158682634730539 0.14697406340057637 0.062874251497006 0.021133525456292025
0 0.21407185628742517 0.13064361191162344 0.02095808383233533 0.009606147934678193
0 0.3038922155688623 0.11143131604226705 0.056886227544910184 0.019212295869356386
0 0.18263473053892218 0.08981748318924111 0.04191616766467066 0.012487992315081652
0 0.27395209580838326 0.07492795389048991 0.04491017964071856 0.021133525456292025
0 0.2574850299401198 0.040345821325648415 0.059880239520958084 0.019212295869356386
0 0.1601796407185629 0.05859750240153698 0.05089820359281438 0.011527377521613832