0 0.13517665130568357 0.07884231536926148 0.039938556067588324 0.0166333998669328
0 0.22350230414746544 0.08815701929474384 0.047619047619047616 0.01929474384564205
0 0.22427035330261136 0.11244178310046574 0.05222734254992319 0.02262142381902861
0 0.13748079877112135 0.10412508316699934 0.016897081413210446 0.013972055888223553
0 0.15130568356374807 0.12375249500998005 0.047619047619047616 0.015968063872255488
0 0.23732718894009217 0.14271457085828343 0.047619047619047616 0.020625415834996674
0 0.15207373271889402 0.15535595475715236 0.03379416282642089 0.0166333998669328
0 0.2434715821812596 0.167332002661344 0.03225806451612903 0.007318695941450432
0 0.16282642089093702 0.17864271457085829 0.043010752688172046 0.01929474384564205
0 0.18049155145929338 0.20459081836327345 0.041474654377880185 0.015302727877578177
0 0.25268817204301075 0.1966067864271457 0.03533026113671275 0.0166333998669328
0 0.27342549923195086 0.22222222222222224 0.04608294930875576 0.017298735861610112
0 0.18509984639016897 0.23619427811044577 0.03840245775729647 0.018629407850964737
0 0.20506912442396313 0.2551563539587492 0.041474654377880185 0.01929474384564205
0 0.2903225806451613 0.25149700598802394 0.03379416282642089 0.011976047904191617
0 0.20506912442396313 0.2844311377245509 0.0445468509984639 0.021956087824351298
0 0.29723502304147464 0.2837658017298736 0.05683563748079877 0.0166333998669328
0 0.2250384024577573 0.3080505655355955 0.03533026113671275 0.018629407850964737
0 0.3064516129032258 0.31603459747172324 0.03840245775729647 0.014637391882900865
0 0.2250384024577573 0.3300066533599468 0.0445468509984639 0.015968063872255488
0 0.23732718894009217 0.3579507651363939 0.05069124423963134 0.017298735861610112
0 0.3210445468509985 0.34697272122421824 0.043010752688172046 0.017964071856287425
0 0.33410138248847926 0.37292082501663343 0.053763440860215055 0.017964071856287425
0 0.2542242703533026 0.3792415169660679 0.0445468509984639 0.021290751829673986
0 0.26881720430107525 0.4038589487691284 0.06144393241167435 0.021290751829673986
0 0.34715821812596004 0.4005322687957419 0.04915514592933948 0.021290751829673986
0 0.3563748079877112 0.4291417165668663 0.03379416282642089 0.02528276779773786
0 0.27112135176651303 0.43413173652694614 0.03533026113671275 0.013972055888223553
0 0.28417818740399386 0.4540918163672655 0.030721966205837174 0.017964071856287425
0 0.37864823348694315 0.45342648037258815 0.03840245775729647 0.01929474384564205
0 0.2956989247311828 0.48170326014637393 0.047619047619047616 0.018629407850964737
0 0.29339477726574503 0.5029940119760479 0.03379416282642089 0.01996007984031936
0 0.3901689708141321 0.48835662009314706 0.03686635944700461 0.010645375914836993
0 0.3955453149001536 0.510645375914837 0.029185867895545316 0.017964071856287425
0 0.3294930875576037 0.5279441117764471 0.013824884792626727 0.004657351962741184
0 0.30798771121351765 0.5329341317365269 0.026113671274961597 0.011976047904191617
0 0.40476190476190477 0.5442448436460413 0.0445468509984639 0.015968063872255488
0 0.42473118279569894 0.5652029274783766 0.0445468509984639 0.017964071856287425
0 0.3248847926267281 0.5602129075182968 0.03840245775729647 0.013306719893546242
0 0.34408602150537637 0.58416500332668 0.03686635944700461 0.021290751829673986
0 0.4393241167434716 0.5924817032601464 0.043010752688172046 0.013972055888223553
0 0.3486943164362519 0.6061210911510313 0.03379416282642089 0.011976047904191617
0 0.3794162826420891 0.6347305389221557 0.04915514592933948 0.01996007984031936
0 0.37557603686635943 0.6630073186959414 0.041474654377880185 0.00998003992015968
0 0.44930875576036866 0.6550232867598137 0.041474654377880185 0.0166333998669328
0 0.39938556067588327 0.6846307385229541 0.039938556067588324 0.02528276779773786
0 0.39938556067588327 0.7049234863606121 0.04608294930875576 0.011310711909514305
0 0.4731182795698925 0.6842980705256154 0.039938556067588324 0.0166333998669328
0 0.48540706605222733 0.7135728542914171 0.027649769585253454 0.017964071856287425
0 0.4055299539170507 0.7328675981370593 0.043010752688172046 0.0166333998669328
0 0.49001536098310294 0.7358616101131071 0.04608294930875576 0.015968063872255488
0 0.5030721966205837 0.7594810379241517 0.03533026113671275 0.021956087824351298
0 0.4093701996927803 0.759148369926813 0.026113671274961597 0.0053226879574184965
0 0.41781874039938555 0.7847638057218895 0.043010752688172046 0.0166333998669328
0 0.500768049155146 0.7940785096473719 0.04915514592933948 0.021956087824351298
0 0.43701996927803377 0.8043912175648703 0.026113671274961597 0.018629407850964737
0 0.4485407066052227 0.8300066533599468 0.04608294930875576 0.01929474384564205
0 0.5199692780337941 0.8183632734530938 0.019969278033794162 0.011976047904191617
0 0.5268817204301075 0.8483033932135728 0.03686635944700461 0.017298735861610112
0 0.4646697388632873 0.8576180971390552 0.0445468509984639 0.018629407850964737
0 0.4807987711213518 0.8829008649367931 0.05529953917050691 0.02262142381902861
0 0.5460829493087558 0.8775781769793746 0.0445468509984639 0.01996007984031936
0 0.5599078341013825 0.9015302727877579 0.041474654377880185 0.018629407850964737
0 0.48847926267281105 0.9035262807717898 0.039938556067588324 0.010645375914836993
0 0.49001536098310294 0.9328010645375915 0.03686635944700461 0.010645375914836993
0 0.4969278033794163 0.9481037924151697 0.03533026113671275 0.017298735861610112
0 0.5698924731182796 0.9221556886227545 0.04608294930875576 0.018629407850964737
0 0.5775729646697388 0.9494344644045243 0.04915514592933948 0.02528276779773786
0 0.8248847926267281 0.9201596806387226 0.03686635944700461 0.017298735861610112
0 0.8924731182795699 0.9181636726546907 0.03686635944700461 0.015968063872255488
0 0.8870967741935484 0.8995342648037259 0.047619047619047616 0.01996007984031936
0 0.8087557603686636 0.8958749168330007 0.047619047619047616 0.01929474384564205
0 0.868663594470046 0.8792415169660679 0.03840245775729647 0.011310711909514305
0 0.7910906298003072 0.8659347970725216 0.05837173579109063 0.0166333998669328
0 0.84715821812596 0.83166999334664 0.041474654377880185 0.014637391882900865
0 0.7841781874039938 0.8117099135063207 0.047619047619047616 0.02262142381902861
0 0.8379416282642089 0.8050565535595476 0.03225806451612903 0.015968063872255488
0 0.8233486943164362 0.7857618097139055 0.030721966205837174 0.014637391882900865
0 0.7619047619047619 0.7777777777777778 0.03379416282642089 0.017298735861610112
0 0.7357910906298003 0.7578176979374585 0.021505376344086023 0.010645375914836993
0 0.7626728110599078 0.7524950099800399 0.026113671274961597 0.013306719893546242
0 0.8202764976958525 0.7571523619427811 0.027649769585253454 0.015968063872255488
0 0.8210445468509985 0.7348636061210911 0.03225806451612903 0.0166333998669328
0 0.738863287250384 0.7218895542248835 0.04608294930875576 0.018629407850964737
0 0.8018433179723502 0.7112441783100466 0.03379416282642089 0.014637391882900865
0 0.7319508448540707 0.6946107784431138 0.029185867895545316 0.01996007984031936
0 0.793394777265745 0.6836327345309381 0.0445468509984639 0.021956087824351298
0 0.7273425499231951 0.6699933466400533 0.05069124423963134 0.018629407850964737
0 0.7219662058371735 0.6433799068529608 0.039938556067588324 0.015968063872255488
0 0.7665130568356375 0.6360612109115104 0.039938556067588324 0.017298735861610112
0 0.6996927803379416 0.6127744510978044 0.047619047619047616 0.026613439787092484
0 0.7626728110599078 0.6057884231536926 0.03533026113671275 0.020625415834996674
0 0.7488479262672811 0.5878243512974052 0.053763440860215055 0.01264138389886893
0 0.685099846390169 0.5821689953426481 0.05529953917050691 0.014637391882900865
0 0.6559139784946236 0.5552228875582169 0.04608294930875576 0.017964071856287425
0 0.7488479262672811 0.5588822355289421 0.041474654377880185 0.018629407850964737
0 0.7403993855606759 0.5379241516966068 0.03686635944700461 0.01929474384564205
0 0.7196620583717358 0.5159680638722555 0.03533026113671275 0.015302727877578177
0 0.6474654377880185 0.521290751829674 0.059907834101382486 0.01929474384564205
0 0.6298003072196621 0.4916833000665336 0.05529953917050691 0.017298735861610112
0 0.7050691244239631 0.48369926813040587 0.04915514592933948 0.023952095808383235
0 0.6428571428571429 0.46506986027944114 0.05683563748079877 0.021290751829673986
0 0.705837173579109 0.4554224883566201 0.041474654377880185 0.0166333998669328
0 0.6881720430107527 0.4288090485695276 0.039938556067588324 0.0166333998669328
0 0.6259600614439325 0.4337990685296075 0.03840245775729647 0.01996007984031936
0 0.6113671274961597 0.4115103127079175 0.06758832565284179 0.017964071856287425
0 0.6866359447004609 0.4031936127744511 0.021505376344086023 0.011976047904191617
0 0.6682027649769585 0.3792415169660679 0.039938556067588324 0.02528276779773786
0 0.5998463901689708 0.3795741849634065 0.0445468509984639 0.013972055888223553
0 0.6474654377880185 0.3509647371922821 0.03225806451612903 0.020625415834996674
0 0.5860215053763441 0.34930139720558884 0.03840245775729647 0.013306719893546242
0 0.5745007680491552 0.3226879574184964 0.05222734254992319 0.02262142381902861
0 0.65284178187404 0.3166999334664005 0.039938556067588324 0.02262142381902861
0 0.5752688172043011 0.2987358616101131 0.041474654377880185 0.018629407850964737
0 0.6474654377880185 0.2857618097139055 0.03533026113671275 0.017964071856287425
0 0.6259600614439325 0.2658017298735862 0.029185867895545316 0.015302727877578177
0 0.553763440860215 0.2648037258815702 0.0445468509984639 0.021290751829673986
0 0.5506912442396313 0.24184963406520293 0.0445468509984639 0.021956087824351298
0 0.6098310291858678 0.2421823020625416 0.030721966205837174 0.015968063872255488
0 0.5952380952380952 0.21124417831004658 0.059907834101382486 0.0166333998669328
0 0.5184331797235023 0.2155688622754491 0.02304147465437788 0.0053226879574184965
0 0.5299539170506913 0.19394544244843648 0.04608294930875576 0.017964071856287425
0 0.5883256528417818 0.18196939454424485 0.03686635944700461 0.01264138389886893
0 0.5791090629800307 0.15768463073852296 0.04608294930875576 0.017298735861610112
0 0.5261136712749616 0.16001330671989356 0.05683563748079877 0.020625415834996674
0 0.5130568356374808 0.13972055888223553 0.06144393241167435 0.017298735861610112
0 0.5645161290322581 0.12974051896207586 0.05069124423963134 0.021290751829673986
0 0.5614439324116743 0.10046573519627412 0.0445468509984639 0.014637391882900865
0 0.4976958525345622 0.1051230871590153 0.06144393241167435 0.01996007984031936
0 0.4823348694316436 0.08383233532934133 0.04608294930875576 0.018629407850964737
0 0.5353302611367128 0.07318695941450433 0.0445468509984639 0.02262142381902861
0 0.532258064516129 0.04856952761144378 0.05069124423963134 0.018629407850964737
0 0.46927803379416283 0.059547571523619426 0.03840245775729647 0.017964071856287425