0 0.34 0.9637931034482758 0.020606060606060607 0.015517241379310345
0 0.28424242424242424 0.9637931034482758 0.025454545454545455 0.015517241379310345
0 0.32606060606060605 0.9344827586206896 0.026666666666666665 0.017241379310344827
0 0.2806060606060606 0.9357758620689655 0.025454545454545455 0.01810344827586207
0 0.2727272727272727 0.9060344827586206 0.026666666666666665 0.020689655172413793
0 0.31393939393939396 0.8952586206896551 0.02909090909090909 0.016379310344827584
0 0.263030303030303 0.8814655172413793 0.02909090909090909 0.021551724137931036
0 0.30484848484848487 0.8543103448275862 0.027878787878787878 0.01896551724137931
0 0.25272727272727274 0.85 0.03515151515151515 0.020689655172413793
0 0.2872727272727273 0.819396551724138 0.02909090909090909 0.02672413793103448
0 0.23393939393939395 0.814655172413793 0.02181818181818182 0.015517241379310345
0 0.2315151515151515 0.781896551724138 0.024242424242424242 0.017241379310344827
0 0.28 0.7836206896551724 0.026666666666666665 0.020689655172413793
0 0.20787878787878789 0.7482758620689655 0.025454545454545455 0.017241379310344827
0 0.20484848484848484 0.7081896551724138 0.03151515151515152 0.01810344827586207
0 0.2636363636363636 0.7107758620689655 0.020606060606060607 0.016379310344827584
0 0.2018181818181818 0.6762931034482759 0.02303030303030303 0.014655172413793103
0 0.24848484848484848 0.6711206896551724 0.019393939393939394 0.01293103448275862
0 0.23636363636363636 0.6362068965517241 0.033939393939393936 0.01896551724137931
0 0.18666666666666668 0.6379310344827586 0.02181818181818182 0.010344827586206896
0 0.1812121212121212 0.603448275862069 0.01575757575757576 0.010344827586206896
0 0.22848484848484849 0.5982758620689655 0.025454545454545455 0.013793103448275862
0 0.1715151515151515 0.5629310344827586 0.030303030303030304 0.017241379310344827
0 0.16303030303030303 0.5275862068965517 0.025454545454545455 0.017241379310344827
0 0.14606060606060606 0.4956896551724138 0.020606060606060607 0.013793103448275862
0 0.19454545454545455 0.48879310344827587 0.01818181818181818 0.013793103448275862
0 0.14484848484848484 0.46379310344827585 0.030303030303030304 0.015517241379310345
0 0.18303030303030304 0.44870689655172413 0.026666666666666665 0.01810344827586207
0 0.13393939393939394 0.42844827586206896 0.02303030303030303 0.015517241379310345
0 0.16242424242424242 0.41724137931034483 0.026666666666666665 0.020689655172413793
0 0.11636363636363636 0.39482758620689656 0.024242424242424242 0.020689655172413793
0 0.15818181818181817 0.3771551724137931 0.025454545454545455 0.01810344827586207
0 0.11636363636363636 0.35474137931034483 0.02909090909090909 0.01810344827586207
0 0.10121212121212121 0.32241379310344825 0.027878787878787878 0.015517241379310345
0 0.1496969696969697 0.33405172413793105 0.025454545454545455 0.01810344827586207
0 0.1393939393939394 0.29310344827586204 0.02181818181818182 0.020689655172413793
0 0.09090909090909091 0.2849137931034483 0.024242424242424242 0.014655172413793103
0 0.1296969696969697 0.25905172413793104 0.024242424242424242 0.009482758620689655
0 0.08545454545454545 0.24741379310344827 0.025454545454545455 0.013793103448275862
0 0.07454545454545454 0.21379310344827585 0.02303030303030303 0.015517241379310345
0 0.11212121212121212 0.21508620689655172 0.030303030303030304 0.01810344827586207
0 0.06060606060606061 0.1646551724137931 0.02181818181818182 0.013793103448275862
0 0.1006060606060606 0.1543103448275862 0.026666666666666665 0.015517241379310345
0 0.2509090909090909 0.11724137931034483 0.024242424242424242 0.020689655172413793
0 0.2993939393939394 0.11594827586206896 0.02909090909090909 0.016379310344827584
0 0.26121212121212123 0.1521551724137931 0.02303030303030303 0.016379310344827584
0 0.3096969696969697 0.14482758620689656 0.025454545454545455 0.020689655172413793
0 0.2690909090909091 0.19224137931034482 0.024242424242424242 0.015517241379310345
0 0.32 0.18318965517241378 0.02181818181818182 0.021551724137931036
0 0.28545454545454546 0.2331896551724138 0.01818181818181818 0.01810344827586207
0 0.32666666666666666 0.22284482758620688 0.02303030303030303 0.01982758620689655
0 0.336969696969697 0.25775862068965516 0.03636363636363636 0.020689655172413793
0 0.3557575757575758 0.30689655172413793 0.030303030303030304 0.015517241379310345
0 0.2927272727272727 0.31939655172413794 0.02303030303030303 0.011206896551724138
0 0.36666666666666664 0.3396551724137931 0.025454545454545455 0.022413793103448276
0 0.3096969696969697 0.36336206896551726 0.025454545454545455 0.01293103448275862
0 0.37696969696969695 0.3754310344827586 0.02909090909090909 0.014655172413793103
0 0.32303030303030306 0.4025862068965517 0.02303030303030303 0.01206896551724138
0 0.3842424242424242 0.41465517241379307 0.02909090909090909 0.017241379310344827
0 0.3375757575757576 0.44310344827586207 0.025454545454545455 0.013793103448275862
0 0.3406060606060606 0.48060344827586204 0.016969696969696968 0.01293103448275862
0 0.40424242424242424 0.4870689655172414 0.030303030303030304 0.013793103448275862
0 0.3424242424242424 0.5146551724137931 0.02303030303030303 0.01206896551724138
0 0.4078787878787879 0.5137931034482759 0.025454545454545455 0.015517241379310345
0 0.3575757575757576 0.5465517241379311 0.024242424242424242 0.01206896551724138
0 0.41878787878787876 0.5577586206896552 0.03272727272727273 0.017241379310344827
0 0.37696969696969695 0.5793103448275863 0.02181818181818182 0.01206896551724138
0 0.43272727272727274 0.5969827586206896 0.02909090909090909 0.016379310344827584
0 0.38181818181818183 0.6125 0.019393939393939394 0.014655172413793103
0 0.4442424242424242 0.6370689655172413 0.030303030303030304 0.015517241379310345
0 0.39090909090909093 0.6469827586206897 0.020606060606060607 0.009482758620689655
0 0.40484848484848485 0.6801724137931034 0.026666666666666665 0.015517241379310345
0 0.45696969696969697 0.6741379310344827 0.02909090909090909 0.020689655172413793
0 0.40969696969696967 0.721551724137931 0.016969696969696968 0.008620689655172414
0 0.4672727272727273 0.7137931034482758 0.02303030303030303 0.015517241379310345
0 0.4763636363636364 0.7495689655172414 0.02909090909090909 0.01982758620689655
0 0.4193939393939394 0.7504310344827586 0.019393939393939394 0.011206896551724138
0 0.43333333333333335 0.7892241379310345 0.01818181818181818 0.011206896551724138
0 0.48727272727272725 0.7896551724137931 0.02181818181818182 0.01896551724137931
0 0.44303030303030305 0.8297413793103449 0.020606060606060607 0.014655172413793103
0 0.5012121212121212 0.8224137931034483 0.025454545454545455 0.01896551724137931
0 0.5157575757575757 0.8590517241379311 0.030303030303030304 0.01982758620689655
0 0.4575757575757576 0.8629310344827587 0.020606060606060607 0.01206896551724138
0 0.5290909090909091 0.909051724137931 0.030303030303030304 0.01810344827586207
0 0.6951515151515152 0.8823275862068966 0.02303030303030303 0.01293103448275862
0 0.6775757575757576 0.8547413793103448 0.014545454545454545 0.01293103448275862
0 0.7224242424242424 0.8512931034482758 0.016969696969696968 0.01293103448275862
0 0.7054545454545454 0.8202586206896552 0.02909090909090909 0.01810344827586207
0 0.6654545454545454 0.8086206896551724 0.024242424242424242 0.017241379310344827
0 0.6951515151515152 0.7758620689655172 0.027878787878787878 0.020689655172413793
0 0.6539393939393939 0.780603448275862 0.030303030303030304 0.016379310344827584
0 0.6781818181818182 0.7392241379310345 0.030303030303030304 0.016379310344827584
0 0.6363636363636364 0.7310344827586207 0.02909090909090909 0.017241379310344827
0 0.6690909090909091 0.6956896551724138 0.024242424242424242 0.015517241379310345
0 0.6212121212121212 0.6956896551724138 0.01818181818181818 0.013793103448275862
0 0.6248484848484849 0.6650862068965517 0.027878787878787878 0.025
0 0.6575757575757576 0.656896551724138 0.02303030303030303 0.01896551724137931
0 0.6515151515151515 0.6198275862068966 0.02303030303030303 0.01896551724137931
0 0.6133333333333333 0.6228448275862069 0.026666666666666665 0.011206896551724138
0 0.5993939393939394 0.5922413793103448 0.025454545454545455 0.01896551724137931
0 0.6321212121212121 0.5762931034482759 0.025454545454545455 0.01982758620689655
0 0.5975757575757575 0.5491379310344827 0.03151515151515152 0.015517241379310345
0 0.6321212121212121 0.5495689655172413 0.027878787878787878 0.016379310344827584
0 0.6278787878787879 0.5107758620689655 0.03636363636363636 0.01810344827586207
0 0.5878787878787879 0.5120689655172413 0.03151515151515152 0.022413793103448276
0 0.573939393939394 0.48060344827586204 0.03272727272727273 0.01982758620689655
0 0.6206060606060606 0.4831896551724138 0.024242424242424242 0.016379310344827584
0 0.6018181818181818 0.45129310344827583 0.025454545454545455 0.01982758620689655
0 0.5618181818181818 0.44525862068965516 0.027878787878787878 0.01810344827586207
0 0.6060606060606061 0.41336206896551725 0.026666666666666665 0.01810344827586207
0 0.5563636363636364 0.4103448275862069 0.02909090909090909 0.013793103448275862
0 0.5884848484848485 0.38189655172413794 0.025454545454545455 0.01896551724137931
0 0.5442424242424242 0.3728448275862069 0.03151515151515152 0.01810344827586207
0 0.5781818181818181 0.3431034482758621 0.033939393939393936 0.015517241379310345
0 0.5315151515151515 0.3400862068965517 0.03515151515151515 0.016379310344827584
0 0.563030303030303 0.30560344827586206 0.03272727272727273 0.016379310344827584
0 0.5254545454545455 0.296551724137931 0.030303030303030304 0.01896551724137931
0 0.5593939393939394 0.2685344827586207 0.030303030303030304 0.01982758620689655
0 0.5163636363636364 0.26163793103448274 0.026666666666666665 0.01982758620689655
0 0.5436363636363636 0.23405172413793104 0.030303030303030304 0.016379310344827584
0 0.5096969696969696 0.2254310344827586 0.027878787878787878 0.016379310344827584
0 0.536969696969697 0.2025862068965517 0.024242424242424242 0.017241379310344827
0 0.49757575757575756 0.19482758620689655 0.02303030303030303 0.015517241379310345
0 0.5254545454545455 0.16594827586206895 0.027878787878787878 0.014655172413793103
0 0.49393939393939396 0.1586206896551724 0.030303030303030304 0.01896551724137931
0 0.5115151515151515 0.12456896551724138 0.026666666666666665 0.025
0 0.4696969696969697 0.11810344827586207 0.027878787878787878 0.015517241379310345
0 0.4636363636363636 0.07758620689655173 0.02303030303030303 0.017241379310344827
0 0.4987878787878788 0.07887931034482759 0.030303030303030304 0.014655172413793103
0 0.6921212121212121 0.036637931034482756 0.019393939393939394 0.01810344827586207
0 0.656969696969697 0.07413793103448275 0.024242424242424242 0.017241379310344827
0 0.7042424242424242 0.06939655172413793 0.03151515151515152 0.023275862068965515
0 0.6690909090909091 0.10948275862068965 0.02181818181818182 0.017241379310344827
0 0.72 0.10991379310344827 0.024242424242424242 0.025
0 0.723030303030303 0.14870689655172414 0.030303030303030304 0.01982758620689655
0 0.686060606060606 0.15344827586206897 0.024242424242424242 0.01896551724137931
0 0.6884848484848485 0.1961206896551724 0.02909090909090909 0.016379310344827584
0 0.7363636363636363 0.19224137931034482 0.025454545454545455 0.020689655172413793
0 0.7048484848484848 0.23103448275862068 0.02303030303030303 0.020689655172413793
0 0.7442424242424243 0.2336206896551724 0.03151515151515152 0.017241379310344827
0 0.7503030303030302 0.26206896551724135 0.026666666666666665 0.017241379310344827
0 0.7054545454545454 0.2728448275862069 0.026666666666666665 0.016379310344827584
0 0.7193939393939394 0.30086206896551726 0.030303030303030304 0.015517241379310345
0 0.769090909090909 0.2952586206896552 0.030303030303030304 0.01810344827586207
0 0.7696969696969697 0.3271551724137931 0.026666666666666665 0.01982758620689655
0 0.7321212121212122 0.33620689655172414 0.026666666666666665 0.013793103448275862
0 0.74 0.371551724137931 0.025454545454545455 0.015517241379310345
0 0.7818181818181819 0.3706896551724138 0.024242424242424242 0.020689655172413793
0 0.7478787878787879 0.4060344827586207 0.019393939393939394 0.01896551724137931
0 0.7848484848484848 0.40129310344827585 0.030303030303030304 0.023275862068965515
0 0.7557575757575757 0.4396551724137931 0.027878787878787878 0.022413793103448276
0 0.7896969696969697 0.43103448275862066 0.027878787878787878 0.022413793103448276
0 0.7606060606060606 0.4732758620689655 0.027878787878787878 0.022413793103448276
0 0.8042424242424242 0.47672413793103446 0.027878787878787878 0.02586206896551724
0 0.776969696969697 0.5017241379310344 0.024242424242424242 0.015517241379310345
0 0.7812121212121212 0.5336206896551724 0.020606060606060607 0.01896551724137931
0 0.8248484848484848 0.5280172413793104 0.030303030303030304 0.023275862068965515
0 0.7933333333333333 0.5620689655172414 0.030303030303030304 0.022413793103448276
0 0.8357575757575758 0.565948275862069 0.027878787878787878 0.014655172413793103
0 0.8387878787878787 0.5995689655172414 0.03151515151515152 0.01982758620689655
0 0.8096969696969697 0.625 0.026666666666666665 0.01896551724137931
0 0.8466666666666667 0.631896551724138 0.03272727272727273 0.017241379310344827
0 0.8175757575757576 0.6603448275862069 0.030303030303030304 0.017241379310344827
0 0.8587878787878788 0.665948275862069 0.025454545454545455 0.01982758620689655
0 0.8278787878787879 0.6952586206896552 0.024242424242424242 0.01982758620689655
0 0.88 0.6952586206896552 0.02909090909090909 0.01810344827586207
0 0.8375757575757575 0.7258620689655172 0.026666666666666665 0.01896551724137931
0 0.8781818181818182 0.7293103448275862 0.02303030303030303 0.013793103448275862
0 0.88 0.7508620689655172 0.02181818181818182 0.015517241379310345
0 0.8454545454545455 0.7702586206896551 0.027878787878787878 0.021551724137931036
0 0.8872727272727273 0.7754310344827586 0.024242424242424242 0.01982758620689655
0 0.8678787878787879 0.8086206896551724 0.03151515151515152 0.015517241379310345
0 0.9012121212121212 0.8047413793103448 0.025454545454545455 0.01293103448275862
0 0.8733333333333333 0.8491379310344828 0.027878787878787878 0.015517241379310345
0 0.9218181818181819 0.8387931034482758 0.03272727272727273 0.017241379310344827