0 0.3573446327683616 0.04690431519699812 0.08192090395480225 0.020637898686679174
0 0.2288135593220339 0.07833020637898687 0.0847457627118644 0.03283302063789869
0 0.3700564971751412 0.08724202626641651 0.0847457627118644 0.020637898686679174
0 0.3926553672316384 0.11116322701688555 0.05649717514124294 0.025328330206378986
0 0.25 0.11679174484052533 0.07627118644067797 0.02345215759849906
0 0.2570621468926554 0.16088180112570358 0.096045197740113 0.025328330206378986
0 0.4350282485875706 0.15103189493433397 0.06779661016949153 0.024390243902439025
0 0.4364406779661017 0.1801125703564728 0.08757062146892655 0.0300187617260788
0 0.2867231638418079 0.21060037523452158 0.07627118644067797 0.021575984990619138
0 0.4548022598870056 0.22091932457786118 0.0790960451977401 0.02345215759849906
0 0.3206214689265537 0.23874296435272044 0.09887005649717515 0.025328330206378986
0 0.461864406779661 0.25656660412757976 0.07062146892655367 0.029080675422138838
0 0.4858757062146893 0.2903377110694184 0.022598870056497175 0.008442776735459663
0 0.4435028248587571 0.28095684803001875 0.02824858757062147 0.006566604127579737
0 0.3545197740112994 0.3142589118198874 0.06497175141242938 0.020637898686679174
0 0.3502824858757062 0.33677298311444653 0.1016949152542373 0.0150093808630394
0 0.5042372881355932 0.3231707317073171 0.059322033898305086 0.01594746716697936
0 0.403954802259887 0.3592870544090056 0.0790960451977401 0.03377110694183865
0 0.5254237288135594 0.34803001876172607 0.04519774011299435 0.01876172607879925
0 0.5353107344632768 0.38367729831144465 0.0480225988700565 0.01876172607879925
0 0.4336158192090395 0.39352720450281425 0.07062146892655367 0.02345215759849906
0 0.5338983050847458 0.4277673545966229 0.06779661016949153 0.01876172607879925
0 0.4166666666666667 0.43808630393996245 0.07062146892655367 0.028142589118198873
0 0.5790960451977402 0.49390243902439024 0.0790960451977401 0.01594746716697936
0 0.556497175141243 0.4643527204502814 0.07344632768361582 0.03377110694183865
0 0.422316384180791 0.48592870544090055 0.07627118644067797 0.026266416510318948
0 0.4463276836158192 0.5103189493433395 0.03954802259887005 0.0150093808630394
0 0.5988700564971752 0.5281425891181989 0.07344632768361582 0.020637898686679174
0 0.6045197740112994 0.5544090056285178 0.0790960451977401 0.026266416510318948
0 0.4901129943502825 0.5464352720450282 0.08192090395480225 0.021575984990619138
0 0.5112994350282486 0.5844277673545967 0.06214689265536723 0.03189493433395872
0 0.501412429378531 0.6111632270168855 0.08192090395480225 0.025328330206378986
0 0.6257062146892656 0.5891181988742964 0.07627118644067797 0.026266416510318948
0 0.6384180790960452 0.6200750469043151 0.05649717514124294 0.01876172607879925
0 0.538135593220339 0.6566604127579737 0.059322033898305086 0.01876172607879925
0 0.6610169491525424 0.6547842401500938 0.0847457627118644 0.03189493433395872
0 0.7090395480225988 0.6894934333958724 0.07344632768361582 0.028142589118198873
0 0.5649717514124294 0.6838649155722326 0.05649717514124294 0.028142589118198873
0 0.536723163841808 0.7227954971857411 0.096045197740113 0.021575984990619138
0 0.7076271186440678 0.725609756097561 0.09322033898305085 0.019699812382739212
0 0.7019774011299434 0.7575046904315197 0.07627118644067797 0.027204502814258912
0 0.6115819209039548 0.7631332082551595 0.07627118644067797 0.027204502814258912
0 0.6101694915254238 0.7964352720450282 0.0790960451977401 0.0300187617260788
0 0.7429378531073446 0.7940900562851783 0.0847457627118644 0.02345215759849906
0 0.7443502824858758 0.8208255159474672 0.03672316384180791 0.01125703564727955
0 0.6440677966101694 0.824108818011257 0.05084745762711865 0.021575984990619138
0 0.7401129943502824 0.8395872420262664 0.06779661016949153 0.01876172607879925
0 0.6327683615819208 0.8578799249530957 0.0847457627118644 0.03470919324577861
0 0.6454802259887006 0.8907129455909943 0.08192090395480225 0.029080675422138838
0 0.7838983050847458 0.8560037523452158 0.03672316384180791 0.004690431519699813
0 0.7754237288135594 0.8724202626641651 0.06497175141242938 0.01876172607879925
0 0.786723163841808 0.9118198874296435 0.06497175141242938 0.016885553470919325
0 0.653954802259887 0.9272983114446529 0.07627118644067797 0.029080675422138838
0 0.8022598870056498 0.9469981238273921 0.06779661016949153 0.025328330206378986
0 0.6864406779661016 0.9657598499061913 0.06779661016949153 0.025328330206378986