0 0.13675213675213677 0.0446078431372549 0.07407407407407408 0.016666666666666666
0 0.23646723646723647 0.04264705882352941 0.05698005698005698 0.012745098039215686
0 0.16096866096866097 0.07892156862745098 0.05982905982905983 0.016666666666666666
0 0.2492877492877493 0.07794117647058824 0.04843304843304844 0.018627450980392157
0 0.19373219373219375 0.12009803921568628 0.06267806267806268 0.018627450980392157
0 0.21509971509971512 0.16127450980392158 0.05982905982905983 0.022549019607843137
0 0.29914529914529914 0.14362745098039215 0.039886039886039885 0.018627450980392157
0 0.32763532763532766 0.17352941176470588 0.045584045584045586 0.01764705882352941
0 0.2378917378917379 0.19754901960784313 0.07122507122507123 0.012745098039215686
0 0.34472934472934474 0.2019607843137255 0.06837606837606838 0.013725490196078431
0 0.25925925925925924 0.23431372549019608 0.05698005698005698 0.01764705882352941
0 0.3547008547008547 0.23333333333333334 0.04843304843304844 0.023529411764705882
0 0.292022792022792 0.2691176470588235 0.04843304843304844 0.020588235294117647
0 0.32051282051282054 0.31519607843137254 0.04843304843304844 0.012745098039215686
0 0.4102564102564103 0.30245098039215684 0.045584045584045586 0.018627450980392157
0 0.43874643874643876 0.3318627450980392 0.05698005698005698 0.018627450980392157
0 0.33618233618233617 0.3416666666666667 0.05128205128205129 0.022549019607843137
0 0.34615384615384615 0.38431372549019605 0.05982905982905983 0.0196078431372549
0 0.45584045584045585 0.3931372549019608 0.05128205128205129 0.021568627450980392
0 0.3789173789173789 0.4284313725490196 0.05698005698005698 0.01764705882352941
0 0.3888888888888889 0.46568627450980393 0.05413105413105413 0.011764705882352941
0 0.37464387464387466 0.4823529411764706 0.025641025641025644 0.00784313725490196
0 0.4017094017094017 0.49901960784313726 0.06267806267806268 0.0196078431372549
0 0.5014245014245015 0.49313725490196075 0.05128205128205129 0.01764705882352941
0 0.4444444444444445 0.5352941176470588 0.05698005698005698 0.01764705882352941
0 0.51994301994302 0.5245098039215687 0.05982905982905983 0.013725490196078431
0 0.5512820512820513 0.5534313725490196 0.04843304843304844 0.018627450980392157
0 0.4757834757834758 0.5764705882352941 0.05698005698005698 0.013725490196078431
0 0.46011396011396016 0.6112745098039215 0.06552706552706553 0.022549019607843137
0 0.5612535612535613 0.586764705882353 0.05128205128205129 0.018627450980392157
0 0.5968660968660969 0.6480392156862745 0.06552706552706553 0.013725490196078431
0 0.5 0.6955882352941176 0.05982905982905983 0.018627450980392157
0 0.5327635327635328 0.7318627450980392 0.07407407407407408 0.016666666666666666
0 0.6367521367521368 0.7186274509803922 0.05982905982905983 0.01764705882352941
0 0.6524216524216525 0.7480392156862745 0.045584045584045586 0.01764705882352941
0 0.6794871794871795 0.775 0.05982905982905983 0.016666666666666666
0 0.5754985754985755 0.8147058823529412 0.06837606837606838 0.01764705882352941
0 0.6923076923076923 0.8166666666666667 0.05698005698005698 0.01568627450980392
0 0.5925925925925927 0.8450980392156863 0.06267806267806268 0.0196078431372549
0 0.7008547008547009 0.8519607843137255 0.07407407407407408 0.0196078431372549
0 0.6239316239316239 0.8848039215686274 0.07407407407407408 0.014705882352941176
0 0.7037037037037037 0.8916666666666666 0.045584045584045586 0.016666666666666666
0 0.6595441595441596 0.921078431372549 0.03703703703703704 0.010784313725490196
0 0.6638176638176638 0.9514705882352941 0.09116809116809117 0.016666666666666666