0 0.31969157769869516 0.9577345731191884 0.027283511269276396 0.013524936601859678
0 0.31257413997627526 0.9399830938292476 0.024911032028469754 0.015215553677092137
0 0.30308422301304866 0.9087066779374471 0.024911032028469754 0.016906170752324597
0 0.28944246737841045 0.8795435333896872 0.026097271648873075 0.021132713440405747
0 0.27935943060498225 0.8503803888419272 0.024911032028469754 0.015215553677092137
0 0.2829181494661922 0.8220625528317835 0.024911032028469754 0.01775147928994083
0 0.2680901542111507 0.7485207100591715 0.018979833926453145 0.010989010989010988
0 0.20284697508896798 0.721048182586644 0.018979833926453145 0.01014370245139476
0 0.25444839857651247 0.7058326289095519 0.02965599051008304 0.013524936601859678
0 0.20166073546856467 0.6880811496196111 0.02372479240806643 0.006762468300929839
0 0.25207591933570583 0.6758241758241758 0.022538552787663108 0.010989010989010988
0 0.19039145907473312 0.6572273879966187 0.01542111506524318 0.010989010989010988
0 0.2402135231316726 0.6424344885883347 0.027283511269276396 0.016906170752324597
0 0.18268090154211153 0.6238377007607776 0.014234875444839859 0.01014370245139476
0 0.2253855278766311 0.6052409129332206 0.02372479240806643 0.016906170752324597
0 0.17615658362989325 0.5900253592561284 0.017793594306049824 0.011834319526627219
0 0.2147093712930012 0.5769230769230769 0.026097271648873075 0.014370245139475908
0 0.1648873072360617 0.5545224006762468 0.018979833926453145 0.015215553677092137
0 0.21826809015421117 0.540574809805579 0.021352313167259787 0.014370245139475908
0 0.1553973902728351 0.5160608622147084 0.028469750889679717 0.01775147928994083
0 0.20818505338078294 0.5059171597633135 0.024911032028469754 0.016060862214708368
0 0.19691577698695137 0.478021978021978 0.02372479240806643 0.014370245139475908
0 0.14768683274021355 0.4877430262045646 0.024911032028469754 0.02028740490278952
0 0.14116251482799527 0.45773457311918847 0.026097271648873075 0.014370245139475908
0 0.18505338078291816 0.45773457311918847 0.026097271648873075 0.016060862214708368
0 0.1797153024911032 0.4247675401521555 0.024911032028469754 0.016060862214708368
0 0.1316725978647687 0.4213863060016906 0.026097271648873075 0.012679628064243447
0 0.17497034400948994 0.3901098901098901 0.020166073546856466 0.010989010989010988
0 0.15717674970344012 0.35460693153000844 0.022538552787663108 0.012679628064243447
0 0.10794780545670227 0.3486897717666948 0.021352313167259787 0.016060862214708368
0 0.10972716488730724 0.319949281487743 0.024911032028469754 0.014370245139475908
0 0.15658362989323846 0.32121724429416737 0.021352313167259787 0.011834319526627219
0 0.1482799525504152 0.29205409974640745 0.014234875444839859 0.01775147928994083
0 0.09786476868327403 0.28951817413355874 0.027283511269276396 0.01775147928994083
0 0.08956109134045077 0.2696534234995773 0.027283511269276396 0.011834319526627219
0 0.14294187425860025 0.25570583262890956 0.020166073546856466 0.012679628064243447
0 0.08837485172004746 0.25232459847844463 0.024911032028469754 0.010989010989010988
0 0.07591933570581258 0.2265426880811496 0.03084223013048636 0.02028740490278952
0 0.1298932384341637 0.22189349112426035 0.027283511269276396 0.010989010989010988
0 0.06524317912218268 0.19146238377007607 0.028469750889679717 0.016060862214708368
0 0.056939501779359435 0.15765004226542687 0.028469750889679717 0.016060862214708368
0 0.11328588374851721 0.14623837700760778 0.01542111506524318 0.01014370245139476
0 0.24377224199288258 0.1246830092983939 0.027283511269276396 0.016060862214708368
0 0.269276393831554 0.12214708368554522 0.016607354685646503 0.012679628064243447
0 0.300711743772242 0.11707523245984784 0.022538552787663108 0.016060862214708368
0 0.304270462633452 0.14835164835164835 0.022538552787663108 0.014370245139475908
0 0.26037959667852906 0.1559594251901944 0.02965599051008304 0.016060862214708368
0 0.26690391459074736 0.1842772612003381 0.026097271648873075 0.015215553677092137
0 0.31198102016607354 0.18385460693153 0.028469750889679717 0.01775147928994083
0 0.32562277580071175 0.2151310228233305 0.022538552787663108 0.009298393913778529
0 0.2781731909845789 0.22781065088757396 0.02965599051008304 0.016060862214708368
0 0.2858837485172005 0.25316990701606085 0.021352313167259787 0.01775147928994083
0 0.32562277580071175 0.25570583262890956 0.020166073546856466 0.014370245139475908
0 0.30723606168446027 0.29205409974640745 0.021352313167259787 0.012679628064243447
0 0.33629893238434166 0.294167371090448 0.024911032028469754 0.015215553677092137
0 0.31020166073546857 0.32755705832628906 0.027283511269276396 0.022823330515638205
0 0.35587188612099646 0.3229078613693998 0.026097271648873075 0.016906170752324597
0 0.3238434163701068 0.3588334742180896 0.026097271648873075 0.016060862214708368
0 0.3570581257413998 0.3617920540997464 0.026097271648873075 0.016906170752324597
0 0.3238434163701068 0.3930684699915469 0.021352313167259787 0.02028740490278952
0 0.37544483985765126 0.39095519864750633 0.01542111506524318 0.014370245139475908
0 0.3315539739027284 0.4230769230769231 0.024911032028469754 0.014370245139475908
0 0.3790035587188612 0.4251901944209636 0.024911032028469754 0.015215553677092137
0 0.3416370106761566 0.45942519019442096 0.018979833926453145 0.012679628064243447
0 0.3944246737841044 0.45646661031276414 0.013048635824436538 0.011834319526627219
0 0.35172004744958485 0.4868977176669484 0.022538552787663108 0.015215553677092137
0 0.40154211150652436 0.4978867286559594 0.020166073546856466 0.01014370245139476
0 0.3612099644128114 0.5156382079459002 0.027283511269276396 0.013524936601859678
0 0.3647686832740214 0.5528317836010144 0.022538552787663108 0.01014370245139476
0 0.4145907473309609 0.537193575655114 0.022538552787663108 0.014370245139475908
0 0.37544483985765126 0.5798816568047337 0.022538552787663108 0.011834319526627219
0 0.42289442467378413 0.569737954353339 0.022538552787663108 0.015215553677092137
0 0.4341637010676157 0.6060862214708368 0.026097271648873075 0.018596787827557058
0 0.438908659549229 0.6411665257819104 0.02372479240806643 0.019442096365173286
0 0.3902728351126928 0.6487743026204564 0.021352313167259787 0.012679628064243447
0 0.4460260972716489 0.6699070160608622 0.028469750889679717 0.014370245139475908
0 0.4596678529062871 0.6990701606086221 0.020166073546856466 0.015215553677092137
0 0.4650059311981021 0.7358410819949281 0.02372479240806643 0.01775147928994083
0 0.47093712930011866 0.7717666948436179 0.026097271648873075 0.013524936601859678
0 0.4276393831553974 0.7992392223161453 0.020166073546856466 0.010989010989010988
0 0.4816132858837486 0.8072696534234995 0.02372479240806643 0.018596787827557058
0 0.4341637010676157 0.8334742180896026 0.021352313167259787 0.008453085376162298
0 0.48339264531435355 0.8377007607776839 0.022538552787663108 0.013524936601859678
0 0.4916963226571768 0.8786982248520709 0.020166073546856466 0.012679628064243447
0 0.5083036773428233 0.9057480980557903 0.020166073546856466 0.010989010989010988
0 0.5148279952550415 0.9247675401521555 0.018979833926453145 0.01014370245139476
0 0.7117437722419929 0.8770076077768385 0.021352313167259787 0.007607776838546069
0 0.67141162514828 0.8867286559594252 0.021352313167259787 0.011834319526627219
0 0.6601423487544484 0.8554522400676247 0.020166073546856466 0.018596787827557058
0 0.7040332147093713 0.8499577345731192 0.020166073546856466 0.007607776838546069
0 0.6453143534994069 0.8250211327134404 0.014234875444839859 0.011834319526627219
0 0.6880189798339265 0.8186813186813187 0.02372479240806643 0.012679628064243447
0 0.6316725978647687 0.7958579881656804 0.013048635824436538 0.012679628064243447
0 0.6773428232502966 0.7874049027895181 0.018979833926453145 0.016060862214708368
0 0.6263345195729538 0.7599323753169906 0.028469750889679717 0.015215553677092137
0 0.6672597864768683 0.7434488588334742 0.024911032028469754 0.012679628064243447
0 0.6174377224199289 0.7345731191885038 0.017793594306049824 0.01014370245139476
0 0.6500593119810202 0.7197802197802198 0.021352313167259787 0.014370245139475908
0 0.6097271648873073 0.6965342349957734 0.026097271648873075 0.018596787827557058
0 0.6465005931198102 0.6846999154691462 0.028469750889679717 0.015215553677092137
0 0.5978647686832741 0.6635672020287404 0.026097271648873075 0.011834319526627219
0 0.6411625148279954 0.647506339814032 0.024911032028469754 0.011834319526627219
0 0.5865954922894425 0.6306001690617075 0.022538552787663108 0.015215553677092137
0 0.6239620403321471 0.6128486897717667 0.018979833926453145 0.01014370245139476
0 0.5830367734282326 0.5955198647506339 0.022538552787663108 0.010989010989010988
0 0.6180308422301305 0.5676246830092984 0.018979833926453145 0.014370245139475908
0 0.5688018979833926 0.5600169061707523 0.017793594306049824 0.012679628064243447
0 0.6091340450771057 0.5380388841927303 0.017793594306049824 0.014370245139475908
0 0.5581257413997628 0.5236686390532544 0.020166073546856466 0.016060862214708368
0 0.5889679715302492 0.4881656804733728 0.022538552787663108 0.014370245139475908
0 0.5492289442467378 0.48562975486052407 0.018979833926453145 0.014370245139475908
0 0.5794780545670226 0.4590025359256128 0.022538552787663108 0.013524936601859678
0 0.5344009489916963 0.4501267962806424 0.020166073546856466 0.014370245139475908
0 0.5225385527876631 0.4247675401521555 0.024911032028469754 0.016060862214708368
0 0.5705812574139977 0.4213863060016906 0.018979833926453145 0.010989010989010988
0 0.5142348754448399 0.39222316145393066 0.024911032028469754 0.016906170752324597
0 0.5628706998813761 0.393491124260355 0.027283511269276396 0.014370245139475908
0 0.5545670225385528 0.36094674556213013 0.020166073546856466 0.015215553677092137
0 0.5100830367734283 0.3601014370245139 0.014234875444839859 0.01014370245139476
0 0.538552787663108 0.3322062552831783 0.02372479240806643 0.011834319526627219
0 0.4958481613285884 0.3279797125950972 0.02372479240806643 0.015215553677092137
0 0.4816132858837486 0.2962806424344886 0.016607354685646503 0.010989010989010988
0 0.5308422301304864 0.305156382079459 0.022538552787663108 0.015215553677092137
0 0.5266903914590748 0.27218934911242604 0.018979833926453145 0.011834319526627219
0 0.4827995255041519 0.26458157227387996 0.014234875444839859 0.008453085376162298
0 0.5183867141162515 0.25105663567202025 0.016607354685646503 0.016906170752324597
0 0.47271648873072364 0.2320371935756551 0.017793594306049824 0.012679628064243447
0 0.5118623962040333 0.21301775147928992 0.022538552787663108 0.013524936601859678
0 0.4958481613285884 0.17920540997464074 0.028469750889679717 0.015215553677092137
0 0.4519572953736655 0.16737109044801352 0.016607354685646503 0.008453085376162298
0 0.49228944246737844 0.15173288250211325 0.02372479240806643 0.012679628064243447
0 0.4424673784104389 0.1331360946745562 0.021352313167259787 0.012679628064243447
0 0.4816132858837486 0.11411665257819104 0.028469750889679717 0.013524936601859678
0 0.4424673784104389 0.09509721048182586 0.016607354685646503 0.012679628064243447
0 0.47805456702253857 0.08072696534234995 0.018979833926453145 0.016060862214708368
0 0.6376037959667853 0.07438715131022823 0.017793594306049824 0.01014370245139476
0 0.6512455516014235 0.09425190194420963 0.02372479240806643 0.014370245139475908
0 0.6524317912218268 0.1301775147928994 0.021352313167259787 0.015215553677092137
0 0.6820877817319099 0.039729501267962805 0.021352313167259787 0.013524936601859678
0 0.6945432977461448 0.07438715131022823 0.020166073546856466 0.011834319526627219
0 0.6986951364175564 0.0989010989010989 0.02372479240806643 0.015215553677092137
0 0.7016607354685647 0.12679628064243448 0.027283511269276396 0.016906170752324597
0 0.6607354685646502 0.15891800507185122 0.016607354685646503 0.006762468300929839
0 0.7182680901542112 0.15934065934065933 0.027283511269276396 0.012679628064243447
0 0.666073546856465 0.19019442096365172 0.01542111506524318 0.008453085376162298
0 0.7212336892052195 0.1897717666948436 0.026097271648873075 0.012679628064243447
0 0.6773428232502966 0.22400676246830092 0.02372479240806643 0.013524936601859678
0 0.7307236061684461 0.22316145393068468 0.026097271648873075 0.015215553677092137
0 0.7354685646500594 0.2489433643279797 0.018979833926453145 0.010989010989010988
0 0.6897983392645315 0.25063398140321214 0.010676156583629894 0.010989010989010988
0 0.6927639383155398 0.28402366863905326 0.021352313167259787 0.01014370245139476
0 0.7396204033214709 0.28233305156382077 0.022538552787663108 0.013524936601859678
0 0.7010676156583631 0.32121724429416737 0.016607354685646503 0.01014370245139476
0 0.7526690391459075 0.32079459002535926 0.022538552787663108 0.014370245139475908
0 0.7129300118623962 0.356720202874049 0.016607354685646503 0.01014370245139476
0 0.7586002372479241 0.3503803888419273 0.020166073546856466 0.012679628064243447
0 0.7188612099644128 0.38588334742180896 0.018979833926453145 0.012679628064243447
0 0.7686832740213524 0.3820794590025359 0.021352313167259787 0.015215553677092137
0 0.732502965599051 0.42054099746407436 0.017793594306049824 0.012679628064243447
0 0.779952550415184 0.4129332206255283 0.017793594306049824 0.012679628064243447
0 0.7888493475682088 0.4446322907861369 0.02372479240806643 0.011834319526627219
0 0.8030842230130487 0.4784446322907861 0.021352313167259787 0.015215553677092137
0 0.7574139976275208 0.4881656804733728 0.022538552787663108 0.010989010989010988
0 0.8119810201660737 0.5156382079459002 0.020166073546856466 0.015215553677092137
0 0.8196915776986952 0.5456466610312763 0.02372479240806643 0.01775147928994083
0 0.8297746144721234 0.577345731191885 0.024911032028469754 0.013524936601859678
0 0.7829181494661922 0.5862214708368554 0.014234875444839859 0.005917159763313609
0 0.8493475682087782 0.6090448013524936 0.02372479240806643 0.01775147928994083
0 0.84638196915777 0.6424344885883347 0.022538552787663108 0.016906170752324597
0 0.8179122182680902 0.6923076923076923 0.020166073546856466 0.011834319526627219
0 0.8647686832740215 0.6813186813186812 0.021352313167259787 0.011834319526627219
0 0.8256227758007118 0.7240067624683009 0.011862396204033215 0.005917159763313609
0 0.8790035587188613 0.7096365173288249 0.02372479240806643 0.014370245139475908
0 0.83214709371293 0.7447168216398985 0.017793594306049824 0.008453085376162298
0 0.8861209964412812 0.7417582417582417 0.018979833926453145 0.009298393913778529
0 0.9015421115065244 0.7743026204564666 0.021352313167259787 0.015215553677092137
0 0.8493475682087782 0.8030431107354183 0.014234875444839859 0.011834319526627219
0 0.9062870699881377 0.7971259509721048 0.021352313167259787 0.011834319526627219
0 0.9217081850533808 0.8300929839391378 0.02372479240806643 0.01014370245139476
0 0.8612099644128115 0.8415046491969569 0.021352313167259787 0.009298393913778529