0 0.15076923076923077 0.04232283464566929 0.043076923076923075 0.015748031496062992
0 0.30153846153846153 0.03395669291338583 0.06153846153846154 0.014763779527559055
0 0.3261538461538461 0.06840551181102363 0.055384615384615386 0.014763779527559055
0 0.19076923076923077 0.08956692913385826 0.043076923076923075 0.007874015748031496
0 0.2076923076923077 0.12549212598425197 0.05846153846153846 0.014763779527559055
0 0.3153846153846154 0.11269685039370078 0.07076923076923076 0.018700787401574805
0 0.3507692307692308 0.13828740157480315 0.055384615384615386 0.010826771653543307
0 0.23076923076923078 0.16141732283464566 0.04923076923076923 0.011811023622047244
0 0.34307692307692306 0.1732283464566929 0.052307692307692305 0.015748031496062992
0 0.24 0.20078740157480315 0.043076923076923075 0.013779527559055118
0 0.36923076923076925 0.2155511811023622 0.06153846153846154 0.01968503937007874
0 0.26615384615384613 0.2470472440944882 0.052307692307692305 0.015748031496062992
0 0.36 0.26131889763779526 0.055384615384615386 0.014763779527559055
0 0.2815384615384615 0.2859251968503937 0.04 0.014763779527559055
0 0.4169230769230769 0.29576771653543305 0.05846153846153846 0.012795275590551181
0 0.3230769230769231 0.32677165354330706 0.06153846153846154 0.017716535433070866
0 0.44 0.33513779527559057 0.06769230769230769 0.018700787401574805
0 0.3553846153846154 0.3602362204724409 0.06461538461538462 0.013779527559055118
0 0.4969230769230769 0.37746062992125984 0.05846153846153846 0.018700787401574805
0 0.36923076923076925 0.4074803149606299 0.055384615384615386 0.017716535433070866
0 0.4938461538461538 0.41486220472440943 0.07076923076923076 0.022637795275590553
0 0.40307692307692305 0.4340551181102362 0.055384615384615386 0.013779527559055118
0 0.40923076923076923 0.4744094488188976 0.043076923076923075 0.015748031496062992
0 0.5476923076923077 0.45915354330708663 0.06769230769230769 0.022637795275590553
0 0.5507692307692308 0.4985236220472441 0.08 0.018700787401574805
0 0.4246153846153846 0.5118110236220472 0.04923076923076923 0.007874015748031496
0 0.4492307692307692 0.5428149606299213 0.043076923076923075 0.010826771653543307
0 0.5769230769230769 0.530511811023622 0.07076923076923076 0.013779527559055118
0 0.6046153846153847 0.5703740157480315 0.06461538461538462 0.018700787401574805
0 0.4907692307692308 0.5816929133858267 0.046153846153846156 0.011811023622047244
0 0.49846153846153846 0.6181102362204725 0.04923076923076923 0.015748031496062992
0 0.6138461538461538 0.6077755905511811 0.06461538461538462 0.012795275590551181
0 0.5184615384615384 0.6569881889763779 0.046153846153846156 0.010826771653543307
0 0.64 0.6500984251968503 0.06769230769230769 0.024606299212598423
0 0.5415384615384615 0.6929133858267716 0.03692307692307692 0.011811023622047244
0 0.6707692307692308 0.6884842519685039 0.055384615384615386 0.014763779527559055
0 0.6938461538461539 0.7253937007874016 0.052307692307692305 0.015748031496062992
0 0.6061538461538462 0.7687007874015748 0.04923076923076923 0.013779527559055118
0 0.7046153846153846 0.7632874015748031 0.055384615384615386 0.010826771653543307
0 0.7246153846153847 0.7997047244094488 0.05846153846153846 0.018700787401574805
0 0.7553846153846154 0.8356299212598425 0.05846153846153846 0.017716535433070866
0 0.683076923076923 0.8789370078740157 0.03692307692307692 0.011811023622047244
0 0.7784615384615384 0.875492125984252 0.06769230769230769 0.018700787401574805
0 0.816923076923077 0.9212598425196851 0.06461538461538462 0.017716535433070866
0 0.7261538461538461 0.9635826771653543 0.055384615384615386 0.011811023622047244
0 0.8307692307692308 0.9576771653543307 0.06153846153846154 0.015748031496062992