0 0.208955223880597 0.05140845070422535 0.11194029850746269 0.04084507042253521
0 0.43656716417910446 0.04647887323943662 0.07462686567164178 0.02535211267605634
0 0.2462686567164179 0.10070422535211268 0.11194029850746269 0.03802816901408451
0 0.47201492537313433 0.12816901408450704 0.11567164179104478 0.036619718309859155
0 0.251865671641791 0.16126760563380282 0.11567164179104478 0.04366197183098592
0 0.4458955223880597 0.1915492957746479 0.12313432835820895 0.03943661971830986
0 0.3246268656716418 0.22535211267605634 0.07462686567164178 0.030985915492957747
0 0.5 0.24366197183098592 0.1044776119402985 0.04507042253521127
0 0.291044776119403 0.2908450704225352 0.08208955223880597 0.03802816901408451
0 0.5261194029850746 0.3119718309859155 0.08208955223880597 0.02112676056338028
0 0.35261194029850745 0.35845070422535213 0.10074626865671642 0.026760563380281693
0 0.5410447761194029 0.3647887323943662 0.1044776119402985 0.036619718309859155
0 0.5746268656716418 0.41338028169014085 0.09701492537313433 0.04929577464788733
0 0.34701492537313433 0.42323943661971836 0.11940298507462686 0.04929577464788733
0 0.4421641791044776 0.4859154929577465 0.08582089552238806 0.030985915492957747
0 0.5914179104477612 0.4866197183098592 0.11567164179104478 0.026760563380281693
0 0.43843283582089554 0.5366197183098592 0.12313432835820895 0.036619718309859155
0 0.6567164179104478 0.5352112676056339 0.09701492537313433 0.036619718309859155
0 0.6585820895522388 0.5936619718309859 0.12313432835820895 0.02394366197183099
0 0.43283582089552236 0.5985915492957746 0.09701492537313433 0.033802816901408454
0 0.5 0.6619718309859155 0.11194029850746269 0.053521126760563385
0 0.7126865671641791 0.6464788732394366 0.09701492537313433 0.03943661971830986
0 0.7033582089552238 0.7014084507042254 0.10820895522388059 0.036619718309859155
0 0.5298507462686567 0.7232394366197183 0.08208955223880597 0.018309859154929577
0 0.5279850746268656 0.7838028169014085 0.10820895522388059 0.04366197183098592
0 0.5727611940298507 0.8352112676056338 0.10074626865671642 0.04225352112676056
0 0.7611940298507462 0.8211267605633803 0.1044776119402985 0.04788732394366198
0 0.7910447761194029 0.8760563380281691 0.06716417910447761 0.022535211267605635
0 0.5895522388059702 0.897887323943662 0.11194029850746269 0.04366197183098592
0 0.6082089552238806 0.945774647887324 0.08955223880597014 0.04366197183098592
0 0.8059701492537313 0.9197183098591549 0.07462686567164178 0.030985915492957747