0 0.18220338983050846 0.04174852652259332 0.059322033898305086 0.012770137524557955
0 0.3121468926553672 0.05992141453831041 0.07062146892655367 0.015717092337917484
0 0.21468926553672316 0.07612966601178782 0.05084745762711865 0.010805500982318271
0 0.2330508474576271 0.12524557956777996 0.07062146892655367 0.012770137524557955
0 0.3333333333333333 0.12426326129666011 0.03954802259887005 0.016699410609037325
0 0.268361581920904 0.16502946954813358 0.04519774011299435 0.015717092337917484
0 0.365819209039548 0.16601178781925344 0.03672316384180791 0.013752455795677798
0 0.2740112994350282 0.1930255402750491 0.07344632768361582 0.016699410609037325
0 0.2980225988700565 0.22642436149312375 0.07062146892655367 0.01866404715127701
0 0.4152542372881356 0.262278978388998 0.0790960451977401 0.019646365422396856
0 0.3333333333333333 0.2922396856581532 0.05084745762711865 0.010805500982318271
0 0.423728813559322 0.29322200392927306 0.05084745762711865 0.014734774066797641
0 0.346045197740113 0.3261296660117878 0.07062146892655367 0.015717092337917484
0 0.4604519774011299 0.33398821218074654 0.05649717514124294 0.01768172888015717
0 0.3813559322033898 0.35805500982318267 0.06214689265536723 0.01866404715127701
0 0.3912429378531073 0.39587426326129665 0.0423728813559322 0.019646365422396856
0 0.4830508474576271 0.37082514734774064 0.05084745762711865 0.014734774066797641
0 0.5268361581920904 0.41208251473477403 0.0480225988700565 0.014734774066797641
0 0.4053672316384181 0.42779960707269155 0.059322033898305086 0.016699410609037325
0 0.4364406779661017 0.4666011787819253 0.05367231638418079 0.01768172888015717
0 0.423728813559322 0.5029469548133595 0.05084745762711865 0.015717092337917484
0 0.5720338983050848 0.5279960707269155 0.05367231638418079 0.01866404715127701
0 0.4576271186440678 0.543713163064833 0.05084745762711865 0.01866404715127701
0 0.4774011299435028 0.5672888015717092 0.07344632768361582 0.01866404715127701
0 0.5875706214689266 0.5663064833005893 0.05649717514124294 0.016699410609037325
0 0.4929378531073446 0.6051080550098231 0.0480225988700565 0.015717092337917484
0 0.5875706214689266 0.6075638506876228 0.04519774011299435 0.014734774066797641
0 0.5155367231638418 0.6399803536345775 0.06497175141242938 0.016699410609037325
0 0.538135593220339 0.711689587426326 0.05367231638418079 0.01866404715127701
0 0.6497175141242938 0.6900785854616895 0.05649717514124294 0.012770137524557955
0 0.6836158192090396 0.7239685658153241 0.06214689265536723 0.023575638506876224
0 0.577683615819209 0.7431237721021611 0.0480225988700565 0.014734774066797641
0 0.5932203389830508 0.774557956777996 0.05649717514124294 0.016699410609037325
0 0.7146892655367232 0.7622789783889979 0.07344632768361582 0.021611001964636542
0 0.6045197740112994 0.8167976424361493 0.05084745762711865 0.014734774066797641
0 0.7669491525423728 0.8438113948919449 0.07627118644067797 0.01768172888015717
0 0.6186440677966102 0.8546168958742631 0.04519774011299435 0.011787819253438112
0 0.806497175141243 0.8860510805500982 0.06497175141242938 0.023575638506876224
0 0.673728813559322 0.9297642436149312 0.06497175141242938 0.012770137524557955
0 0.844632768361582 0.9214145383104125 0.05084745762711865 0.013752455795677798
0 0.8502824858757062 0.9548133595284871 0.05084745762711865 0.013752455795677798
0 0.71045197740113 0.9607072691552062 0.05367231638418079 0.01768172888015717