0 0.2965116279069767 0.9585470085470086 0.02558139534883721 0.017948717948717947
0 0.35 0.947008547008547 0.009302325581395349 0.008547008547008548
0 0.33488372093023255 0.908974358974359 0.020930232558139535 0.01282051282051282
0 0.28604651162790695 0.9243589743589744 0.02558139534883721 0.01452991452991453
0 0.27674418604651163 0.8833333333333333 0.023255813953488372 0.01452991452991453
0 0.3209302325581395 0.8739316239316239 0.013953488372093023 0.007692307692307693
0 0.261046511627907 0.852991452991453 0.02441860465116279 0.015384615384615385
0 0.311046511627907 0.8401709401709402 0.012790697674418604 0.008547008547008548
0 0.25290697674418605 0.8179487179487179 0.02441860465116279 0.011965811965811965
0 0.24709302325581395 0.7794871794871795 0.02441860465116279 0.017094017094017096
0 0.2895348837209302 0.7653846153846153 0.02558139534883721 0.01452991452991453
0 0.23546511627906977 0.7444444444444445 0.02441860465116279 0.015384615384615385
0 0.2302325581395349 0.7128205128205128 0.027906976744186046 0.015384615384615385
0 0.2116279069767442 0.6816239316239316 0.023255813953488372 0.01623931623931624
0 0.20755813953488372 0.6487179487179487 0.015116279069767442 0.010256410256410256
0 0.24302325581395348 0.582905982905983 0.020930232558139535 0.015384615384615385
0 0.18895348837209303 0.5794871794871795 0.022093023255813953 0.017094017094017096
0 0.175 0.5452991452991452 0.02441860465116279 0.020512820512820513
0 0.22151162790697673 0.5098290598290598 0.01744186046511628 0.011111111111111112
0 0.1680232558139535 0.5094017094017094 0.019767441860465116 0.013675213675213675
0 0.16569767441860464 0.47435897435897434 0.026744186046511628 0.017094017094017096
0 0.15406976744186046 0.444017094017094 0.01744186046511628 0.01282051282051282
0 0.1936046511627907 0.4017094017094017 0.01744186046511628 0.010256410256410256
0 0.14767441860465116 0.4115384615384615 0.020930232558139535 0.01623931623931624
0 0.13372093023255813 0.3747863247863248 0.023255813953488372 0.01623931623931624
0 0.1308139534883721 0.3452991452991453 0.015116279069767442 0.013675213675213675
0 0.17151162790697674 0.3277777777777778 0.019767441860465116 0.011111111111111112
0 0.12732558139534883 0.31666666666666665 0.019767441860465116 0.01623931623931624
0 0.12034883720930233 0.28547008547008546 0.026744186046511628 0.015384615384615385
0 0.17093023255813952 0.288034188034188 0.011627906976744186 0.010256410256410256
0 0.11744186046511627 0.2568376068376068 0.020930232558139535 0.017948717948717947
0 0.10406976744186046 0.22777777777777777 0.01744186046511628 0.01623931623931624
0 0.10348837209302325 0.19957264957264959 0.023255813953488372 0.017948717948717947
0 0.13953488372093023 0.19145299145299144 0.01627906976744186 0.013675213675213675
0 0.0877906976744186 0.15598290598290598 0.022093023255813953 0.01623931623931624
0 0.12209302325581395 0.1358974358974359 0.011627906976744186 0.006837606837606838
0 0.2761627906976744 0.12307692307692308 0.01744186046511628 0.013675213675213675
0 0.3313953488372093 0.11367521367521367 0.020930232558139535 0.013675213675213675
0 0.29709302325581394 0.152991452991453 0.02441860465116279 0.011965811965811965
0 0.34593023255813954 0.14914529914529914 0.022093023255813953 0.019658119658119658
0 0.3523255813953488 0.17777777777777778 0.023255813953488372 0.017094017094017096
0 0.3017441860465116 0.18247863247863247 0.01744186046511628 0.01282051282051282
0 0.3127906976744186 0.2141025641025641 0.023255813953488372 0.01282051282051282
0 0.3569767441860465 0.21666666666666667 0.023255813953488372 0.017948717948717947
0 0.3308139534883721 0.24914529914529915 0.019767441860465116 0.01452991452991453
0 0.33662790697674416 0.2760683760683761 0.022093023255813953 0.013675213675213675
0 0.3447674418604651 0.30683760683760686 0.019767441860465116 0.013675213675213675
0 0.39069767441860465 0.32008547008547006 0.018604651162790697 0.01623931623931624
0 0.39709302325581397 0.34615384615384615 0.02441860465116279 0.013675213675213675
0 0.3691860465116279 0.4252136752136752 0.012790697674418604 0.007692307692307693
0 0.42209302325581394 0.4423076923076923 0.023255813953488372 0.011111111111111112
0 0.3709302325581395 0.46324786324786327 0.011627906976744186 0.010256410256410256
0 0.42848837209302326 0.46923076923076923 0.022093023255813953 0.013675213675213675
0 0.3901162790697674 0.5017094017094017 0.02441860465116279 0.015384615384615385
0 0.4366279069767442 0.505982905982906 0.02441860465116279 0.017094017094017096
0 0.44709302325581396 0.5384615384615384 0.01744186046511628 0.010256410256410256
0 0.39244186046511625 0.5423076923076923 0.015116279069767442 0.01452991452991453
0 0.44476744186046513 0.5722222222222222 0.022093023255813953 0.01282051282051282
0 0.39825581395348836 0.5811965811965812 0.010465116279069767 0.005128205128205128
0 0.4081395348837209 0.6089743589743589 0.01627906976744186 0.01282051282051282
0 0.45465116279069767 0.6059829059829059 0.020930232558139535 0.015384615384615385
0 0.4662790697674419 0.638034188034188 0.01627906976744186 0.01623931623931624
0 0.41860465116279066 0.6487179487179487 0.020930232558139535 0.013675213675213675
0 0.4738372093023256 0.673931623931624 0.01744186046511628 0.01282051282051282
0 0.42848837209302326 0.6829059829059829 0.01744186046511628 0.008547008547008548
0 0.4313953488372093 0.7111111111111111 0.020930232558139535 0.013675213675213675
0 0.47848837209302325 0.7047008547008548 0.012790697674418604 0.0059829059829059825
0 0.49534883720930234 0.7337606837606837 0.02558139534883721 0.01623931623931624
0 0.44127906976744186 0.752991452991453 0.019767441860465116 0.013675213675213675
0 0.4959302325581395 0.7658119658119658 0.02441860465116279 0.017094017094017096
0 0.5133720930232558 0.8209401709401709 0.022093023255813953 0.017948717948717947
0 0.5267441860465116 0.8457264957264957 0.023255813953488372 0.01452991452991453
0 0.5395348837209302 0.8952991452991453 0.020930232558139535 0.01282051282051282
0 0.49709302325581395 0.9205128205128205 0.015116279069767442 0.010256410256410256
0 0.7308139534883721 0.8683760683760684 0.022093023255813953 0.017094017094017096
0 0.6767441860465117 0.8452991452991453 0.020930232558139535 0.015384615384615385
0 0.7191860465116279 0.8320512820512821 0.029069767441860465 0.017948717948717947
0 0.6691860465116279 0.811965811965812 0.019767441860465116 0.013675213675213675
0 0.7034883720930233 0.7944444444444444 0.023255813953488372 0.01452991452991453
0 0.6616279069767442 0.7760683760683761 0.020930232558139535 0.011965811965811965
0 0.6930232558139535 0.755982905982906 0.020930232558139535 0.017948717948717947
0 0.6843023255813954 0.7213675213675214 0.019767441860465116 0.013675213675213675
0 0.6401162790697674 0.7072649572649573 0.01744186046511628 0.011111111111111112
0 0.6273255813953488 0.6709401709401709 0.015116279069767442 0.006837606837606838
0 0.677906976744186 0.688034188034188 0.009302325581395349 0.008547008547008548
0 0.6622093023255814 0.6542735042735043 0.02441860465116279 0.01452991452991453
0 0.6180232558139535 0.6363247863247863 0.01744186046511628 0.009401709401709401
0 0.6093023255813953 0.6111111111111112 0.011627906976744186 0.006837606837606838
0 0.647093023255814 0.5837606837606838 0.01744186046511628 0.015384615384615385
0 0.5906976744186047 0.5431623931623931 0.018604651162790697 0.01452991452991453
0 0.5819767441860465 0.5153846153846153 0.01744186046511628 0.008547008547008548
0 0.5761627906976744 0.48333333333333334 0.02441860465116279 0.01623931623931624
0 0.6127906976744186 0.4735042735042735 0.01627906976744186 0.013675213675213675
0 0.5686046511627907 0.4512820512820513 0.020930232558139535 0.010256410256410256
0 0.6040697674418605 0.43333333333333335 0.02441860465116279 0.018803418803418803
0 0.5569767441860465 0.4217948717948718 0.009302325581395349 0.009401709401709401
0 0.5895348837209302 0.40213675213675215 0.020930232558139535 0.01623931623931624
0 0.5476744186046512 0.3871794871794872 0.018604651162790697 0.008547008547008548
0 0.5784883720930233 0.3628205128205128 0.02441860465116279 0.017948717948717947
0 0.5354651162790698 0.3235042735042735 0.026744186046511628 0.01452991452991453
0 0.5581395348837209 0.30128205128205127 0.020930232558139535 0.01452991452991453
0 0.5505813953488372 0.261965811965812 0.022093023255813953 0.01452991452991453
0 0.5052325581395348 0.23162393162393163 0.01744186046511628 0.010256410256410256
0 0.5517441860465117 0.2222222222222222 0.022093023255813953 0.017094017094017096
0 0.5343023255813953 0.19444444444444445 0.026744186046511628 0.01282051282051282
0 0.4965116279069767 0.1952991452991453 0.020930232558139535 0.009401709401709401
0 0.4906976744186046 0.15512820512820513 0.020930232558139535 0.01282051282051282
0 0.5255813953488372 0.1594017094017094 0.030232558139534883 0.01452991452991453
0 0.5180232558139535 0.1294871794871795 0.026744186046511628 0.01452991452991453
0 0.4819767441860465 0.12735042735042734 0.012790697674418604 0.006837606837606838
0 0.5069767441860465 0.09871794871794871 0.03255813953488372 0.01623931623931624
0 0.4662790697674419 0.08846153846153847 0.018604651162790697 0.01623931623931624
0 0.4936046511627907 0.07008547008547009 0.02441860465116279 0.022222222222222223
0 0.6529069767441861 0.052564102564102565 0.01744186046511628 0.011111111111111112
0 0.6976744186046512 0.03803418803418803 0.02558139534883721 0.019658119658119658
0 0.708139534883721 0.06709401709401709 0.030232558139534883 0.01282051282051282
0 0.7156976744186047 0.10598290598290598 0.029069767441860465 0.017094017094017096
0 0.7261627906976744 0.14017094017094017 0.026744186046511628 0.020512820512820513
0 0.738953488372093 0.17692307692307693 0.015116279069767442 0.010256410256410256
0 0.7063953488372093 0.19572649572649573 0.022093023255813953 0.013675213675213675
0 0.7459302325581395 0.2123931623931624 0.022093023255813953 0.01452991452991453
0 0.7133720930232558 0.22735042735042735 0.01744186046511628 0.010256410256410256
0 0.7558139534883721 0.23931623931623933 0.020930232558139535 0.013675213675213675
0 0.7191860465116279 0.2670940170940171 0.022093023255813953 0.01452991452991453
0 0.7645348837209303 0.27393162393162396 0.022093023255813953 0.011111111111111112
0 0.7284883720930232 0.2948717948717949 0.019767441860465116 0.017094017094017096
0 0.7337209302325581 0.32564102564102565 0.018604651162790697 0.011965811965811965
0 0.7813953488372093 0.33760683760683763 0.020930232558139535 0.010256410256410256
0 0.7465116279069768 0.3598290598290598 0.018604651162790697 0.011965811965811965
0 0.7947674418604651 0.3747863247863248 0.019767441860465116 0.01623931623931624
0 0.8005813953488372 0.41239316239316237 0.022093023255813953 0.01623931623931624
0 0.7680232558139535 0.42735042735042733 0.019767441860465116 0.018803418803418803
0 0.8093023255813954 0.4427350427350427 0.020930232558139535 0.013675213675213675
0 0.7755813953488372 0.46324786324786327 0.020930232558139535 0.015384615384615385
0 0.7796511627906977 0.4948717948717949 0.022093023255813953 0.017094017094017096
0 0.8174418604651162 0.4807692307692308 0.020930232558139535 0.01452991452991453
0 0.8302325581395349 0.517948717948718 0.023255813953488372 0.017094017094017096
0 0.8412790697674418 0.5482905982905983 0.02441860465116279 0.01452991452991453
0 0.7976744186046512 0.5576923076923077 0.02558139534883721 0.01282051282051282
0 0.8406976744186047 0.5871794871794872 0.01627906976744186 0.010256410256410256
0 0.8180232558139535 0.6192307692307693 0.022093023255813953 0.009401709401709401
0 0.8616279069767442 0.6183760683760684 0.01627906976744186 0.01282051282051282
0 0.8290697674418605 0.655982905982906 0.020930232558139535 0.01623931623931624
0 0.866860465116279 0.6525641025641026 0.022093023255813953 0.01452991452991453
0 0.8308139534883721 0.6863247863247863 0.02441860465116279 0.015384615384615385
0 0.8732558139534884 0.6893162393162393 0.020930232558139535 0.011111111111111112
0 0.8383720930232558 0.7299145299145299 0.023255813953488372 0.011965811965811965
0 0.8872093023255814 0.7277777777777777 0.01627906976744186 0.01452991452991453
0 0.8563953488372092 0.7585470085470085 0.019767441860465116 0.01282051282051282
0 0.8924418604651163 0.7576923076923077 0.02441860465116279 0.01452991452991453
0 0.9052325581395348 0.782051282051282 0.022093023255813953 0.017094017094017096
0 0.8732558139534884 0.7957264957264957 0.023255813953488372 0.015384615384615385
0 0.8825581395348837 0.8358974358974359 0.02558139534883721 0.015384615384615385
0 0.9215116279069767 0.8333333333333334 0.019767441860465116 0.013675213675213675