0 0.36615384615384616 0.0515832482124617 0.08615384615384615 0.02349336057201226
0 0.22 0.07099080694586313 0.11384615384615385 0.031664964249233915
0 0.24307692307692308 0.11133810010214505 0.09230769230769231 0.04085801838610827
0 0.42153846153846153 0.10265577119509704 0.09230769230769231 0.021450459652706845
0 0.43846153846153846 0.14198161389172625 0.08923076923076922 0.03677221654749745
0 0.2569230769230769 0.15628192032686417 0.08923076923076922 0.03677221654749745
0 0.28923076923076924 0.1940755873340143 0.09230769230769231 0.030643513789581207
0 0.28307692307692306 0.22625127681307458 0.09846153846153846 0.0296220633299285
0 0.42923076923076925 0.19152196118488254 0.1076923076923077 0.03779366700715015
0 0.44461538461538463 0.24157303370786518 0.09538461538461539 0.027579162410623085
0 0.32 0.26506639427987744 0.09230769230769231 0.03779366700715015
0 0.34 0.30030643513789584 0.1076923076923077 0.028600612870275793
0 0.4584615384615385 0.27068437180796734 0.09230769230769231 0.028600612870275793
0 0.4846153846153846 0.2997957099080695 0.08923076923076922 0.021450459652706845
0 0.5061538461538462 0.3299284984678243 0.07076923076923076 0.03472931562819204
0 0.48307692307692307 0.35444330949948927 0.06153846153846154 0.01634320735444331
0 0.3769230769230769 0.3488253319713994 0.09538461538461539 0.0296220633299285
0 0.3953846153846154 0.39070480081716036 0.08307692307692308 0.03575076608784474
0 0.5076923076923077 0.39070480081716036 0.06769230769230769 0.021450459652706845
0 0.5507692307692308 0.4254341164453524 0.08615384615384615 0.031664964249233915
0 0.4246153846153846 0.42594484167517876 0.08 0.02655771195097038
0 0.4461538461538462 0.4693564862104188 0.08 0.0296220633299285
0 0.58 0.47701736465781414 0.06461538461538462 0.02247191011235955
0 0.4492307692307692 0.5030643513789581 0.09230769230769231 0.0296220633299285
0 0.5769230769230769 0.524514811031665 0.12615384615384614 0.027579162410623085
0 0.46923076923076923 0.5454545454545455 0.08923076923076922 0.030643513789581207
0 0.4876923076923077 0.5873340143003064 0.08307692307692308 0.024514811031664967
0 0.6138461538461538 0.5796731358529111 0.10153846153846154 0.031664964249233915
0 0.6215384615384615 0.6174668028600613 0.04923076923076923 0.021450459652706845
0 0.5276923076923077 0.6353421859039837 0.07076923076923076 0.018386108273748723
0 0.5415384615384615 0.6695607763023493 0.07384615384615384 0.021450459652706845
0 0.6892307692307692 0.6685393258426966 0.06769230769230769 0.02553626149131767
0 0.683076923076923 0.7145045965270684 0.055384615384615386 0.02349336057201226
0 0.5646153846153846 0.7175689479060265 0.10153846153846154 0.02553626149131767
0 0.5784615384615385 0.752808988764045 0.08 0.02655771195097038
0 0.6861538461538461 0.751276813074566 0.08615384615384615 0.02553626149131767
0 0.5876923076923077 0.7885597548518897 0.10461538461538461 0.028600612870275793
0 0.7476923076923077 0.803370786516854 0.09230769230769231 0.02349336057201226
0 0.5969230769230769 0.8329928498467825 0.11076923076923077 0.02553626149131767
0 0.7661538461538462 0.8524004085801838 0.08 0.01940755873340143
0 0.6523076923076923 0.8840653728294178 0.12923076923076923 0.033707865168539325
0 0.7769230769230769 0.8907048008171604 0.08307692307692308 0.03268641470888662
0 0.6569230769230769 0.924923391215526 0.08923076923076922 0.03779366700715015
0 0.6876923076923077 0.9627170582226763 0.09538461538461539 0.027579162410623085
0 0.7953846153846154 0.9346271705822268 0.10153846153846154 0.028600612870275793