0 0.23782234957020057 0.06112334801762115 0.06876790830945559 0.027533039647577095
0 0.3553008595988539 0.06552863436123349 0.05157593123209169 0.020925110132158593
0 0.3939828080229226 0.09306167400881059 0.09455587392550142 0.020925110132158593
0 0.2464183381088825 0.11453744493392072 0.07449856733524356 0.03303964757709251
0 0.26647564469914037 0.14482378854625552 0.06303724928366762 0.02312775330396476
0 0.4183381088825215 0.15418502202643172 0.08022922636103151 0.026431718061674013
0 0.4469914040114613 0.18722466960352424 0.07449856733524356 0.02863436123348018
0 0.2951289398280802 0.18337004405286345 0.07449856733524356 0.03634361233480177
0 0.30659025787965616 0.223568281938326 0.07449856733524356 0.03744493392070485
0 0.4627507163323782 0.23953744493392073 0.08882521489971347 0.027533039647577095
0 0.32664756446991405 0.27092511013215864 0.10888252148997134 0.03303964757709251
0 0.491404011461318 0.28744493392070486 0.07163323782234957 0.02863436123348018
0 0.32521489971346706 0.3193832599118943 0.11174785100286533 0.026431718061674013
0 0.5085959885386819 0.3386563876651983 0.08882521489971347 0.027533039647577095
0 0.3653295128939828 0.3705947136563877 0.1174785100286533 0.029735682819383262
0 0.5429799426934098 0.38711453744493396 0.07736389684813753 0.029735682819383262
0 0.38825214899713467 0.40583700440528636 0.08882521489971347 0.029735682819383262
0 0.5673352435530086 0.433920704845815 0.08022922636103151 0.030837004405286347
0 0.41117478510028654 0.4614537444933921 0.05444126074498567 0.019823788546255508
0 0.5859598853868194 0.47907488986784147 0.07736389684813753 0.02863436123348018
0 0.4269340974212034 0.5016519823788547 0.10315186246418338 0.03193832599118943
0 0.6146131805157593 0.5247797356828194 0.07736389684813753 0.029735682819383262
0 0.44126074498567336 0.5550660792951543 0.10315186246418338 0.04185022026431719
0 0.6103151862464183 0.5666299559471366 0.08022922636103151 0.03634361233480177
0 0.45415472779369626 0.6079295154185023 0.07736389684813753 0.02863436123348018
0 0.6346704871060171 0.6101321585903084 0.0659025787965616 0.02863436123348018
0 0.492836676217765 0.669603524229075 0.06303724928366762 0.024229074889867842
0 0.6561604584527221 0.6613436123348019 0.08022922636103151 0.02312775330396476
0 0.5300859598853868 0.7147577092511014 0.09169054441260745 0.030837004405286347
0 0.673352435530086 0.7147577092511014 0.08022922636103151 0.030837004405286347
0 0.6876790830945558 0.7582599118942732 0.08022922636103151 0.042951541850220265
0 0.5429799426934098 0.7709251101321587 0.08882521489971347 0.02863436123348018
0 0.7249283667621776 0.807819383259912 0.09169054441260745 0.029735682819383262
0 0.5816618911174785 0.8243392070484582 0.09169054441260745 0.03634361233480177
0 0.7163323782234957 0.8535242290748899 0.05730659025787965 0.02863436123348018
0 0.5744985673352435 0.8744493392070486 0.05444126074498567 0.030837004405286347
0 0.7521489971346704 0.8975770925110133 0.0830945558739255 0.02863436123348018
0 0.6189111747851003 0.9350220264317182 0.06303724928366762 0.02863436123348018
0 0.7736389684813754 0.9504405286343613 0.09169054441260745 0.02863436123348018