0 0.2901907356948229 0.03696682464454976 0.06267029972752043 0.018957345971563982
0 0.15122615803814712 0.05355450236966825 0.051771117166212535 0.021800947867298578
0 0.1757493188010899 0.08341232227488152 0.07356948228882834 0.02085308056872038
0 0.2888283378746594 0.08672985781990522 0.0653950953678474 0.023696682464454978
0 0.17438692098092642 0.10853080568720379 0.05994550408719346 0.021800947867298578
0 0.18392370572207084 0.14597156398104266 0.051771117166212535 0.018957345971563982
0 0.28065395095367845 0.13459715639810427 0.0653950953678474 0.02085308056872038
0 0.21389645776566757 0.16966824644549763 0.07356948228882834 0.015165876777251185
0 0.3215258855585831 0.18388625592417063 0.05994550408719346 0.018957345971563982
0 0.22752043596730245 0.2009478672985782 0.06267029972752043 0.017061611374407582
0 0.2534059945504087 0.23696682464454977 0.049046321525885554 0.018957345971563982
0 0.3446866485013624 0.22701421800947869 0.06267029972752043 0.018009478672985784
0 0.2670299727520436 0.26350710900473934 0.049046321525885554 0.018957345971563982
0 0.3787465940054496 0.27535545023696684 0.0653950953678474 0.016113744075829384
0 0.2997275204359673 0.3004739336492891 0.05994550408719346 0.018957345971563982
0 0.31471389645776565 0.3412322274881517 0.06267029972752043 0.02085308056872038
0 0.4019073569482289 0.3260663507109005 0.05722070844686648 0.017061611374407582
0 0.3405994550408719 0.37725118483412323 0.07084468664850135 0.02085308056872038
0 0.4318801089918256 0.3753554502369668 0.06267029972752043 0.022748815165876776
0 0.3692098092643052 0.4123222748815166 0.06267029972752043 0.018957345971563982
0 0.4713896457765667 0.4208530805687204 0.07629427792915532 0.017061611374407582
0 0.391008174386921 0.4431279620853081 0.05722070844686648 0.021800947867298578
0 0.3869209809264305 0.48672985781990524 0.05449591280653951 0.01990521327014218
0 0.5027247956403269 0.46777251184834123 0.051771117166212535 0.018009478672985784
0 0.42915531335149865 0.5151658767772512 0.05722070844686648 0.021800947867298578
0 0.5163487738419619 0.5132701421800948 0.07356948228882834 0.01990521327014218
0 0.43869209809264303 0.5644549763033175 0.05449591280653951 0.01990521327014218
0 0.553133514986376 0.566350710900474 0.05994550408719346 0.021800947867298578
0 0.4768392370572207 0.6066350710900474 0.07084468664850135 0.017061611374407582
0 0.5858310626702997 0.6165876777251185 0.0653950953678474 0.018009478672985784
0 0.5 0.6445497630331753 0.06267029972752043 0.013270142180094787
0 0.6103542234332425 0.6540284360189573 0.05449591280653951 0.02085308056872038
0 0.5367847411444141 0.6876777251184835 0.05994550408719346 0.018009478672985784
0 0.6444141689373297 0.6933649289099526 0.06267029972752043 0.016113744075829384
0 0.553133514986376 0.7270142180094787 0.0653950953678474 0.015165876777251185
0 0.6498637602179836 0.7350710900473933 0.06267029972752043 0.018009478672985784
0 0.5708446866485013 0.7611374407582938 0.05722070844686648 0.015165876777251185
0 0.6948228882833787 0.7767772511848341 0.05449591280653951 0.018009478672985784
0 0.7029972752043596 0.8241706161137441 0.0653950953678474 0.01990521327014218
0 0.6185286103542235 0.8374407582938389 0.043596730245231606 0.012322274881516588
0 0.6185286103542235 0.8753554502369668 0.05449591280653951 0.014218009478672987
0 0.7288828337874659 0.8720379146919431 0.06267029972752043 0.017061611374407582
0 0.6634877384196185 0.9113744075829384 0.06267029972752043 0.021800947867298578
0 0.7874659400544959 0.9246445497630332 0.05449591280653951 0.016113744075829384
0 0.6771117166212534 0.9516587677725119 0.05722070844686648 0.018957345971563982