0 0.2886723507917174 0.9658008658008658 0.029232643118148598 0.019913419913419914
0 0.3215590742996346 0.9411255411255411 0.021924482338611447 0.015584415584415584
0 0.2789281364190012 0.9294372294372294 0.029232643118148598 0.01645021645021645
0 0.26552984165651644 0.874025974025974 0.029232643118148598 0.019913419913419914
0 0.26004872107186355 0.8536796536796537 0.025578562728380022 0.017316017316017316
0 0.23751522533495736 0.8194805194805195 0.021924482338611447 0.014718614718614718
0 0.23447015834348353 0.7844155844155845 0.018270401948842874 0.015584415584415584
0 0.22959805115712545 0.7445887445887446 0.023142509135200974 0.013852813852813853
0 0.26370280146163216 0.7307359307359307 0.020706455542021922 0.015584415584415584
0 0.21132764920828256 0.7 0.03045066991473812 0.014718614718614718
0 0.19244823386114493 0.6251082251082251 0.03654080389768575 0.01904761904761905
0 0.18026796589524968 0.5965367965367966 0.02679658952496955 0.015584415584415584
0 0.2088915956151035 0.5411255411255411 0.028014616321559074 0.015584415584415584
0 0.15286236297198538 0.5147186147186147 0.025578562728380022 0.01818181818181818
0 0.1930572472594397 0.5077922077922078 0.023142509135200974 0.01645021645021645
0 0.13520097442143728 0.44502164502164504 0.021924482338611447 0.017316017316017316
0 0.12302070645554201 0.41125541125541126 0.021924482338611447 0.015584415584415584
0 0.16138855054811205 0.3987012987012987 0.03045066991473812 0.01645021645021645
0 0.11144945188794153 0.37445887445887444 0.025578562728380022 0.019913419913419914
0 0.158952496954933 0.35974025974025975 0.03045066991473812 0.01645021645021645
0 0.10109622411693056 0.33896103896103896 0.024360535931790498 0.014718614718614718
0 0.15286236297198538 0.3246753246753247 0.023142509135200974 0.017316017316017316
0 0.1376370280146163 0.2948051948051948 0.0194884287454324 0.014718614718614718
0 0.08952496954933008 0.29783549783549784 0.028014616321559074 0.017316017316017316
0 0.07917174177831912 0.2623376623376623 0.02679658952496955 0.015584415584415584
0 0.11571254567600486 0.22857142857142856 0.031668696711327646 0.02077922077922078
0 0.06699147381242387 0.22510822510822512 0.02679658952496955 0.015584415584415584
0 0.10535931790499391 0.19090909090909092 0.028014616321559074 0.01818181818181818
0 0.05785627283800243 0.19307359307359306 0.023142509135200974 0.015584415584415584
0 0.048721071863580996 0.16017316017316016 0.021924482338611447 0.015584415584415584
0 0.09135200974421437 0.14502164502164502 0.02679658952496955 0.014718614718614718
0 0.25517661388550544 0.11255411255411256 0.023142509135200974 0.012121212121212121
0 0.29476248477466505 0.10952380952380952 0.029232643118148598 0.01645021645021645
0 0.26552984165651644 0.14242424242424243 0.0194884287454324 0.01645021645021645
0 0.27161997563946405 0.16926406926406926 0.024360535931790498 0.019913419913419914
0 0.33191230207064554 0.22251082251082252 0.028014616321559074 0.02077922077922078
0 0.2971985383678441 0.25497835497835497 0.029232643118148598 0.014718614718614718
0 0.34287454323995126 0.258008658008658 0.025578562728380022 0.01904761904761905
0 0.3526187576126675 0.29004329004329005 0.028014616321559074 0.015584415584415584
0 0.3270401948842874 0.3341991341991342 0.023142509135200974 0.015584415584415584
0 0.3751522533495737 0.3575757575757576 0.024360535931790498 0.01904761904761905
0 0.341047503045067 0.39826839826839827 0.024360535931790498 0.013852813852813853
0 0.3818514007308161 0.3978354978354978 0.03045066991473812 0.01818181818181818
0 0.3568818514007308 0.43896103896103894 0.029232643118148598 0.01904761904761905
0 0.39524969549330086 0.43246753246753245 0.023142509135200974 0.019913419913419914
0 0.4062119366626066 0.4588744588744589 0.03045066991473812 0.017316017316017316
0 0.3532277710109622 0.4701298701298701 0.024360535931790498 0.017316017316017316
0 0.366626065773447 0.5060606060606061 0.02679658952496955 0.012987012987012988
0 0.415347137637028 0.4909090909090909 0.029232643118148598 0.015584415584415584
0 0.42143727161997563 0.5229437229437229 0.024360535931790498 0.01904761904761905
0 0.4354445797807551 0.5614718614718615 0.03045066991473812 0.01818181818181818
0 0.39768574908647986 0.5991341991341992 0.028014616321559074 0.015584415584415584
0 0.4457978075517661 0.6303030303030303 0.01705237515225335 0.012121212121212121
0 0.404993909866017 0.6393939393939394 0.020706455542021922 0.01818181818181818
0 0.4190012180267966 0.6666666666666666 0.031668696711327646 0.015584415584415584
0 0.4671132764920828 0.6670995670995671 0.025578562728380022 0.012987012987012988
0 0.4250913520097442 0.703030303030303 0.029232643118148598 0.015584415584415584
0 0.4786845310596833 0.6974025974025974 0.029232643118148598 0.019913419913419914
0 0.48538367844092567 0.7372294372294372 0.028014616321559074 0.019913419913419914
0 0.4366626065773447 0.7372294372294372 0.028014616321559074 0.01818181818181818
0 0.4476248477466504 0.7818181818181819 0.023142509135200974 0.013852813852813853
0 0.5018270401948842 0.7757575757575758 0.02679658952496955 0.017316017316017316
0 0.453714981729598 0.8207792207792208 0.023142509135200974 0.01904761904761905
0 0.46345919610231423 0.8519480519480519 0.03045066991473812 0.015584415584415584
0 0.4835566382460414 0.9168831168831169 0.02679658952496955 0.013852813852813853
0 0.5213154689403167 0.9082251082251083 0.029232643118148598 0.01904761904761905
0 0.6473812423873325 0.8116883116883117 0.025578562728380022 0.01645021645021645
0 0.6894031668696711 0.7991341991341991 0.02679658952496955 0.01904761904761905
0 0.684531059683313 0.7701298701298701 0.02679658952496955 0.021645021645021644
0 0.6376370280146163 0.7567099567099567 0.020706455542021922 0.012121212121212121
0 0.6760048721071863 0.7350649350649351 0.029232643118148598 0.01904761904761905
0 0.6674786845310596 0.7086580086580087 0.012180267965895249 0.011255411255411255
0 0.6151035322777101 0.7056277056277056 0.021924482338611447 0.012121212121212121
0 0.6467722289890377 0.6688311688311688 0.029232643118148598 0.01818181818181818
0 0.6047503045066991 0.6398268398268399 0.020706455542021922 0.013852813852813853
0 0.5950060901339829 0.6121212121212121 0.018270401948842874 0.012121212121212121
0 0.6315468940316686 0.6043290043290044 0.028014616321559074 0.013852813852813853
0 0.6193666260657734 0.5645021645021645 0.025578562728380022 0.01904761904761905
0 0.6071863580998782 0.5359307359307359 0.03045066991473812 0.017316017316017316
0 0.5913520097442143 0.47359307359307357 0.023142509135200974 0.01904761904761905
0 0.5651644336175395 0.4792207792207792 0.0194884287454324 0.01818181818181818
0 0.5864799025578562 0.45151515151515154 0.025578562728380022 0.014718614718614718
0 0.5852618757612668 0.41904761904761906 0.025578562728380022 0.015584415584415584
0 0.5365408038976858 0.42164502164502166 0.018270401948842874 0.013852813852813853
0 0.5676004872107187 0.3489177489177489 0.021924482338611447 0.015584415584415584
0 0.5584652862362972 0.3255411255411255 0.020706455542021922 0.015584415584415584
0 0.548721071863581 0.2857142857142857 0.023142509135200974 0.017316017316017316
0 0.5012180267965894 0.29004329004329005 0.015834348355663823 0.008658008658008658
0 0.49756394640682094 0.258008658008658 0.023142509135200974 0.015584415584415584
0 0.528014616321559 0.22554112554112554 0.028014616321559074 0.01818181818181818
0 0.4713763702801461 0.1523809523809524 0.01705237515225335 0.008658008658008658
0 0.5060901339829476 0.14545454545454545 0.03045066991473812 0.017316017316017316
0 0.5 0.11991341991341992 0.023142509135200974 0.019913419913419914
0 0.4604141291108404 0.12207792207792208 0.01705237515225335 0.01038961038961039
0 0.4482338611449452 0.08398268398268398 0.012180267965895249 0.01038961038961039
0 0.48416565164433617 0.07532467532467532 0.028014616321559074 0.017316017316017316
0 0.6753958587088915 0.03593073593073593 0.020706455542021922 0.019913419913419914
0 0.6479902557856273 0.08744588744588745 0.031668696711327646 0.017316017316017316
0 0.6668696711327649 0.11428571428571428 0.03532277710109622 0.02077922077922078
0 0.669305724725944 0.15324675324675324 0.03045066991473812 0.017316017316017316
0 0.671741778319123 0.17445887445887445 0.028014616321559074 0.01818181818181818
0 0.7247259439707673 0.18528138528138527 0.029232643118148598 0.01904761904761905
0 0.6875761266747868 0.21298701298701297 0.028014616321559074 0.017316017316017316
0 0.7362971985383678 0.21861471861471862 0.025578562728380022 0.01645021645021645
0 0.7448233861144945 0.24848484848484848 0.028014616321559074 0.02077922077922078
0 0.7545676004872107 0.287012987012987 0.023142509135200974 0.01818181818181818
0 0.7582216808769793 0.3142857142857143 0.03045066991473812 0.01904761904761905
0 0.7789281364190012 0.38831168831168833 0.028014616321559074 0.019913419913419914
0 0.7369062119366626 0.4 0.029232643118148598 0.02077922077922078
0 0.7429963459196102 0.42943722943722945 0.0194884287454324 0.01038961038961039
0 0.7874543239951278 0.4303030303030303 0.03045066991473812 0.01904761904761905
0 0.7935444579780755 0.45021645021645024 0.028014616321559074 0.017316017316017316
0 0.7515225334957368 0.45541125541125543 0.029232643118148598 0.017316017316017316
0 0.8038976857490865 0.5164502164502165 0.031668696711327646 0.01818181818181818
0 0.8209500609013398 0.5515151515151515 0.029232643118148598 0.017316017316017316
0 0.7911084043848964 0.5935064935064935 0.023142509135200974 0.01645021645021645
0 0.8349573690621194 0.5874458874458874 0.020706455542021922 0.019913419913419914
0 0.8386114494518879 0.6168831168831169 0.025578562728380022 0.01818181818181818
0 0.8319123020706455 0.6965367965367966 0.024360535931790498 0.012987012987012988
0 0.8678440925700365 0.6926406926406926 0.020706455542021922 0.017316017316017316
0 0.8325213154689403 0.7294372294372294 0.020706455542021922 0.014718614718614718
0 0.8453105968331303 0.7645021645021645 0.029232643118148598 0.015584415584415584
0 0.8520097442143727 0.7995670995670996 0.028014616321559074 0.01645021645021645
0 0.8885505481120585 0.8 0.025578562728380022 0.012121212121212121
0 0.858708891595615 0.8367965367965368 0.02679658952496955 0.021645021645021644
0 0.9007308160779537 0.8329004329004329 0.023142509135200974 0.015584415584415584