0 0.4670263788968825 0.9172354948805461 0.027577937649880094 0.013651877133105802
0 0.31055155875299756 0.9458191126279863 0.021582733812949638 0.01962457337883959
0 0.30335731414868106 0.9108361774744027 0.028776978417266185 0.017918088737201365
0 0.2973621103117506 0.8813993174061433 0.014388489208633093 0.017064846416382253
0 0.4490407673860911 0.8434300341296929 0.020383693045563547 0.01621160409556314
0 0.2883693045563549 0.8438566552901023 0.039568345323741004 0.017064846416382253
0 0.4316546762589928 0.8088737201365188 0.019184652278177457 0.011945392491467578
0 0.2739808153477218 0.8139931740614335 0.025179856115107913 0.013651877133105802
0 0.2727817745803357 0.7807167235494881 0.027577937649880094 0.020477815699658702
0 0.42745803357314144 0.773037542662116 0.02278177458033573 0.011945392491467578
0 0.4136690647482014 0.7448805460750854 0.021582733812949638 0.006825938566552901
0 0.40347721822541965 0.7103242320819113 0.020383693045563547 0.00938566552901024
0 0.25659472422062346 0.7150170648464164 0.031175059952038366 0.01877133105802048
0 0.23741007194244604 0.6744880546075085 0.016786570743405275 0.012798634812286689
0 0.39868105515587526 0.6736348122866894 0.02278177458033573 0.014505119453924915
0 0.3884892086330935 0.6369453924914675 0.02398081534772182 0.01621160409556314
0 0.23381294964028776 0.6377986348122867 0.031175059952038366 0.01621160409556314
0 0.22482014388489208 0.6006825938566553 0.02278177458033573 0.011945392491467578
0 0.22482014388489208 0.5695392491467577 0.015587529976019183 0.012798634812286689
0 0.3741007194244604 0.6083617747440273 0.01199040767386091 0.010238907849829351
0 0.37050359712230213 0.5767918088737202 0.019184652278177457 0.013651877133105802
0 0.3531175059952038 0.5042662116040956 0.013189448441247002 0.006825938566552901
0 0.3465227817745803 0.47738907849829354 0.021582733812949638 0.01621160409556314
0 0.3363309352517985 0.43899317406143346 0.020383693045563547 0.012798634812286689
0 0.32613908872901676 0.40784982935153585 0.019184652278177457 0.011945392491467578
0 0.3225419664268585 0.3728668941979522 0.021582733812949638 0.017064846416382253
0 0.3171462829736211 0.34428327645051193 0.017985611510791366 0.012798634812286689
0 0.30095923261390883 0.3075938566552901 0.026378896882494004 0.01621160409556314
0 0.29556354916067146 0.27773037542662116 0.017985611510791366 0.01621160409556314
0 0.2871702637889688 0.2380546075085324 0.029976019184652276 0.017064846416382253
0 0.27817745803357313 0.20563139931740615 0.01199040767386091 0.008532423208191127
0 0.2673860911270983 0.14675767918088736 0.02398081534772182 0.015358361774744027
0 0.2511990407673861 0.1083617747440273 0.03237410071942446 0.017064846416382253
0 0.302757793764988 0.10580204778156997 0.02278177458033573 0.013651877133105802
0 0.4334532374100719 0.07252559726962457 0.03237410071942446 0.01877133105802048
0 0.4826139088729016 0.06783276450511945 0.017985611510791366 0.00938566552901024
0 0.4898081534772182 0.09513651877133106 0.027577937649880094 0.01621160409556314
0 0.5017985611510791 0.13737201365187712 0.017985611510791366 0.015358361774744027
0 0.45743405275779375 0.14505119453924914 0.027577937649880094 0.015358361774744027
0 0.47601918465227816 0.16894197952218432 0.021582733812949638 0.013651877133105802
0 0.4832134292565947 0.20051194539249148 0.02398081534772182 0.017064846416382253
0 0.5221822541966427 0.20733788395904437 0.02278177458033573 0.015358361774744027
0 0.4904076738609112 0.2363481228668942 0.02398081534772182 0.013651877133105802
0 0.5029976019184652 0.26621160409556316 0.017985611510791366 0.013651877133105802
0 0.5377697841726619 0.2674914675767918 0.013189448441247002 0.007679180887372013
0 0.5101918465227817 0.29948805460750855 0.020383693045563547 0.015358361774744027
0 0.5383693045563549 0.2986348122866894 0.019184652278177457 0.013651877133105802
0 0.5557553956834532 0.3630546075085324 0.025179856115107913 0.011092150170648464
0 0.5629496402877697 0.3967576791808874 0.013189448441247002 0.008532423208191127
0 0.5347721822541966 0.41638225255972694 0.021582733812949638 0.015358361774744027
0 0.5431654676258992 0.4569112627986348 0.021582733812949638 0.012798634812286689
0 0.5845323741007193 0.46288395904436863 0.020383693045563547 0.00938566552901024
0 0.5509592326139089 0.4816552901023891 0.029976019184652276 0.014505119453924915
0 0.5941247002398081 0.4876279863481229 0.017985611510791366 0.011092150170648464
0 0.5965227817745803 0.5226109215017065 0.017985611510791366 0.011092150170648464
0 0.6007194244604316 0.5541808873720137 0.016786570743405275 0.014505119453924915
0 0.5707434052757794 0.564419795221843 0.01199040767386091 0.011092150170648464
0 0.6103117505995204 0.5831911262798635 0.021582733812949638 0.012798634812286689
0 0.5731414868105515 0.5994027303754266 0.02398081534772182 0.012798634812286689
0 0.5887290167865707 0.6207337883959044 0.019184652278177457 0.012798634812286689
0 0.6282973621103117 0.6514505119453925 0.019184652278177457 0.012798634812286689
0 0.5977218225419664 0.654863481228669 0.017985611510791366 0.011092150170648464
0 0.5983213429256594 0.6847269624573379 0.019184652278177457 0.011092150170648464
0 0.6414868105515588 0.685580204778157 0.02398081534772182 0.014505119453924915
0 0.6169064748201438 0.7205631399317406 0.02278177458033573 0.00938566552901024
0 0.6540767386091126 0.7222696245733788 0.027577937649880094 0.011092150170648464
0 0.6606714628297362 0.7572525597269625 0.021582733812949638 0.00938566552901024
0 0.6282973621103117 0.7888225255972696 0.02398081534772182 0.01962457337883959
0 0.671462829736211 0.7905290102389079 0.021582733812949638 0.011092150170648464
0 0.11390887290167864 0.1766211604095563 0.02398081534772182 0.017064846416382253
0 0.07014388489208633 0.18344709897610922 0.02278177458033573 0.01877133105802048
0 0.07913669064748201 0.21331058020477817 0.028776978417266185 0.020477815699658702
0 0.13369304556354916 0.2069112627986348 0.025179856115107913 0.014505119453924915
0 0.08872901678657073 0.24274744027303755 0.026378896882494004 0.01621160409556314
0 0.1211031175059952 0.24658703071672355 0.026378896882494004 0.015358361774744027
0 0.09772182254196642 0.27815699658703075 0.013189448441247002 0.010238907849829351
0 0.10551558752997602 0.322098976109215 0.014388489208633093 0.007679180887372013
0 0.11270983213429256 0.3532423208191126 0.02398081534772182 0.015358361774744027
0 0.16007194244604314 0.3724402730375427 0.013189448441247002 0.01621160409556314
0 0.1750599520383693 0.4061433447098976 0.026378896882494004 0.017064846416382253
0 0.13908872901678657 0.4334470989761092 0.028776978417266185 0.013651877133105802
0 0.18525179856115107 0.44880546075085326 0.020383693045563547 0.015358361774744027
0 0.1462829736211031 0.5042662116040956 0.014388489208633093 0.008532423208191127
0 0.17326139088729015 0.5802047781569966 0.015587529976019183 0.015358361774744027
0 0.6348920863309352 0.8225255972696246 0.020383693045563547 0.015358361774744027
0 0.6762589928057553 0.8225255972696246 0.026378896882494004 0.017064846416382253
0 0.685251798561151 0.8502559726962458 0.025179856115107913 0.014505119453924915
0 0.697242206235012 0.875 0.017985611510791366 0.01621160409556314
0 0.8411270983213429 0.8378839590443686 0.02278177458033573 0.013651877133105802
0 0.8369304556354915 0.8071672354948806 0.019184652278177457 0.017064846416382253
0 0.8333333333333333 0.7760238907849829 0.021582733812949638 0.01621160409556314
0 0.8219424460431655 0.7431740614334471 0.020383693045563547 0.015358361774744027
0 0.8111510791366906 0.7030716723549488 0.029976019184652276 0.015358361774744027
0 0.8069544364508393 0.6723549488054608 0.019184652278177457 0.015358361774744027
0 0.7919664268585132 0.639505119453925 0.020383693045563547 0.014505119453924915
0 0.7811750599520383 0.6109215017064846 0.015587529976019183 0.011945392491467578
0 0.7703836930455635 0.5767918088737202 0.015587529976019183 0.011945392491467578
0 0.8129496402877697 0.5725255972696246 0.009592326139088728 0.008532423208191127
0 0.8063549160671463 0.5405290102389079 0.020383693045563547 0.014505119453924915
0 0.7685851318944844 0.5473549488054608 0.021582733812949638 0.011092150170648464
0 0.7529976019184652 0.5102389078498294 0.009592326139088728 0.010238907849829351
0 0.7482014388489208 0.47482935153583616 0.01199040767386091 0.007679180887372013
0 0.789568345323741 0.47482935153583616 0.010791366906474819 0.01621160409556314
0 0.7434052757793764 0.44581911262798635 0.009592326139088728 0.011092150170648464
0 0.7715827338129496 0.40998293515358364 0.017985611510791366 0.011092150170648464
0 0.7398081534772182 0.40784982935153585 0.021582733812949638 0.013651877133105802
0 0.724820143884892 0.371160409556314 0.02278177458033573 0.017064846416382253
0 0.764988009592326 0.3656143344709898 0.016786570743405275 0.017918088737201365
0 0.7128297362110311 0.33361774744027306 0.017985611510791366 0.017064846416382253
0 0.7565947242206235 0.33361774744027306 0.019184652278177457 0.01877133105802048
0 0.7386091127098321 0.2619453924914676 0.021582733812949638 0.023890784982935155
0 0.7314148681055156 0.21843003412969283 0.019184652278177457 0.013651877133105802
0 0.6774580335731415 0.20563139931740615 0.026378896882494004 0.017064846416382253
0 0.671462829736211 0.16936860068259385 0.028776978417266185 0.02303754266211604
0 0.6564748201438848 0.10281569965870307 0.025179856115107913 0.014505119453924915
0 0.6342925659472421 0.03455631399317406 0.019184652278177457 0.00938566552901024