0 0.23850574712643677 0.05341880341880342 0.06896551724137931 0.02991452991452992
0 0.24568965517241378 0.08226495726495728 0.07183908045977011 0.019230769230769232
0 0.4166666666666667 0.09455128205128206 0.034482758620689655 0.016025641025641028
0 0.21120689655172414 0.10363247863247864 0.06609195402298851 0.021367521367521368
0 0.23706896551724138 0.17735042735042736 0.07183908045977011 0.032051282051282055
0 0.39655172413793105 0.17361111111111113 0.08045977011494253 0.028846153846153848
0 0.4281609195402299 0.21581196581196582 0.06321839080459771 0.019230769230769232
0 0.26436781609195403 0.23023504273504275 0.05172413793103448 0.01388888888888889
0 0.2974137931034483 0.27190170940170943 0.06034482758620689 0.028846153846153848
0 0.4511494252873563 0.30502136752136755 0.09770114942528735 0.02670940170940171
0 0.5129310344827586 0.34348290598290604 0.08333333333333333 0.030982905982905987
0 0.3563218390804598 0.40651709401709407 0.05747126436781609 0.0202991452991453
0 0.5287356321839081 0.4225427350427351 0.09195402298850575 0.024572649572649576
0 0.5344827586206896 0.47168803418803423 0.06321839080459771 0.028846153846153848
0 0.41235632183908044 0.5058760683760685 0.07183908045977011 0.024572649572649576
0 0.5675287356321839 0.5213675213675214 0.06034482758620689 0.021367521367521368
0 0.43103448275862066 0.5635683760683762 0.06896551724137931 0.02670940170940171
0 0.4367816091954023 0.6009615384615385 0.09770114942528735 0.03311965811965812
0 0.610632183908046 0.5929487179487181 0.07758620689655173 0.023504273504273508
0 0.4540229885057471 0.6506410256410257 0.05172413793103448 0.02991452991452992
0 0.6350574712643678 0.6490384615384616 0.05747126436781609 0.016025641025641028
0 0.6781609195402298 0.7248931623931625 0.06896551724137931 0.024572649572649576
0 0.5244252873563219 0.7451923076923078 0.08333333333333333 0.03311965811965812
0 0.5617816091954023 0.8253205128205129 0.08333333333333333 0.02670940170940171
0 0.6954022988505747 0.8194444444444445 0.07471264367816091 0.023504273504273508
0 0.7298850574712643 0.8568376068376069 0.06321839080459771 0.023504273504273508
0 0.7025862068965517 0.903846153846154 0.06609195402298851 0.019230769230769232
0 0.6005747126436781 0.9150641025641026 0.05172413793103448 0.028846153846153848
0 0.6163793103448276 0.9561965811965812 0.10057471264367816 0.023504273504273508