0 0.7032967032967034 0.9539347408829174 0.038461538461538464 0.013435700575815739
0 0.8021978021978022 0.9121880998080614 0.04395604395604396 0.018234165067178502
0 0.6579670329670331 0.9049904030710172 0.0521978021978022 0.011516314779270634
0 0.771978021978022 0.873320537428023 0.05494505494505495 0.01727447216890595
0 0.6414835164835165 0.8622840690978887 0.046703296703296704 0.01055662188099808
0 0.6263736263736264 0.8315738963531669 0.04395604395604396 0.01439539347408829
0 0.6043956043956045 0.7946257197696737 0.04395604395604396 0.013435700575815739
0 0.717032967032967 0.7787907869481766 0.06043956043956045 0.012476007677543186
0 0.5618131868131868 0.7547984644913628 0.041208791208791215 0.01439539347408829
0 0.7129120879120879 0.743282149712092 0.0521978021978022 0.01439539347408829
0 0.5398351648351649 0.7140115163147792 0.030219780219780223 0.013435700575815739
0 0.6785714285714286 0.7020153550863724 0.049450549450549455 0.01439539347408829
0 0.6607142857142858 0.6765834932821497 0.046703296703296704 0.01727447216890595
0 0.5343406593406593 0.6775431861804222 0.041208791208791215 0.011516314779270634
0 0.5082417582417583 0.6329174664107485 0.038461538461538464 0.012476007677543186
0 0.6401098901098902 0.6353166986564299 0.06593406593406594 0.019193857965451054
0 0.6085164835164836 0.5959692898272553 0.0631868131868132 0.01727447216890595
0 0.4793956043956044 0.5993282149712091 0.046703296703296704 0.012476007677543186
0 0.5961538461538461 0.5566218809980806 0.049450549450549455 0.01727447216890595
0 0.5480769230769231 0.5206333973128598 0.057692307692307696 0.016314779270633396
0 0.5315934065934066 0.4793666026871401 0.057692307692307696 0.018234165067178502
0 0.39972527472527475 0.46833013435700577 0.041208791208791215 0.011516314779270634
0 0.37500000000000006 0.43138195777351246 0.030219780219780223 0.01439539347408829
0 0.5343406593406593 0.43809980806142035 0.041208791208791215 0.012476007677543186
0 0.4958791208791209 0.3901151631477927 0.057692307692307696 0.016314779270633396
0 0.3392857142857143 0.3896353166986564 0.046703296703296704 0.009596928982725527
0 0.3090659340659341 0.3574856046065259 0.030219780219780223 0.008637236084452975
0 0.4766483516483517 0.3522072936660269 0.041208791208791215 0.013435700575815739
0 0.4395604395604396 0.3190978886756238 0.05494505494505495 0.012476007677543186
0 0.2967032967032967 0.3190978886756238 0.03296703296703297 0.01439539347408829
0 0.40384615384615385 0.28502879078694815 0.06043956043956045 0.015355086372360844
0 0.2651098901098901 0.277831094049904 0.03571428571428572 0.016314779270633396
0 0.25 0.23464491362763915 0.03296703296703297 0.01055662188099808
0 0.407967032967033 0.2504798464491363 0.0521978021978022 0.01727447216890595
0 0.36401098901098905 0.22072936660268713 0.0631868131868132 0.015355086372360844
0 0.2403846153846154 0.19865642994241842 0.03571428571428572 0.019193857965451054
0 0.35302197802197804 0.18186180422264875 0.0521978021978022 0.018234165067178502
0 0.20741758241758243 0.16170825335892514 0.0521978021978022 0.016314779270633396
0 0.3241758241758242 0.10508637236084453 0.05494505494505495 0.016314779270633396
0 0.17032967032967034 0.09213051823416507 0.049450549450549455 0.009596928982725527
0 0.31730769230769235 0.07437619961612284 0.0521978021978022 0.022072936660268713
0 0.30219780219780223 0.039827255278310936 0.05494505494505495 0.016314779270633396
0 0.14835164835164835 0.05806142034548944 0.04395604395604396 0.012476007677543186