0 0.29062870699881377 0.9471235194585448 0.026097271648873075 0.016074450084602367
0 0.33926453143534996 0.9412013536379018 0.03084223013048636 0.0194585448392555
0 0.3262158956109134 0.9107445008460237 0.028469750889679717 0.0194585448392555
0 0.28529062870699884 0.9128595600676819 0.027283511269276396 0.018612521150592216
0 0.3137603795966786 0.877326565143824 0.02965599051008304 0.01692047377326565
0 0.27283511269276395 0.8777495769881556 0.02372479240806643 0.014382402707275803
0 0.26986951364175565 0.8502538071065989 0.027283511269276396 0.021996615905245345
0 0.300711743772242 0.8430626057529611 0.02965599051008304 0.0194585448392555
0 0.29359430604982206 0.8041455160744501 0.024911032028469754 0.0194585448392555
0 0.2526690391459075 0.8003384094754653 0.026097271648873075 0.01692047377326565
0 0.23665480427046265 0.772419627749577 0.027283511269276396 0.01692047377326565
0 0.2799525504151839 0.7639593908629442 0.026097271648873075 0.018612521150592216
0 0.2621589561091341 0.7360406091370558 0.026097271648873075 0.01692047377326565
0 0.2330960854092527 0.7347715736040609 0.020166073546856466 0.021150592216582064
0 0.22716488730723608 0.6996615905245347 0.024911032028469754 0.018612521150592216
0 0.2621589561091341 0.700507614213198 0.021352313167259787 0.01692047377326565
0 0.22182680901542112 0.6645516074450084 0.02372479240806643 0.017766497461928932
0 0.2568208778173191 0.6582064297800339 0.022538552787663108 0.01353637901861252
0 0.24258600237247926 0.6302876480541455 0.024911032028469754 0.018612521150592216
0 0.20640569395017794 0.6328257191201353 0.028469750889679717 0.021996615905245345
0 0.2372479240806643 0.6053299492385786 0.028469750889679717 0.021150592216582064
0 0.19335705812574142 0.6082910321489001 0.021352313167259787 0.015228426395939085
0 0.18564650059311982 0.5681049069373942 0.024911032028469754 0.021150592216582064
0 0.22894424673784106 0.5638747884940778 0.021352313167259787 0.016074450084602367
0 0.22004744958481615 0.5291878172588832 0.022538552787663108 0.017766497461928932
0 0.17378410438908662 0.5342639593908629 0.024911032028469754 0.016074450084602367
0 0.20818505338078294 0.5004230118443316 0.02965599051008304 0.017766497461928932
0 0.16666666666666669 0.5 0.024911032028469754 0.018612521150592216
0 0.14946619217081852 0.4631979695431472 0.016607354685646503 0.009306260575296108
0 0.20462633451957296 0.46277495769881555 0.024911032028469754 0.018612521150592216
0 0.18920521945432978 0.42978003384094754 0.027283511269276396 0.02030456852791878
0 0.1435349940688019 0.4179357021996616 0.018979833926453145 0.011844331641285956
0 0.1767497034400949 0.3929780033840947 0.026097271648873075 0.017766497461928932
0 0.13048635824436536 0.3895939086294416 0.026097271648873075 0.017766497461928932
0 0.16725978647686834 0.35913705583756345 0.02372479240806643 0.017766497461928932
0 0.13107947805456704 0.3523688663282572 0.013048635824436538 0.012690355329949238
0 0.11921708185053381 0.31852791878172587 0.022538552787663108 0.017766497461928932
0 0.16132858837485173 0.3252961082910321 0.02372479240806643 0.021150592216582064
0 0.15658362989323846 0.29780033840947545 0.026097271648873075 0.018612521150592216
0 0.10557532621589562 0.28849407783417935 0.026097271648873075 0.01692047377326565
0 0.1465005931198102 0.26607445008460234 0.022538552787663108 0.017766497461928932
0 0.09786476868327403 0.25084602368866327 0.022538552787663108 0.016074450084602367
0 0.1376037959667853 0.23223350253807107 0.028469750889679717 0.0194585448392555
0 0.08659549228944248 0.22292724196277494 0.021352313167259787 0.014382402707275803
0 0.1298932384341637 0.1996615905245347 0.027283511269276396 0.02030456852791878
0 0.07295373665480427 0.18993231810490693 0.017793594306049824 0.017766497461928932
0 0.06168446026097272 0.1577834179357022 0.016607354685646503 0.012690355329949238
0 0.05931198102016608 0.13451776649746192 0.021352313167259787 0.015228426395939085
0 0.1043890865954923 0.13494077834179358 0.021352313167259787 0.014382402707275803
0 0.11743772241992884 0.16328257191201354 0.026097271648873075 0.01692047377326565
0 0.24851720047449585 0.11209813874788493 0.013048635824436538 0.0076142131979695426
0 0.29774614472123373 0.10321489001692047 0.026097271648873075 0.015228426395939085
0 0.304270462633452 0.1374788494077834 0.022538552787663108 0.016074450084602367
0 0.2651245551601424 0.1374788494077834 0.024911032028469754 0.014382402707275803
0 0.2663107947805457 0.172165820642978 0.024911032028469754 0.0194585448392555
0 0.30782918149466193 0.17808798646362098 0.027283511269276396 0.017766497461928932
0 0.2734282325029656 0.20050761421319796 0.022538552787663108 0.01353637901861252
0 0.3190984578884935 0.2089678510998308 0.03084223013048636 0.021996615905245345
0 0.2918149466192171 0.23223350253807107 0.021352313167259787 0.017766497461928932
0 0.32858837485172004 0.2428087986463621 0.016607354685646503 0.011844331641285956
0 0.29359430604982206 0.26480541455160744 0.024911032028469754 0.01692047377326565
0 0.33807829181494664 0.2732656514382403 0.02372479240806643 0.018612521150592216
0 0.30308422301304866 0.28637901861252113 0.024911032028469754 0.017766497461928932
0 0.31020166073546857 0.3155668358714044 0.022538552787663108 0.01692047377326565
0 0.3493475682087782 0.30583756345177665 0.02965599051008304 0.021150592216582064
0 0.3629893238434164 0.3341793570219966 0.028469750889679717 0.021996615905245345
0 0.3190984578884935 0.3464467005076142 0.02372479240806643 0.016074450084602367
0 0.3623962040332147 0.36379018612521147 0.027283511269276396 0.02030456852791878
0 0.3718861209964413 0.38917089678510997 0.022538552787663108 0.021996615905245345
0 0.3368920521945433 0.4010152284263959 0.028469750889679717 0.015228426395939085
0 0.3813760379596679 0.4196277495769881 0.02965599051008304 0.018612521150592216
0 0.3416370106761566 0.43401015228426393 0.021352313167259787 0.015228426395939085
0 0.35587188612099646 0.46700507614213194 0.021352313167259787 0.01353637901861252
0 0.3979833926453144 0.45558375634517767 0.02965599051008304 0.021150592216582064
0 0.40154211150652436 0.4826565143824027 0.022538552787663108 0.017766497461928932
0 0.3612099644128114 0.5016920473773265 0.022538552787663108 0.015228426395939085
0 0.4122182680901542 0.515228426395939 0.024911032028469754 0.02030456852791878
0 0.3635824436536181 0.5241116751269035 0.017793594306049824 0.016074450084602367
0 0.3760379596678529 0.5473773265651438 0.02372479240806643 0.01353637901861252
0 0.41518386714116257 0.5456852791878173 0.026097271648873075 0.018612521150592216
0 0.3896797153024911 0.58248730964467 0.027283511269276396 0.0194585448392555
0 0.42289442467378413 0.5693739424703892 0.022538552787663108 0.015228426395939085
0 0.39501779359430605 0.6074450084602369 0.028469750889679717 0.01353637901861252
0 0.4341637010676157 0.6065989847715736 0.026097271648873075 0.018612521150592216
0 0.403914590747331 0.6366328257191202 0.024911032028469754 0.016074450084602367
0 0.4092526690391459 0.6666666666666666 0.026097271648873075 0.01353637901861252
0 0.45017793594306055 0.6717428087986463 0.024911032028469754 0.01353637901861252
0 0.41518386714116257 0.6916243654822335 0.021352313167259787 0.012690355329949238
0 0.46559905100830373 0.7068527918781725 0.024911032028469754 0.014382402707275803
0 0.4264531435349941 0.7182741116751269 0.024911032028469754 0.015228426395939085
0 0.4691577698695137 0.7284263959390863 0.022538552787663108 0.015228426395939085
0 0.4400948991696323 0.760575296108291 0.02372479240806643 0.015228426395939085
0 0.4774614472123369 0.7694585448392555 0.022538552787663108 0.016074450084602367
0 0.48932384341637014 0.7944162436548223 0.020166073546856466 0.01692047377326565
0 0.44839857651245557 0.7914551607445008 0.021352313167259787 0.016074450084602367
0 0.45729537366548045 0.8346023688663282 0.01542111506524318 0.009306260575296108
0 0.4958481613285884 0.8320642978003384 0.028469750889679717 0.017766497461928932
0 0.50355871886121 0.8557529610829103 0.02965599051008304 0.017766497461928932
0 0.468564650059312 0.872673434856176 0.014234875444839859 0.014382402707275803
0 0.5172004744958482 0.8752115059221658 0.02372479240806643 0.017766497461928932
0 0.48220640569395024 0.9124365482233502 0.017793594306049824 0.012690355329949238
0 0.5284697508896797 0.9039763113367174 0.024911032028469754 0.0194585448392555
0 0.669632265717675 0.8815566835871405 0.01542111506524318 0.01353637901861252
0 0.7253855278766311 0.8701353637901861 0.022538552787663108 0.014382402707275803
0 0.67141162514828 0.8599830795262267 0.026097271648873075 0.014382402707275803
0 0.7123368920521946 0.8405245346869712 0.024911032028469754 0.027918781725888325
0 0.6672597864768683 0.8358714043993232 0.027283511269276396 0.02030456852791878
0 0.6553973902728352 0.8075296108291032 0.027283511269276396 0.017766497461928932
0 0.6998813760379597 0.8092216582064298 0.026097271648873075 0.0194585448392555
0 0.6921708185053381 0.7783417935702199 0.024911032028469754 0.015228426395939085
0 0.6429418742586003 0.7703045685279187 0.02372479240806643 0.014382402707275803
0 0.6850533807829182 0.75 0.024911032028469754 0.012690355329949238
0 0.6376037959667853 0.7398477157360406 0.02965599051008304 0.02284263959390863
0 0.67497034400949 0.7191201353637902 0.02372479240806643 0.018612521150592216
0 0.6316725978647687 0.7072758037225042 0.022538552787663108 0.02030456852791878
0 0.6204033214709371 0.676818950930626 0.021352313167259787 0.015228426395939085
0 0.6678529062870701 0.6878172588832487 0.02372479240806643 0.018612521150592216
0 0.6607354685646502 0.6582064297800339 0.021352313167259787 0.015228426395939085
0 0.6091340450771057 0.6336717428087987 0.020166073546856466 0.018612521150592216
0 0.6387900355871886 0.6197123519458545 0.027283511269276396 0.016074450084602367
0 0.5990510083036774 0.6040609137055837 0.026097271648873075 0.018612521150592216
0 0.634638196915777 0.5926395939086294 0.028469750889679717 0.016074450084602367
0 0.5889679715302492 0.5727580372250423 0.022538552787663108 0.01353637901861252
0 0.6269276393831554 0.5634517766497462 0.027283511269276396 0.02030456852791878
0 0.5776986951364176 0.5456852791878173 0.026097271648873075 0.01692047377326565
0 0.6174377224199289 0.5334179357021996 0.024911032028469754 0.021150592216582064
0 0.6043890865954923 0.5054991539763113 0.027283511269276396 0.017766497461928932
0 0.5747330960854093 0.5101522842639594 0.027283511269276396 0.015228426395939085
0 0.5658362989323844 0.4826565143824027 0.02372479240806643 0.017766497461928932
0 0.5925266903914591 0.4767343485617597 0.022538552787663108 0.017766497461928932
0 0.5907473309608542 0.444585448392555 0.021352313167259787 0.017766497461928932
0 0.5593119810201661 0.45685279187817257 0.024911032028469754 0.015228426395939085
0 0.5444839857651246 0.42512690355329946 0.026097271648873075 0.0194585448392555
0 0.5794780545670226 0.4128595600676819 0.027283511269276396 0.01692047377326565
0 0.5338078291814947 0.3912859560067682 0.021352313167259787 0.010998307952622672
0 0.571767497034401 0.38113367174280877 0.028469750889679717 0.017766497461928932
0 0.5652431791221827 0.3523688663282572 0.02965599051008304 0.0194585448392555
0 0.5266903914590748 0.35321489001692047 0.021352313167259787 0.0194585448392555
0 0.5183867141162515 0.3257191201353638 0.033214709371293005 0.025380710659898477
0 0.5539739027283511 0.3206429780033841 0.02372479240806643 0.01353637901861252
0 0.5563463819691578 0.3003384094754653 0.018979833926453145 0.01353637901861252
0 0.5083036773428233 0.29906937394247035 0.027283511269276396 0.017766497461928932
0 0.49525504151838673 0.27115059221658205 0.02965599051008304 0.017766497461928932
0 0.5314353499406881 0.2652284263959391 0.033214709371293005 0.017766497461928932
0 0.5326215895610914 0.23857868020304568 0.033214709371293005 0.018612521150592216
0 0.4916963226571768 0.24153976311336717 0.020166073546856466 0.014382402707275803
0 0.5231316725978649 0.20981387478849406 0.028469750889679717 0.018612521150592216
0 0.47983392645314354 0.18697123519458544 0.017793594306049824 0.01353637901861252
0 0.5160142348754448 0.18062605752961083 0.02372479240806643 0.017766497461928932
0 0.50711743772242 0.15186125211505921 0.024911032028469754 0.021150592216582064
0 0.4620403321470937 0.15609137055837563 0.017793594306049824 0.010998307952622672
0 0.4537366548042705 0.12394247038917089 0.01542111506524318 0.016074450084602367
0 0.505338078291815 0.11505922165820642 0.03084223013048636 0.015228426395939085
0 0.49466192170818507 0.09263959390862944 0.02372479240806643 0.016074450084602367
0 0.4430604982206406 0.094331641285956 0.022538552787663108 0.010998307952622672
0 0.4400948991696323 0.07106598984771573 0.018979833926453145 0.015228426395939085
0 0.4911032028469751 0.05752961082910321 0.021352313167259787 0.015228426395939085
0 0.6465005931198102 0.04272419627749577 0.03084223013048636 0.017766497461928932
0 0.6785290628706999 0.031725888324873094 0.028469750889679717 0.0194585448392555
0 0.6903914590747331 0.06937394247038917 0.026097271648873075 0.015228426395939085
0 0.6589561091340451 0.07698815566835872 0.022538552787663108 0.01353637901861252
0 0.6654804270462634 0.11717428087986463 0.026097271648873075 0.016074450084602367
0 0.7040332147093713 0.10363790186125212 0.027283511269276396 0.0194585448392555
0 0.7206405693950179 0.14001692047377326 0.020166073546856466 0.012690355329949238
0 0.6731909845788849 0.14170896785109982 0.024911032028469754 0.014382402707275803
0 0.6791221826809016 0.18020304568527917 0.024911032028469754 0.018612521150592216
0 0.7194543297746145 0.17174280879864637 0.024911032028469754 0.015228426395939085
0 0.7319098457888494 0.19923857868020303 0.021352313167259787 0.0194585448392555
0 0.6809015421115066 0.21573604060913704 0.02372479240806643 0.01353637901861252
0 0.6981020166073547 0.24407783417935702 0.024911032028469754 0.0194585448392555
0 0.7372479240806643 0.23307952622673433 0.027283511269276396 0.014382402707275803
0 0.7188612099644128 0.2796108291032149 0.02372479240806643 0.016074450084602367
0 0.7455516014234876 0.27538071065989844 0.024911032028469754 0.017766497461928932
0 0.7200474495848161 0.31345177664974616 0.014234875444839859 0.009306260575296108
0 0.7544483985765125 0.315989847715736 0.028469750889679717 0.021150592216582064
0 0.7313167259786477 0.3506768189509306 0.027283511269276396 0.021150592216582064
0 0.7680901542111507 0.35321489001692047 0.027283511269276396 0.021150592216582064
0 0.7704626334519573 0.383248730964467 0.024911032028469754 0.018612521150592216
0 0.7372479240806643 0.3866328257191201 0.027283511269276396 0.01692047377326565
0 0.7497034400948992 0.41455160744500846 0.026097271648873075 0.018612521150592216
0 0.7900355871886121 0.4132825719120135 0.028469750889679717 0.0194585448392555
0 0.7930011862396205 0.44754653130287647 0.024911032028469754 0.01692047377326565
0 0.7663107947805458 0.4513536379018612 0.021352313167259787 0.014382402707275803
0 0.7704626334519573 0.48350253807106597 0.027283511269276396 0.017766497461928932
0 0.8084223013048636 0.48181049069373943 0.024911032028469754 0.016074450084602367
0 0.7769869513641756 0.5067681895093062 0.026097271648873075 0.018612521150592216
0 0.806049822064057 0.5126903553299492 0.022538552787663108 0.015228426395939085
0 0.7787663107947806 0.5384940778341794 0.024911032028469754 0.016074450084602367
0 0.8226571767497035 0.5461082910321489 0.024911032028469754 0.016074450084602367
0 0.7894424673784105 0.5638747884940778 0.024911032028469754 0.021150592216582064
0 0.8279952550415185 0.571912013536379 0.021352313167259787 0.015228426395939085
0 0.83214709371293 0.6019458544839256 0.024911032028469754 0.021150592216582064
0 0.7977461447212337 0.6074450084602369 0.022538552787663108 0.011844331641285956
0 0.8107947805456703 0.6412859560067682 0.024911032028469754 0.02030456852791878
0 0.83926453143535 0.633248730964467 0.024911032028469754 0.017766497461928932
0 0.8102016607354686 0.6696277495769881 0.028469750889679717 0.017766497461928932
0 0.8540925266903915 0.6696277495769881 0.028469750889679717 0.016074450084602367
0 0.8238434163701068 0.7034686971235194 0.024911032028469754 0.0194585448392555
0 0.8600237247924081 0.7017766497461929 0.02372479240806643 0.021150592216582064
0 0.8416370106761566 0.738155668358714 0.03202846975088968 0.014382402707275803
0 0.8790035587188613 0.7339255499153976 0.02372479240806643 0.016074450084602367
0 0.8457888493475683 0.7626903553299492 0.026097271648873075 0.017766497461928932
0 0.8873072360616845 0.7626903553299492 0.026097271648873075 0.0194585448392555
0 0.8612099644128115 0.7948392554991539 0.026097271648873075 0.016074450084602367
0 0.8956109134045078 0.7978003384094754 0.021352313167259787 0.01353637901861252
0 0.8991696322657178 0.8286802030456852 0.02372479240806643 0.012690355329949238
0 0.8606168446026098 0.8274111675126903 0.02965599051008304 0.018612521150592216