0 0.15 0.04261363636363637 0.03888888888888889 0.011363636363636364
0 0.28750000000000003 0.030776515151515152 0.036111111111111115 0.01231060606060606
0 0.2 0.07196969696969698 0.07222222222222223 0.022727272727272728
0 0.30694444444444446 0.07575757575757576 0.06944444444444445 0.022727272727272728
0 0.22777777777777777 0.11505681818181819 0.06666666666666667 0.014204545454545456
0 0.3194444444444445 0.11363636363636365 0.061111111111111116 0.020833333333333336
0 0.33333333333333337 0.15625 0.07222222222222223 0.022727272727272728
0 0.23472222222222222 0.16145833333333334 0.0638888888888889 0.017992424242424244
0 0.2652777777777778 0.19365530303030304 0.058333333333333334 0.019886363636363636
0 0.34444444444444444 0.1875 0.06666666666666667 0.017045454545454544
0 0.375 0.22964015151515152 0.061111111111111116 0.03125
0 0.28611111111111115 0.2334280303030303 0.05 0.014204545454545456
0 0.3125 0.26089015151515155 0.05277777777777778 0.019886363636363636
0 0.39861111111111114 0.26799242424242425 0.058333333333333334 0.013257575757575758
0 0.34444444444444444 0.3106060606060606 0.07222222222222223 0.020833333333333336
0 0.4416666666666667 0.31155303030303033 0.061111111111111116 0.017045454545454544
0 0.3513888888888889 0.35890151515151514 0.058333333333333334 0.020833333333333336
0 0.4708333333333333 0.3522727272727273 0.058333333333333334 0.01893939393939394
0 0.36944444444444446 0.39678030303030304 0.05555555555555556 0.015151515151515152
0 0.49583333333333335 0.3873106060606061 0.075 0.017045454545454544
0 0.4222222222222222 0.4403409090909091 0.07222222222222223 0.017045454545454544
0 0.5319444444444444 0.4266098484848485 0.058333333333333334 0.021780303030303032
0 0.45416666666666666 0.46638257575757575 0.0638888888888889 0.019886363636363636
0 0.5305555555555556 0.4588068181818182 0.07222222222222223 0.017992424242424244
0 0.4625 0.49952651515151514 0.0638888888888889 0.017992424242424244
0 0.5625 0.49573863636363635 0.058333333333333334 0.016098484848484848
0 0.4986111111111111 0.5326704545454546 0.058333333333333334 0.016098484848484848
0 0.5097222222222222 0.5686553030303031 0.04722222222222222 0.021780303030303032
0 0.5833333333333334 0.5265151515151515 0.03333333333333333 0.00946969696969697
0 0.6138888888888889 0.5639204545454546 0.05555555555555556 0.016098484848484848
0 0.5402777777777777 0.6117424242424243 0.0638888888888889 0.01893939393939394
0 0.6597222222222222 0.6060606060606061 0.0638888888888889 0.015151515151515152
0 0.5361111111111111 0.6486742424242424 0.044444444444444446 0.011363636363636364
0 0.6888888888888889 0.6453598484848485 0.044444444444444446 0.017992424242424244
0 0.7069444444444445 0.6856060606060607 0.04722222222222222 0.017045454545454544
0 0.5916666666666667 0.6917613636363636 0.03888888888888889 0.016098484848484848
0 0.6180555555555556 0.7286931818181819 0.058333333333333334 0.016098484848484848
0 0.6166666666666667 0.7675189393939394 0.05555555555555556 0.023674242424242424
0 0.7541666666666667 0.7613636363636364 0.05277777777777778 0.020833333333333336
0 0.6375000000000001 0.8020833333333334 0.06944444444444445 0.01893939393939394
0 0.7597222222222223 0.8006628787878788 0.04722222222222222 0.010416666666666668
0 0.8027777777777778 0.8390151515151515 0.05555555555555556 0.015151515151515152
0 0.6652777777777779 0.8513257575757576 0.058333333333333334 0.01893939393939394
0 0.8347222222222223 0.8754734848484849 0.058333333333333334 0.017992424242424244
0 0.7069444444444445 0.921875 0.058333333333333334 0.021780303030303032
0 0.8250000000000001 0.9133522727272727 0.05 0.017992424242424244