0 0.36968085106382975 0.026984126984126985 0.05319148936170213 0.022222222222222223
0 0.34308510638297873 0.05238095238095238 0.0797872340425532 0.026984126984126985
0 0.21143617021276595 0.05515873015873016 0.10904255319148935 0.016666666666666666
0 0.35638297872340424 0.07658730158730159 0.05851063829787234 0.01507936507936508
0 0.24069148936170212 0.09444444444444444 0.10372340425531915 0.025396825396825397
0 0.3723404255319149 0.10595238095238095 0.10638297872340426 0.01984126984126984
0 0.3656914893617021 0.13253968253968254 0.09308510638297872 0.025396825396825397
0 0.3803191489361702 0.15634920634920635 0.0851063829787234 0.023809523809523808
0 0.2579787234042553 0.1349206349206349 0.07446808510638298 0.015873015873015872
0 0.28856382978723405 0.17539682539682538 0.07180851063829786 0.02857142857142857
0 0.28856382978723405 0.2015873015873016 0.06648936170212766 0.01904761904761905
0 0.4029255319148936 0.19563492063492063 0.07180851063829786 0.016666666666666666
0 0.42154255319148937 0.22142857142857142 0.09308510638297872 0.023809523809523808
0 0.3351063829787234 0.23531746031746031 0.06914893617021277 0.03253968253968254
0 0.44680851063829785 0.2642857142857143 0.0797872340425532 0.02857142857142857
0 0.33643617021276595 0.2765873015873016 0.061170212765957445 0.02619047619047619
0 0.3324468085106383 0.3003968253968254 0.0797872340425532 0.018253968253968255
0 0.4827127659574468 0.2988095238095238 0.08244680851063829 0.013492063492063493
0 0.4827127659574468 0.3261904761904762 0.08244680851063829 0.01746031746031746
0 0.38563829787234044 0.32976190476190476 0.10638297872340426 0.02142857142857143
0 0.5039893617021276 0.35833333333333334 0.08776595744680851 0.02142857142857143
0 0.40558510638297873 0.3896825396825397 0.06648936170212766 0.015873015873015872
0 0.4148936170212766 0.3674603174603175 0.09042553191489361 0.025396825396825397
0 0.5226063829787234 0.3892857142857143 0.07180851063829786 0.024603174603174603
0 0.44015957446808507 0.42103174603174603 0.061170212765957445 0.01507936507936508
0 0.5345744680851063 0.4305555555555556 0.09574468085106383 0.027777777777777776
0 0.5704787234042553 0.4583333333333333 0.07180851063829786 0.018253968253968255
0 0.449468085106383 0.45555555555555555 0.0851063829787234 0.026984126984126985
0 0.47473404255319146 0.49007936507936506 0.07180851063829786 0.029365079365079365
0 0.550531914893617 0.48928571428571427 0.06914893617021277 0.01984126984126984
0 0.48404255319148937 0.5333333333333333 0.05851063829787234 0.012698412698412698
0 0.5651595744680851 0.5206349206349207 0.13031914893617022 0.023809523809523808
0 0.5093085106382979 0.5587301587301587 0.07180851063829786 0.022222222222222223
0 0.5970744680851063 0.5563492063492064 0.09308510638297872 0.03015873015873016
0 0.523936170212766 0.580952380952381 0.0851063829787234 0.020634920634920634
0 0.6183510638297872 0.5884920634920635 0.06648936170212766 0.016666666666666666
0 0.5412234042553191 0.6154761904761905 0.05585106382978723 0.03253968253968254
0 0.5186170212765957 0.6404761904761904 0.05319148936170213 0.01746031746031746
0 0.6502659574468085 0.6341269841269841 0.09308510638297872 0.031746031746031744
0 0.5678191489361702 0.6682539682539682 0.08244680851063829 0.015873015873015872
0 0.6715425531914894 0.6730158730158731 0.09308510638297872 0.025396825396825397
0 0.5718085106382979 0.7051587301587302 0.07446808510638298 0.023015873015873017
0 0.6808510638297872 0.707936507936508 0.0851063829787234 0.023809523809523808
0 0.5824468085106382 0.7273809523809524 0.05319148936170213 0.016666666666666666
0 0.7234042553191489 0.7456349206349207 0.10106382978723404 0.027777777777777776
0 0.6156914893617021 0.7670634920634921 0.05585106382978723 0.023015873015873017
0 0.7539893617021276 0.7896825396825397 0.09840425531914894 0.03015873015873016
0 0.6555851063829787 0.7992063492063493 0.061170212765957445 0.015873015873015872
0 0.6542553191489362 0.7801587301587302 0.0797872340425532 0.020634920634920634
0 0.6529255319148936 0.8273809523809523 0.08244680851063829 0.023015873015873017
0 0.7313829787234042 0.8261904761904761 0.0797872340425532 0.020634920634920634
0 0.7553191489361702 0.8539682539682539 0.1276595744680851 0.026984126984126985
0 0.663563829787234 0.8642857142857143 0.045212765957446804 0.011111111111111112
0 0.7712765957446809 0.8920634920634921 0.07446808510638298 0.03015873015873016
0 0.6968085106382979 0.8936507936507937 0.05319148936170213 0.03015873015873016
0 0.8045212765957447 0.9265873015873016 0.08776595744680851 0.030952380952380953
0 0.7287234042553191 0.9265873015873016 0.0851063829787234 0.034126984126984124
0 0.7420212765957447 0.9682539682539683 0.0851063829787234 0.02857142857142857
0 0.836436170212766 0.9587301587301588 0.09840425531914894 0.031746031746031744