0 0.289405684754522 0.049614643545279384 0.0723514211886305 0.024084778420038536
0 0.16020671834625325 0.07032755298651253 0.06718346253229975 0.023121387283236993
0 0.3087855297157623 0.07658959537572255 0.08010335917312662 0.016377649325626204
0 0.17312661498708012 0.10163776493256262 0.0516795865633075 0.03371868978805395
0 0.3152454780361757 0.1103082851637765 0.0723514211886305 0.027938342967244702
0 0.19509043927648578 0.1430635838150289 0.10077519379844961 0.02601156069364162
0 0.3423772609819122 0.14450867052023122 0.05426356589147287 0.023121387283236993
0 0.21963824289405687 0.18304431599229287 0.06201550387596899 0.023121387283236993
0 0.3488372093023256 0.19026974951830444 0.07751937984496124 0.027938342967244702
0 0.23901808785529716 0.22302504816955684 0.05426356589147287 0.024084778420038536
0 0.4302325581395349 0.26396917148362237 0.043927648578811374 0.015414258188824663
0 0.28552971576227393 0.2711946050096339 0.03359173126614987 0.024084778420038536
0 0.23772609819121449 0.273121387283237 0.041343669250646 0.010597302504816955
0 0.289405684754522 0.31358381502890176 0.09819121447028424 0.027938342967244702
0 0.42635658914728686 0.2991329479768786 0.0723514211886305 0.02601156069364162
0 0.44573643410852715 0.33236994219653176 0.08010335917312662 0.025048169556840076
0 0.32299741602067183 0.35260115606936415 0.09302325581395349 0.025048169556840076
0 0.47545219638242897 0.3699421965317919 0.06718346253229975 0.030828516377649325
0 0.3165374677002584 0.39739884393063585 0.09560723514211887 0.029865125240847785
0 0.4844961240310078 0.40366088631984587 0.08010335917312662 0.025048169556840076
0 0.3682170542635659 0.4421965317919075 0.023255813953488372 0.011560693641618497
0 0.4844961240310078 0.44315992292870904 0.06459948320413438 0.025048169556840076
0 0.5155038759689923 0.4749518304431599 0.04909560723514212 0.015414258188824663
0 0.37209302325581395 0.48554913294797686 0.056847545219638244 0.030828516377649325
0 0.5297157622739018 0.5139691714836223 0.056847545219638244 0.022157996146435453
0 0.4069767441860465 0.5317919075144508 0.08010335917312662 0.019267822736030827
0 0.5284237726098191 0.5500963391136802 0.08010335917312662 0.030828516377649325
0 0.4405684754521964 0.5631021194605009 0.08010335917312662 0.029865125240847785
0 0.4534883720930233 0.6146435452793835 0.08010335917312662 0.025048169556840076
0 0.5568475452196383 0.600674373795761 0.06976744186046512 0.02023121387283237
0 0.5865633074935401 0.6339113680154143 0.0516795865633075 0.017341040462427744
0 0.5155038759689923 0.6955684007707129 0.06459948320413438 0.019267822736030827
0 0.6072351421188631 0.7105009633911368 0.06201550387596899 0.022157996146435453
0 0.5012919896640827 0.73747591522158 0.09819121447028424 0.03564547206165703
0 0.6291989664082688 0.7557803468208092 0.06976744186046512 0.016377649325626204
0 0.5155038759689923 0.7890173410404624 0.09043927648578812 0.03275529865125241
0 0.5465116279069767 0.8222543352601156 0.08527131782945736 0.029865125240847785
0 0.6524547803617571 0.7938342967244701 0.043927648578811374 0.019267822736030827
0 0.6666666666666667 0.8386319845857418 0.06718346253229975 0.02601156069364162
0 0.5801033591731266 0.8877649325626205 0.08010335917312662 0.031791907514450865
0 0.686046511627907 0.8752408477842004 0.08010335917312662 0.022157996146435453
0 0.7015503875968992 0.9176300578034682 0.043927648578811374 0.024084778420038536
0 0.599483204134367 0.9320809248554913 0.082687338501292 0.02601156069364162
0 0.7390180878552972 0.9470134874759152 0.0723514211886305 0.025048169556840076