0 0.3059610705596107 0.9469696969696969 0.02068126520681265 0.021885521885521883
0 0.3442822384428224 0.9410774410774411 0.019464720194647202 0.016835016835016835
0 0.2962287104622871 0.9069865319865319 0.023114355231143552 0.017676767676767676
0 0.28771289537712896 0.877104377104377 0.027980535279805353 0.021885521885521883
0 0.3302919708029197 0.869107744107744 0.013381995133819952 0.014309764309764309
0 0.2725060827250608 0.8425925925925926 0.026763990267639905 0.01515151515151515
0 0.3102189781021898 0.8097643097643097 0.0170316301703163 0.013468013468013467
0 0.3144768856447689 0.8367003367003366 0.018248175182481754 0.01515151515151515
0 0.2682481751824818 0.8143939393939393 0.025547445255474453 0.014309764309764309
0 0.2542579075425791 0.7807239057239057 0.031630170316301706 0.01936026936026936
0 0.3059610705596107 0.7777777777777778 0.02068126520681265 0.01515151515151515
0 0.25364963503649635 0.752104377104377 0.027980535279805353 0.01936026936026936
0 0.29440389294403896 0.7436868686868686 0.0170316301703163 0.017676767676767676
0 0.23540145985401462 0.7091750841750841 0.030413625304136254 0.014309764309764309
0 0.2864963503649635 0.7104377104377104 0.015815085158150853 0.01515151515151515
0 0.2798053527980535 0.6839225589225589 0.024330900243309004 0.014309764309764309
0 0.2305352798053528 0.6797138047138047 0.025547445255474453 0.014309764309764309
0 0.2688564476885645 0.6523569023569024 0.026763990267639905 0.01515151515151515
0 0.2232360097323601 0.6481481481481481 0.03527980535279805 0.016835016835016835
0 0.20681265206812652 0.6098484848484849 0.026763990267639905 0.015993265993265993
0 0.2621654501216545 0.6233164983164983 0.030413625304136254 0.014309764309764309
0 0.25 0.5862794612794613 0.025547445255474453 0.014309764309764309
0 0.19525547445255476 0.5778619528619529 0.030413625304136254 0.017676767676767676
0 0.23540145985401462 0.5542929292929293 0.018248175182481754 0.009259259259259259
0 0.19038929440389296 0.5467171717171717 0.030413625304136254 0.017676767676767676
0 0.22506082725060828 0.515993265993266 0.014598540145985401 0.0101010101010101
0 0.1818734793187348 0.5134680134680134 0.03527980535279805 0.016835016835016835
0 0.22019464720194648 0.4861111111111111 0.026763990267639905 0.015993265993265993
0 0.1721411192214112 0.48358585858585856 0.023114355231143552 0.014309764309764309
0 0.1630170316301703 0.4511784511784512 0.024330900243309004 0.01515151515151515
0 0.20681265206812652 0.44865319865319864 0.019464720194647202 0.013468013468013467
0 0.19282238442822386 0.4158249158249158 0.02068126520681265 0.011784511784511785
0 0.15085158150851583 0.4183501683501683 0.026763990267639905 0.013468013468013467
0 0.18552311435523114 0.3876262626262626 0.018248175182481754 0.014309764309764309
0 0.14416058394160583 0.38636363636363635 0.032846715328467155 0.0202020202020202
0 0.1380778588807786 0.3598484848484848 0.025547445255474453 0.017676767676767676
0 0.18004866180048662 0.3493265993265993 0.026763990267639905 0.016835016835016835
0 0.15632603406326034 0.3093434343434343 0.018248175182481754 0.012626262626262626
0 0.12165450121654502 0.3223905723905724 0.026763990267639905 0.018518518518518517
0 0.10401459854014598 0.29166666666666663 0.025547445255474453 0.014309764309764309
0 0.14598540145985403 0.273989898989899 0.019464720194647202 0.014309764309764309
0 0.10888077858880779 0.2558922558922559 0.032846715328467155 0.016835016835016835
0 0.14294403892944038 0.24074074074074073 0.023114355231143552 0.013468013468013467
0 0.09367396593673966 0.22390572390572389 0.029197080291970802 0.018518518518518517
0 0.128345498783455 0.2121212121212121 0.018248175182481754 0.013468013468013467
0 0.11557177615571776 0.18265993265993266 0.014598540145985401 0.008417508417508417
0 0.07664233576642336 0.1914983164983165 0.029197080291970802 0.017676767676767676
0 0.07664233576642336 0.1531986531986532 0.0170316301703163 0.016835016835016835
0 0.10766423357664234 0.15025252525252525 0.025547445255474453 0.015993265993265993
0 0.25060827250608275 0.12037037037037036 0.026763990267639905 0.01515151515151515
0 0.3083941605839416 0.12163299663299663 0.027980535279805353 0.015993265993265993
0 0.2725060827250608 0.15488215488215487 0.021897810218978103 0.01515151515151515
0 0.32116788321167883 0.16035353535353536 0.019464720194647202 0.014309764309764309
0 0.3369829683698297 0.19318181818181818 0.024330900243309004 0.010942760942760942
0 0.29257907542579076 0.22264309764309764 0.02068126520681265 0.015993265993265993
0 0.34063260340632606 0.23148148148148148 0.019464720194647202 0.011784511784511785
0 0.3035279805352798 0.2563131313131313 0.025547445255474453 0.015993265993265993
0 0.3497566909975669 0.2706228956228956 0.02068126520681265 0.009259259259259259
0 0.31569343065693434 0.2954545454545454 0.023114355231143552 0.013468013468013467
0 0.35279805352798055 0.3068181818181818 0.026763990267639905 0.014309764309764309
0 0.3309002433090024 0.3274410774410774 0.021897810218978103 0.016835016835016835
0 0.3631386861313869 0.3413299663299663 0.02068126520681265 0.015993265993265993
0 0.33576642335766427 0.3627946127946128 0.031630170316301706 0.016835016835016835
0 0.3765206812652068 0.3737373737373737 0.025547445255474453 0.016835016835016835
0 0.3418491484184915 0.4036195286195286 0.024330900243309004 0.014309764309764309
0 0.38442822384428227 0.4095117845117845 0.024330900243309004 0.015993265993265993
0 0.35705596107055965 0.44107744107744107 0.025547445255474453 0.016835016835016835
0 0.40085158150851585 0.43897306397306396 0.027980535279805353 0.015993265993265993
0 0.36922141119221413 0.4659090909090909 0.025547445255474453 0.014309764309764309
0 0.4045012165450122 0.4743265993265993 0.027980535279805353 0.015993265993265993
0 0.38199513381995137 0.5058922558922558 0.019464720194647202 0.01515151515151515
0 0.4142335766423358 0.51010101010101 0.030413625304136254 0.013468013468013467
0 0.4209245742092457 0.5437710437710438 0.019464720194647202 0.016835016835016835
0 0.38929440389294406 0.5429292929292929 0.024330900243309004 0.008417508417508417
0 0.3984184914841849 0.5774410774410774 0.030413625304136254 0.01515151515151515
0 0.43856447688564476 0.5744949494949495 0.023114355231143552 0.014309764309764309
0 0.4422141119221411 0.6043771043771043 0.025547445255474453 0.016835016835016835
0 0.4233576642335767 0.6473063973063973 0.024330900243309004 0.01515151515151515
0 0.4653284671532847 0.6426767676767676 0.015815085158150853 0.012626262626262626
0 0.43065693430656937 0.6792929292929293 0.031630170316301706 0.013468013468013467
0 0.47141119221411193 0.6767676767676767 0.025547445255474453 0.013468013468013467
0 0.43552311435523117 0.7171717171717171 0.024330900243309004 0.013468013468013467
0 0.47323600973236013 0.7154882154882155 0.019464720194647202 0.016835016835016835
0 0.4531630170316302 0.747053872053872 0.027980535279805353 0.014309764309764309
0 0.4902676399026764 0.7411616161616161 0.024330900243309004 0.02104377104377104
0 0.4610705596107056 0.7735690235690236 0.014598540145985401 0.0101010101010101
0 0.4969586374695864 0.7714646464646464 0.025547445255474453 0.010942760942760942
0 0.5188564476885645 0.8068181818181818 0.015815085158150853 0.010942760942760942
0 0.47080291970802923 0.8135521885521885 0.024330900243309004 0.014309764309764309
0 0.48175182481751827 0.8468013468013468 0.031630170316301706 0.01515151515151515
0 0.5218978102189781 0.8388047138047138 0.024330900243309004 0.015993265993265993
0 0.5267639902676399 0.8707912457912458 0.019464720194647202 0.014309764309764309
0 0.4835766423357664 0.8758417508417508 0.027980535279805353 0.01936026936026936
0 0.4969586374695864 0.9074074074074073 0.023114355231143552 0.011784511784511785
0 0.6788321167883212 0.8766835016835016 0.026763990267639905 0.012626262626262626
0 0.7226277372262774 0.8606902356902356 0.024330900243309004 0.015993265993265993
0 0.6745742092457421 0.8455387205387205 0.027980535279805353 0.01936026936026936
0 0.7098540145985401 0.8228114478114478 0.027980535279805353 0.014309764309764309
0 0.6551094890510949 0.8127104377104377 0.018248175182481754 0.015993265993265993
0 0.7068126520681265 0.7958754208754208 0.021897810218978103 0.012626262626262626
0 0.6867396593673966 0.7575757575757576 0.027980535279805353 0.016835016835016835
0 0.6368613138686131 0.7373737373737373 0.02068126520681265 0.011784511784511785
0 0.6794403892944039 0.7230639730639731 0.023114355231143552 0.013468013468013467
0 0.6630170316301703 0.6923400673400673 0.026763990267639905 0.017676767676767676
0 0.6307785888077859 0.6969696969696969 0.025547445255474453 0.01515151515151515
0 0.6161800486618005 0.6704545454545454 0.025547445255474453 0.01936026936026936
0 0.666058394160584 0.6574074074074073 0.030413625304136254 0.011784511784511785
0 0.604014598540146 0.6283670033670034 0.025547445255474453 0.015993265993265993
0 0.6538929440389295 0.625 0.023114355231143552 0.02104377104377104
0 0.5967153284671532 0.5972222222222222 0.025547445255474453 0.015993265993265993
0 0.6490267639902677 0.5888047138047138 0.027980535279805353 0.017676767676767676
0 0.6338199513381996 0.5559764309764309 0.026763990267639905 0.015993265993265993
0 0.5924574209245742 0.5673400673400674 0.026763990267639905 0.0202020202020202
0 0.5778588807785888 0.5265151515151515 0.024330900243309004 0.015993265993265993
0 0.6289537712895378 0.5277777777777778 0.019464720194647202 0.0202020202020202
0 0.6094890510948905 0.49326599326599324 0.029197080291970802 0.016835016835016835
0 0.5717761557177615 0.4949494949494949 0.029197080291970802 0.013468013468013467
0 0.555352798053528 0.4621212121212121 0.02068126520681265 0.018518518518518517
0 0.6021897810218978 0.460016835016835 0.024330900243309004 0.014309764309764309
0 0.5967153284671532 0.43476430976430974 0.023114355231143552 0.015993265993265993
0 0.5450121654501217 0.4271885521885522 0.0170316301703163 0.014309764309764309
0 0.5845498783454988 0.3994107744107744 0.023114355231143552 0.015993265993265993
0 0.5352798053527981 0.39057239057239057 0.026763990267639905 0.0101010101010101
0 0.5754257907542579 0.36952861952861954 0.026763990267639905 0.01515151515151515
0 0.5298053527980535 0.35227272727272724 0.023114355231143552 0.012626262626262626
0 0.5632603406326034 0.32870370370370366 0.029197080291970802 0.012626262626262626
0 0.5231143552311436 0.3135521885521885 0.024330900243309004 0.014309764309764309
0 0.5523114355231143 0.29924242424242425 0.026763990267639905 0.014309764309764309
0 0.5030413625304136 0.28703703703703703 0.025547445255474453 0.016835016835016835
0 0.5425790754257908 0.2643097643097643 0.029197080291970802 0.01515151515151515
0 0.49330900243309006 0.25547138047138046 0.025547445255474453 0.012626262626262626
0 0.5346715328467153 0.23148148148148148 0.018248175182481754 0.016835016835016835
0 0.49148418491484186 0.21927609427609426 0.024330900243309004 0.009259259259259259
0 0.524330900243309 0.19360269360269358 0.026763990267639905 0.016835016835016835
0 0.48236009732360097 0.18476430976430977 0.02068126520681265 0.015993265993265993
0 0.5066909975669099 0.16456228956228955 0.027980535279805353 0.015993265993265993
0 0.4586374695863747 0.14856902356902357 0.019464720194647202 0.014309764309764309
0 0.5066909975669099 0.13257575757575757 0.023114355231143552 0.015993265993265993
0 0.4555961070559611 0.11658249158249158 0.018248175182481754 0.014309764309764309
0 0.4951338199513382 0.10058922558922559 0.024330900243309004 0.010942760942760942
0 0.4482968369829684 0.08122895622895622 0.025547445255474453 0.012626262626262626
0 0.48905109489051096 0.06902356902356901 0.029197080291970802 0.018518518518518517
0 0.6411192214111923 0.0404040404040404 0.026763990267639905 0.0202020202020202
0 0.6551094890510949 0.07281144781144781 0.032846715328467155 0.015993265993265993
0 0.6636253041362531 0.10521885521885521 0.030413625304136254 0.018518518518518517
0 0.6745742092457421 0.14015151515151514 0.027980535279805353 0.015993265993265993
0 0.7232360097323601 0.14183501683501684 0.018248175182481754 0.012626262626262626
0 0.6800486618004866 0.17087542087542087 0.021897810218978103 0.016835016835016835
0 0.7354014598540146 0.17718855218855217 0.013381995133819952 0.009259259259259259
0 0.6940389294403894 0.20244107744107742 0.02068126520681265 0.015993265993265993
0 0.7062043795620438 0.23905723905723905 0.023114355231143552 0.013468013468013467
0 0.7183698296836983 0.2744107744107744 0.018248175182481754 0.013468013468013467
0 0.7220194647201946 0.30892255892255893 0.018248175182481754 0.013468013468013467
0 0.7378345498783455 0.3409090909090909 0.018248175182481754 0.01515151515151515
0 0.7439172749391728 0.3779461279461279 0.023114355231143552 0.011784511784511785
0 0.7779805352798054 0.32281144781144777 0.018248175182481754 0.009259259259259259
0 0.7548661800486618 0.41414141414141414 0.023114355231143552 0.018518518518518517
0 0.7615571776155718 0.44781144781144777 0.029197080291970802 0.013468013468013467
0 0.8114355231143553 0.43097643097643096 0.019464720194647202 0.008417508417508417
0 0.7694647201946472 0.47937710437710435 0.030413625304136254 0.017676767676767676
0 0.791970802919708 0.5143097643097643 0.029197080291970802 0.01515151515151515
0 0.8041362530413626 0.5471380471380471 0.026763990267639905 0.01515151515151515
0 0.8071776155717761 0.5820707070707071 0.023114355231143552 0.015993265993265993
0 0.8582725060827251 0.5959595959595959 0.027980535279805353 0.013468013468013467
0 0.8083941605839416 0.617003367003367 0.025547445255474453 0.013468013468013467
0 0.8546228710462287 0.625 0.025547445255474453 0.010942760942760942
0 0.822992700729927 0.646043771043771 0.030413625304136254 0.017676767676767676
0 0.8290754257907543 0.6784511784511784 0.02068126520681265 0.013468013468013467
0 0.8868613138686131 0.6889730639730639 0.019464720194647202 0.014309764309764309
0 0.843065693430657 0.7053872053872053 0.019464720194647202 0.013468013468013467
0 0.8467153284671534 0.7386363636363636 0.024330900243309004 0.009259259259259259
0 0.8941605839416059 0.7222222222222222 0.0170316301703163 0.013468013468013467
0 0.8996350364963503 0.7529461279461279 0.023114355231143552 0.012626262626262626
0 0.8613138686131387 0.765993265993266 0.021897810218978103 0.016835016835016835
0 0.874087591240876 0.8021885521885521 0.025547445255474453 0.011784511784511785
0 0.9105839416058394 0.7908249158249158 0.025547445255474453 0.012626262626262626
0 0.8728710462287105 0.8333333333333333 0.023114355231143552 0.0101010101010101