0 0.27604166666666663 0.0545045045045045 0.09895833333333333 0.024324324324324326
0 0.15494791666666666 0.07117117117117117 0.07552083333333333 0.023423423423423424
0 0.32421875 0.08963963963963964 0.08072916666666666 0.02252252252252252
0 0.19661458333333331 0.10405405405405406 0.08072916666666666 0.02252252252252252
0 0.3333333333333333 0.12837837837837837 0.08854166666666666 0.027927927927927927
0 0.3528645833333333 0.15675675675675677 0.0859375 0.02702702702702703
0 0.20572916666666666 0.13513513513513514 0.08854166666666666 0.025225225225225224
0 0.23958333333333331 0.17162162162162162 0.08333333333333333 0.024324324324324326
0 0.38671875 0.1927927927927928 0.0703125 0.02882882882882883
0 0.23697916666666666 0.20585585585585586 0.078125 0.027927927927927927
0 0.3802083333333333 0.22837837837837838 0.07291666666666666 0.024324324324324326
0 0.41796875 0.2626126126126126 0.06510416666666666 0.03513513513513514
0 0.23697916666666666 0.2509009009009009 0.0625 0.024324324324324326
0 0.27604166666666663 0.2828828828828829 0.08854166666666666 0.03063063063063063
0 0.41276041666666663 0.29864864864864865 0.08072916666666666 0.027927927927927927
0 0.31119791666666663 0.32207207207207206 0.0703125 0.026126126126126126
0 0.44791666666666663 0.3382882882882883 0.0625 0.01891891891891892
0 0.31901041666666663 0.35405405405405405 0.07552083333333333 0.032432432432432434
0 0.35416666666666663 0.39054054054054055 0.07291666666666666 0.026126126126126126
0 0.47135416666666663 0.3864864864864865 0.0625 0.03063063063063063
0 0.47135416666666663 0.4283783783783784 0.08333333333333333 0.02252252252252252
0 0.3606770833333333 0.42792792792792794 0.07552083333333333 0.02702702702702703
0 0.375 0.4563063063063063 0.07291666666666666 0.026126126126126126
0 0.5078125 0.4635135135135135 0.09895833333333333 0.02252252252252252
0 0.37109375 0.4891891891891892 0.08072916666666666 0.02702702702702703
0 0.48828125 0.5108108108108108 0.0859375 0.02882882882882883
0 0.3880208333333333 0.5225225225225225 0.07291666666666666 0.023423423423423424
0 0.5494791666666666 0.5504504504504505 0.078125 0.02882882882882883
0 0.4153645833333333 0.5644144144144144 0.0703125 0.026126126126126126
0 0.4388020833333333 0.6 0.09635416666666666 0.025225225225225224
0 0.55859375 0.5846846846846847 0.09114583333333333 0.02882882882882883
0 0.5950520833333333 0.6292792792792793 0.09114583333333333 0.02972972972972973
0 0.4739583333333333 0.6337837837837837 0.08854166666666666 0.027927927927927927
0 0.4583333333333333 0.677027027027027 0.078125 0.026126126126126126
0 0.59765625 0.663963963963964 0.08072916666666666 0.023423423423423424
0 0.49609375 0.7067567567567568 0.09114583333333333 0.03333333333333333
0 0.6197916666666666 0.7072072072072072 0.08333333333333333 0.032432432432432434
0 0.6471354166666666 0.736936936936937 0.09114583333333333 0.021621621621621623
0 0.5234375 0.7414414414414414 0.09375 0.02702702702702703
0 0.65234375 0.7774774774774775 0.0859375 0.02702702702702703
0 0.53515625 0.7792792792792793 0.08072916666666666 0.03063063063063063
0 0.6809895833333333 0.8085585585585585 0.09114583333333333 0.024324324324324326
0 0.69921875 0.8355855855855856 0.07552083333333333 0.024324324324324326
0 0.5494791666666666 0.8193693693693693 0.07291666666666666 0.02252252252252252
0 0.5533854166666666 0.8608108108108108 0.0703125 0.02072072072072072
0 0.70703125 0.877927927927928 0.07552083333333333 0.02972972972972973
0 0.5911458333333333 0.8963963963963965 0.08854166666666666 0.03063063063063063
0 0.59765625 0.9256756756756757 0.09114583333333333 0.024324324324324326
0 0.7252604166666666 0.9157657657657657 0.1015625 0.027927927927927927
0 0.7421875 0.9581081081081081 0.078125 0.03153153153153153
0 0.6184895833333333 0.9689189189189189 0.09114583333333333 0.026126126126126126