0 0.2190332326283988 0.08064516129032258 0.08157099697885196 0.03225806451612903
0 0.43202416918429004 0.08838709677419355 0.07250755287009064 0.02967741935483871
0 0.2854984894259819 0.12580645161290321 0.08157099697885196 0.03483870967741935
0 0.46676737160120846 0.1393548387096774 0.06948640483383686 0.04129032258064516
0 0.4561933534743202 0.19032258064516128 0.09667673716012085 0.03741935483870968
0 0.31722054380664655 0.1761290322580645 0.09063444108761329 0.04258064516129032
0 0.3474320241691843 0.2232258064516129 0.09667673716012085 0.03870967741935484
0 0.5075528700906344 0.23483870967741935 0.07854984894259819 0.025806451612903226
0 0.3731117824773414 0.27483870967741936 0.09365558912386707 0.03354838709677419
0 0.49244712990936557 0.28258064516129033 0.08459214501510574 0.03870967741935484
0 0.3851963746223565 0.327741935483871 0.06948640483383686 0.0464516129032258
0 0.4199395770392749 0.3638709677419355 0.07854984894259819 0.02838709677419355
0 0.5196374622356495 0.3303225806451613 0.09667673716012085 0.03612903225806452
0 0.5377643504531722 0.3793548387096774 0.09063444108761329 0.03870967741935484
0 0.4078549848942598 0.4019354838709677 0.10876132930513595 0.03225806451612903
0 0.4229607250755287 0.4458064516129032 0.09667673716012085 0.04774193548387097
0 0.4637462235649547 0.4858064516129032 0.08157099697885196 0.03225806451612903
0 0.5785498489425982 0.4206451612903226 0.0755287009063444 0.02838709677419355
0 0.5740181268882175 0.4541935483870968 0.04833836858006042 0.0232258064516129
0 0.472809667673716 0.5335483870967742 0.08761329305135952 0.02967741935483871
0 0.5936555891238671 0.5148387096774194 0.08157099697885196 0.04387096774193548
0 0.6087613293051359 0.5535483870967742 0.0755287009063444 0.03354838709677419
0 0.48489425981873113 0.5851612903225807 0.08761329305135952 0.03741935483870968
0 0.620845921450151 0.6 0.08157099697885196 0.03354838709677419
0 0.6525679758308157 0.6380645161290323 0.09667673716012085 0.04
0 0.5196374622356495 0.6470967741935484 0.09667673716012085 0.04258064516129032
0 0.5574018126888217 0.6903225806451613 0.10574018126888217 0.04387096774193548
0 0.6737160120845922 0.6851612903225807 0.08459214501510574 0.04387096774193548
0 0.5558912386706949 0.7445161290322581 0.1027190332326284 0.03354838709677419
0 0.6903323262839879 0.7374193548387097 0.0755287009063444 0.03225806451612903
0 0.7084592145015106 0.7845161290322581 0.09969788519637462 0.03354838709677419
0 0.6027190332326284 0.8032258064516129 0.08761329305135952 0.04516129032258064
0 0.7447129909365559 0.8361290322580646 0.09365558912386707 0.03870967741935484
0 0.7688821752265861 0.8748387096774194 0.06948640483383686 0.03354838709677419
0 0.5891238670694864 0.8574193548387097 0.07250755287009064 0.03225806451612903
0 0.6314199395770392 0.8903225806451613 0.07250755287009064 0.03354838709677419
0 0.7734138972809668 0.9193548387096774 0.09063444108761329 0.04
0 0.6601208459214502 0.9458064516129032 0.08761329305135952 0.0464516129032258
0 0.7885196374622356 0.9696774193548388 0.08459214501510574 0.03741935483870968