0 0.816265 0.916996 0.060241 0.017787
0 0.655120 0.903162 0.069277 0.019763
0 0.765060 0.853755 0.084337 0.025692
0 0.611446 0.829545 0.072289 0.020751
0 0.590361 0.794466 0.084337 0.019763
0 0.710843 0.774209 0.054217 0.014822
0 0.682229 0.741601 0.033133 0.012846
0 0.567771 0.763340 0.063253 0.018775
0 0.542169 0.693676 0.078313 0.019763
0 0.647590 0.671443 0.078313 0.026680
0 0.626506 0.637846 0.072289 0.020751
0 0.490964 0.650198 0.066265 0.017787
0 0.472892 0.605237 0.078313 0.020751
0 0.448795 0.566206 0.072289 0.019763
0 0.573795 0.541502 0.069277 0.019763
0 0.429217 0.528656 0.081325 0.025692
0 0.549699 0.497530 0.069277 0.018775
0 0.411145 0.500494 0.069277 0.022727
0 0.409639 0.466403 0.066265 0.019763
0 0.512048 0.441206 0.054217 0.016798
0 0.393072 0.432806 0.063253 0.021739
0 0.490964 0.396245 0.078313 0.015810
0 0.359940 0.400198 0.075301 0.017787
0 0.344880 0.366107 0.063253 0.020751
0 0.465361 0.360672 0.087349 0.017787
0 0.444277 0.325099 0.063253 0.015810
0 0.302711 0.289526 0.057229 0.015810
0 0.414157 0.283597 0.075301 0.023715
0 0.405120 0.251976 0.069277 0.021739
0 0.290663 0.246047 0.069277 0.017787
0 0.246988 0.219862 0.066265 0.016798
0 0.361446 0.176383 0.084337 0.024704
0 0.314759 0.134387 0.081325 0.021739
0 0.204819 0.136858 0.066265 0.018775
0 0.174699 0.094368 0.048193 0.016798
0 0.144578 0.059783 0.066265 0.024704
0 0.296687 0.050395 0.081325 0.023715
