0 0.6266891891891893 0.9533169533169533 0.125 0.03194103194103194
0 0.8209459459459459 0.89004914004914 0.10810810810810811 0.025798525798525797
0 0.5810810810810811 0.9078624078624078 0.10810810810810811 0.029484029484029485
0 0.6097972972972974 0.8648648648648648 0.09797297297297297 0.036855036855036855
0 0.5793918918918919 0.8101965601965602 0.125 0.03562653562653562
0 0.8057432432432433 0.7917690417690417 0.11148648648648649 0.04054054054054054
0 0.8057432432432433 0.7542997542997543 0.08445945945945946 0.019656019656019656
0 0.7888513513513514 0.7106879606879607 0.09121621621621623 0.033169533169533166
0 0.7516891891891893 0.6664619164619164 0.07770270270270271 0.033169533169533166
0 0.5726351351351352 0.7555282555282555 0.11148648648648649 0.03194103194103194
0 0.5320945945945946 0.7180589680589681 0.10472972972972974 0.03808353808353808
0 0.5185810810810811 0.6732186732186732 0.08445945945945946 0.03931203931203931
0 0.48141891891891897 0.6234643734643734 0.10472972972972974 0.04054054054054054
0 0.4712837837837838 0.5614250614250614 0.10472972972972974 0.027027027027027025
0 0.6993243243243243 0.5804668304668305 0.07432432432432433 0.025798525798525797
0 0.6942567567567568 0.5423832923832924 0.11148648648648649 0.042997542997543
0 0.46452702702702703 0.5208845208845209 0.08445945945945946 0.029484029484029485
0 0.6638513513513514 0.5 0.08445945945945946 0.0343980343980344
0 0.6486486486486487 0.4582309582309582 0.12162162162162163 0.036855036855036855
0 0.43412162162162166 0.46498771498771496 0.13175675675675677 0.03808353808353808
0 0.3935810810810811 0.4312039312039312 0.09121621621621623 0.02457002457002457
0 0.6520270270270271 0.41154791154791154 0.11486486486486487 0.0343980343980344
0 0.5692567567567568 0.3746928746928747 0.11148648648648649 0.04176904176904177
0 0.3986486486486487 0.36855036855036855 0.08783783783783784 0.029484029484029485
0 0.5929054054054055 0.32678132678132676 0.11148648648648649 0.036855036855036855
0 0.3462837837837838 0.3058968058968059 0.11148648648648649 0.027027027027027025
0 0.36993243243243246 0.2757985257985258 0.09121621621621623 0.02334152334152334
0 0.32094594594594594 0.2549140049140049 0.08108108108108109 0.02334152334152334
0 0.30236486486486486 0.2199017199017199 0.10472972972972974 0.03931203931203931
0 0.5253378378378378 0.18918918918918917 0.11824324324324326 0.03194103194103194
0 0.30912162162162166 0.16339066339066338 0.10472972972972974 0.03194103194103194
0 0.5033783783783784 0.14619164619164618 0.06756756756756757 0.022113022113022112
0 0.46790540540540543 0.0988943488943489 0.08445945945945946 0.02334152334152334
0 0.26182432432432434 0.11056511056511056 0.09121621621621623 0.022113022113022112
0 0.23986486486486489 0.06633906633906633 0.05405405405405406 0.0171990171990172
0 0.47972972972972977 0.05343980343980344 0.07432432432432433 0.02334152334152334