0 0.682432 0.936971 0.051351 0.018815
0 0.779730 0.935560 0.056757 0.021637
0 0.762162 0.912512 0.048649 0.015052
0 0.648649 0.909690 0.037838 0.013170
0 0.636486 0.882408 0.045946 0.015052
0 0.747297 0.876294 0.045946 0.015992
0 0.709459 0.832079 0.056757 0.017874
0 0.697297 0.799153 0.048649 0.014111
0 0.591892 0.808090 0.048649 0.016933
0 0.683784 0.753998 0.027027 0.010348
0 0.589189 0.770461 0.043243 0.013170
0 0.579730 0.738006 0.051351 0.012230
0 0.563514 0.700847 0.056757 0.016933
0 0.635135 0.688147 0.054054 0.015992
0 0.632432 0.655691 0.043243 0.011289
0 0.522973 0.665569 0.045946 0.014111
0 0.605405 0.615240 0.059459 0.015052
0 0.491892 0.629821 0.043243 0.015992
0 0.489189 0.599718 0.048649 0.015992
0 0.566216 0.555033 0.056757 0.016933
0 0.460811 0.561148 0.051351 0.015992
0 0.447297 0.530574 0.067568 0.018815
0 0.554054 0.516463 0.059459 0.015052
0 0.517568 0.484008 0.035135 0.010348
0 0.432432 0.489182 0.059459 0.015052
0 0.436486 0.467074 0.029730 0.012230
0 0.414865 0.451082 0.062162 0.017874
0 0.490541 0.434619 0.051351 0.016933
0 0.470270 0.402634 0.048649 0.015052
0 0.393243 0.412041 0.056757 0.016933
0 0.381081 0.373471 0.064865 0.015052
0 0.450000 0.371119 0.051351 0.015992
0 0.443243 0.336312 0.064865 0.019755
0 0.355405 0.330198 0.067568 0.018815
0 0.431081 0.306679 0.062162 0.016933
0 0.313514 0.299624 0.048649 0.014111
0 0.414865 0.271872 0.045946 0.015052
0 0.275676 0.262935 0.048649 0.014111
0 0.377027 0.233772 0.051351 0.014111
0 0.247297 0.226717 0.051351 0.015052
0 0.354054 0.200847 0.054054 0.015992
0 0.256757 0.176388 0.064865 0.019755
0 0.336486 0.165099 0.056757 0.017874
0 0.320270 0.129351 0.051351 0.017874
0 0.231081 0.132173 0.072973 0.019755
0 0.187838 0.094073 0.051351 0.016933
0 0.304054 0.095955 0.062162 0.016933
0 0.279730 0.049859 0.056757 0.018815
0 0.170270 0.057385 0.059459 0.016933
