0 0.36710963455149503 0.04353233830845771 0.11627906976744186 0.03731343283582089
0 0.15614617940199335 0.06716417910447761 0.03986710963455149 0.02736318407960199
0 0.3787375415282392 0.09390547263681592 0.09302325581395349 0.041044776119402986
0 0.2142857142857143 0.12686567164179105 0.09634551495016612 0.03482587064676617
0 0.4019933554817276 0.1417910447761194 0.08637873754152824 0.01990049751243781
0 0.42026578073089704 0.17039800995024876 0.09634551495016612 0.03731343283582089
0 0.260797342192691 0.17288557213930347 0.08970099667774087 0.029850746268656716
0 0.2541528239202658 0.21517412935323382 0.08970099667774087 0.03731343283582089
0 0.4318936877076412 0.22139303482587064 0.09966777408637874 0.03731343283582089
0 0.4584717607973422 0.2630597014925373 0.09302325581395349 0.03855721393034826
0 0.3023255813953488 0.2574626865671642 0.11295681063122924 0.04228855721393035
0 0.47176079734219273 0.30907960199004975 0.09966777408637874 0.04353233830845771
0 0.30066445182724255 0.31840796019900497 0.09634551495016612 0.04477611940298507
0 0.34551495016611294 0.35572139303482586 0.09966777408637874 0.029850746268656716
0 0.4966777408637874 0.35261194029850745 0.08970099667774087 0.03109452736318408
0 0.5 0.39241293532338306 0.06976744186046512 0.026119402985074626
0 0.3372093023255814 0.4085820895522388 0.08970099667774087 0.04353233830845771
0 0.39368770764119604 0.4552238805970149 0.10963455149501661 0.03980099502487562
0 0.5581395348837209 0.4521144278606965 0.08637873754152824 0.036069651741293535
0 0.5863787375415282 0.4968905472636816 0.07641196013289037 0.03855721393034826
0 0.5980066445182725 0.5379353233830846 0.10631229235880399 0.041044776119402986
0 0.4285714285714286 0.5174129353233831 0.11295681063122924 0.03731343283582089
0 0.4335548172757475 0.5727611940298507 0.14950166112956811 0.03109452736318408
0 0.6162790697674418 0.5833333333333334 0.08970099667774087 0.03482587064676617
0 0.6578073089700996 0.6299751243781094 0.10631229235880399 0.03109452736318408
0 0.5033222591362126 0.6200248756218906 0.11627906976744186 0.033582089552238806
0 0.5099667774086379 0.6585820895522388 0.11627906976744186 0.02860696517412935
0 0.6694352159468439 0.6772388059701493 0.10963455149501661 0.04353233830845771
0 0.5199335548172758 0.7201492537313433 0.12956810631229237 0.0472636815920398
0 0.6661129568106312 0.7394278606965174 0.12292358803986711 0.033582089552238806
0 0.5365448504983389 0.7736318407960199 0.12292358803986711 0.0472636815920398
0 0.7009966777408638 0.7835820895522387 0.09966777408637874 0.03731343283582089
0 0.6029900332225914 0.845771144278607 0.09634551495016612 0.03482587064676617
0 0.760797342192691 0.8743781094527363 0.08637873754152824 0.04477611940298507
0 0.7674418604651163 0.9272388059701492 0.10631229235880399 0.03855721393034826
0 0.6079734219269103 0.9017412935323383 0.11960132890365449 0.03980099502487562
0 0.6162790697674418 0.9558457711442786 0.10963455149501661 0.041044776119402986