0 0.28097982708933716 0.05744888023369036 0.0547550432276657 0.013631937682570594
0 0.19164265129682995 0.11100292112950341 0.0547550432276657 0.019474196689386564
0 0.20605187319884724 0.14410905550146058 0.06628242074927954 0.01557935735150925
0 0.3184438040345821 0.13777994157740994 0.07204610951008646 0.016553067185978577
0 0.36023054755043227 0.17575462512171375 0.06340057636887608 0.018500486854917234
0 0.25504322766570603 0.21324245374878287 0.07204610951008646 0.019474196689386564
0 0.39048991354466855 0.21178188899707887 0.07204610951008646 0.018500486854917234
0 0.27665706051873196 0.26144109055501463 0.05763688760806916 0.008763388510223954
0 0.28674351585014407 0.2940603700097371 0.0547550432276657 0.013631937682570594
0 0.41354466858789624 0.2862706913339825 0.06628242074927954 0.02142161635832522
0 0.4510086455331412 0.32327166504381694 0.04899135446685879 0.01557935735150925
0 0.3429394812680115 0.33446932814021424 0.06340057636887608 0.02044790652385589
0 0.35446685878962536 0.372444011684518 0.05763688760806916 0.014605647517039922
0 0.4711815561959654 0.3592989289191821 0.04322766570605187 0.009737098344693282
0 0.37463976945244953 0.4186952288218111 0.04610951008645533 0.017526777020447908
0 0.37896253602305474 0.45131450827653363 0.0547550432276657 0.018500486854917234
0 0.5446685878962536 0.4771178188899708 0.05187319884726224 0.011684518013631937
0 0.5763688760806917 0.5141187925998053 0.05187319884726224 0.01557935735150925
0 0.44092219020172907 0.5277507302823758 0.05763688760806916 0.019474196689386564
0 0.45821325648414984 0.565238558909445 0.07492795389048991 0.016553067185978577
0 0.5893371757925072 0.5520934761441091 0.0547550432276657 0.017526777020447908
0 0.5979827089337175 0.5881207400194742 0.060518731988472615 0.019474196689386564
0 0.462536023054755 0.6066212268743915 0.037463976945244955 0.017526777020447908
0 0.5014409221902016 0.639240506329114 0.05763688760806916 0.02044790652385589
0 0.5100864553314121 0.6738072054527751 0.07492795389048991 0.013631937682570594
0 0.6469740634005763 0.6674780915287245 0.04899135446685879 0.016553067185978577
0 0.6786743515850143 0.7069133398247323 0.06628242074927954 0.013631937682570594
0 0.5547550432276657 0.7497565725413827 0.037463976945244955 0.017526777020447908
0 0.6023054755043227 0.7989289191820838 0.05763688760806916 0.018500486854917234
0 0.7089337175792507 0.7989289191820838 0.05763688760806916 0.018500486854917234
0 0.6268011527377522 0.8393378773125609 0.04899135446685879 0.01557935735150925
0 0.6902017291066282 0.8539435248296008 0.03170028818443804 0.01557935735150925
0 0.7420749279538904 0.8373904576436222 0.07204610951008646 0.02531645569620253
0 0.6440922190201729 0.8821811100292113 0.04322766570605187 0.019474196689386564
0 0.7665706051873198 0.8889970788704966 0.05763688760806916 0.02142161635832522
0 0.6671469740634005 0.9206426484907498 0.04322766570605187 0.02044790652385589
0 0.7002881844380403 0.9537487828627069 0.04610951008645533 0.006815968841285297