0 0.47106109324758844 0.07880434782608696 0.05466237942122187 0.035326086956521736
0 0.1832797427652733 0.07676630434782608 0.0707395498392283 0.04483695652173913
0 0.20096463022508038 0.13519021739130435 0.0932475884244373 0.03940217391304348
0 0.47266881028938906 0.1331521739130435 0.08360128617363344 0.035326086956521736
0 0.28135048231511256 0.18817934782608695 0.11254019292604502 0.025815217391304348
0 0.4967845659163987 0.1800271739130435 0.0932475884244373 0.020380434782608696
0 0.5241157556270096 0.25 0.06430868167202572 0.03260869565217391
0 0.3022508038585209 0.2601902173913043 0.0707395498392283 0.03940217391304348
0 0.3327974276527331 0.3091032608695652 0.08681672025723472 0.05570652173913043
0 0.5659163987138264 0.30027173913043476 0.0707395498392283 0.029891304347826088
0 0.567524115755627 0.34375 0.09967845659163987 0.03804347826086957
0 0.5787781350482315 0.38383152173913043 0.10289389067524116 0.042119565217391304
0 0.3617363344051447 0.37228260869565216 0.08681672025723472 0.03260869565217391
0 0.3778135048231511 0.41915760869565216 0.04180064308681672 0.033967391304347824
0 0.3890675241157556 0.4966032608695652 0.09003215434083602 0.04755434782608695
0 0.617363344051447 0.5074728260869565 0.09003215434083602 0.028532608695652172
0 0.46141479099678456 0.5625 0.08038585209003216 0.024456521739130432
0 0.6591639871382636 0.5604619565217391 0.09646302250803858 0.03668478260869565
0 0.43890675241157556 0.6175271739130435 0.10610932475884244 0.03125
0 0.684887459807074 0.6182065217391304 0.09646302250803858 0.035326086956521736
0 0.72508038585209 0.688858695652174 0.06752411575562701 0.02717391304347826
0 0.4903536977491961 0.7452445652173912 0.07395498392282958 0.025815217391304348
0 0.7154340836012861 0.75 0.12540192926045016 0.04076086956521739
0 0.7636655948553055 0.8192934782608695 0.04180064308681672 0.021739130434782608
0 0.7652733118971061 0.8797554347826086 0.10289389067524116 0.04483695652173913
0 0.5128617363344051 0.8186141304347826 0.0932475884244373 0.028532608695652172
0 0.5176848874598071 0.8519021739130435 0.09003215434083602 0.035326086956521736
0 0.5627009646302251 0.9008152173913043 0.13504823151125403 0.03804347826086957
0 0.5610932475884244 0.9565217391304348 0.10610932475884244 0.029891304347826088
0 0.7556270096463023 0.9381793478260869 0.05787781350482315 0.025815217391304348