0 0.35964912280701755 0.05233990147783251 0.10175438596491228 0.0332512315270936
0 0.22280701754385965 0.09482758620689655 0.12280701754385966 0.04187192118226601
0 0.37894736842105264 0.09113300492610837 0.09824561403508772 0.034482758620689655
0 0.37719298245614036 0.13054187192118227 0.10175438596491228 0.046798029556650245
0 0.21754385964912282 0.1564039408866995 0.11929824561403508 0.034482758620689655
0 0.4105263157894737 0.17426108374384236 0.07017543859649122 0.03078817733990148
0 0.25263157894736843 0.2019704433497537 0.09824561403508772 0.03694581280788178
0 0.42280701754385963 0.21798029556650247 0.08771929824561403 0.03940886699507389
0 0.3140350877192983 0.2536945812807882 0.08070175438596491 0.03201970443349754
0 0.39649122807017545 0.2512315270935961 0.07017543859649122 0.027093596059113302
0 0.443859649122807 0.2623152709359606 0.08070175438596491 0.034482758620689655
0 0.3087719298245614 0.2881773399014778 0.09824561403508772 0.024630541871921183
0 0.3333333333333333 0.3165024630541872 0.0912280701754386 0.029556650246305417
0 0.4666666666666667 0.3078817733990148 0.10526315789473685 0.03201970443349754
0 0.3368421052631579 0.36637931034482757 0.08421052631578947 0.038177339901477834
0 0.38070175438596493 0.39655172413793105 0.1298245614035088 0.04187192118226601
0 0.5175438596491229 0.35960591133004927 0.0736842105263158 0.024630541871921183
0 0.5526315789473685 0.4107142857142857 0.08771929824561403 0.0332512315270936
0 0.4017543859649123 0.44642857142857145 0.11578947368421053 0.04556650246305419
0 0.5298245614035088 0.46736453201970446 0.10526315789473685 0.038177339901477834
0 0.4280701754385965 0.49876847290640397 0.10526315789473685 0.03940886699507389
0 0.6175438596491228 0.5061576354679803 0.0912280701754386 0.03694581280788178
0 0.45087719298245615 0.5511083743842364 0.08771929824561403 0.03571428571428571
0 0.5982456140350877 0.5560344827586207 0.11578947368421053 0.038177339901477834
0 0.612280701754386 0.6022167487684729 0.09473684210526316 0.03201970443349754
0 0.47719298245614034 0.5948275862068966 0.12631578947368421 0.04187192118226601
0 0.4649122807017544 0.6391625615763546 0.10175438596491228 0.04187192118226601
0 0.656140350877193 0.6447044334975369 0.09824561403508772 0.02832512315270936
0 0.512280701754386 0.6834975369458128 0.12631578947368421 0.04433497536945813
0 0.656140350877193 0.7025862068965517 0.12631578947368421 0.038177339901477834
0 0.5526315789473685 0.749384236453202 0.10877192982456141 0.04064039408866995
0 0.5456140350877193 0.7906403940886699 0.10877192982456141 0.029556650246305417
0 0.6894736842105263 0.7518472906403941 0.12280701754385966 0.038177339901477834
0 0.7280701754385965 0.8004926108374384 0.10175438596491228 0.034482758620689655
0 0.5789473684210527 0.8306650246305419 0.11929824561403508 0.03571428571428571
0 0.7421052631578947 0.8460591133004927 0.08771929824561403 0.04187192118226601
0 0.612280701754386 0.8842364532019704 0.10877192982456141 0.04433497536945813
0 0.6175438596491228 0.9211822660098522 0.0912280701754386 0.024630541871921183
0 0.756140350877193 0.8903940886699507 0.08771929824561403 0.027093596059113302
0 0.7964912280701755 0.9322660098522167 0.0912280701754386 0.04433497536945813
0 0.656140350877193 0.9568965517241379 0.14035087719298245 0.034482758620689655