0 0.22802850356294538 0.0457656116338751 0.061757719714964375 0.024807527801539775
0 0.3669833729216152 0.03806672369546621 0.06413301662707839 0.024807527801539775
0 0.3681710213776722 0.06586826347305388 0.04275534441805226 0.02395209580838323
0 0.25415676959619954 0.08340461933276304 0.07125890736342043 0.024807527801539775
0 0.25415676959619954 0.11505560307955517 0.052256532066508314 0.03165098374679213
0 0.4026128266033254 0.10863986313088109 0.05938242280285036 0.02395209580838323
0 0.3836104513064133 0.14756201881950384 0.09263657957244656 0.026518391787852865
0 0.4263657957244656 0.1804961505560308 0.0831353919239905 0.02737382378100941
0 0.2850356294536817 0.15312232677502138 0.057007125890736345 0.020530367835757055
0 0.30641330166270786 0.1757912745936698 0.08076009501187649 0.023096663815226688
0 0.328978622327791 0.21899059024807527 0.07363420427553445 0.02737382378100941
0 0.4489311163895487 0.21813515825491872 0.08551068883610452 0.029084687767322495
0 0.45486935866983375 0.24379811804961504 0.06888361045130642 0.020530367835757055
0 0.3646080760095012 0.25620188195038496 0.07363420427553445 0.01967493584260051
0 0.4786223277909739 0.28699743370402053 0.05938242280285036 0.026518391787852865
0 0.3800475059382423 0.2925577416595381 0.061757719714964375 0.020530367835757055
0 0.37410926365795727 0.3229255774165954 0.040380047505938245 0.023096663815226688
0 0.495249406175772 0.3220701454234388 0.06413301662707839 0.026518391787852865
0 0.3954869358669834 0.35799828913601367 0.045130641330166275 0.023096663815226688
0 0.5130641330166271 0.3575705731394354 0.0665083135391924 0.02395209580838323
0 0.4251781472684086 0.3849443969204448 0.0665083135391924 0.02566295979469632
0 0.5071258907363421 0.39649272882805814 0.07363420427553445 0.023096663815226688
0 0.4323040380047506 0.4217279726261762 0.061757719714964375 0.020530367835757055
0 0.5391923990498813 0.4294268605645851 0.09501187648456058 0.020530367835757055
0 0.44061757719714967 0.4525235243798118 0.06888361045130642 0.020530367835757055
0 0.5593824228028503 0.4704875962360992 0.07838479809976247 0.02566295979469632
0 0.45486935866983375 0.4841745081266039 0.06413301662707839 0.020530367835757055
0 0.5486935866983373 0.49743370402053033 0.07125890736342043 0.0213857998289136
0 0.4833729216152019 0.5235243798118049 0.06888361045130642 0.029084687767322495
0 0.48812351543942994 0.5500427715996578 0.0498812351543943 0.02395209580838323
0 0.5878859857482186 0.5355004277159966 0.07838479809976247 0.022241231822070145
0 0.5831353919239906 0.562874251497006 0.07363420427553445 0.022241231822070145
0 0.5118764845605701 0.5804106073567151 0.05938242280285036 0.017964071856287425
0 0.6128266033254157 0.6043627031650983 0.0665083135391924 0.017964071856287425
0 0.5261282660332541 0.621043627031651 0.06888361045130642 0.02566295979469632
0 0.6377672209026128 0.6360136869118904 0.07363420427553445 0.023096663815226688
0 0.5451306413301663 0.6616766467065868 0.05938242280285036 0.026518391787852865
0 0.6448931116389549 0.6775021385799829 0.06413301662707839 0.022241231822070145
0 0.5665083135391924 0.6907613344739093 0.06888361045130642 0.024807527801539775
0 0.668646080760095 0.7164242942686057 0.05938242280285036 0.024807527801539775
0 0.5771971496437055 0.7215568862275449 0.07125890736342043 0.017964071856287425
0 0.5961995249406176 0.7540633019674935 0.07125890736342043 0.026518391787852865
0 0.6912114014251782 0.7463644140290846 0.07125890736342043 0.023096663815226688
0 0.7327790973871734 0.7780153977758768 0.05938242280285036 0.016253207869974338
0 0.5938242280285035 0.7840034217279725 0.04750593824228029 0.029940119760479042
0 0.6223277909738718 0.8246364414029085 0.057007125890736345 0.02737382378100941
0 0.7149643705463183 0.825491873396065 0.0665083135391924 0.020530367835757055
0 0.6330166270783848 0.8614200171086398 0.05938242280285036 0.018819503849443968
0 0.7565320665083136 0.8579982891360136 0.06888361045130642 0.029084687767322495
0 0.666270783847981 0.8909324208725405 0.0498812351543943 0.014542343883661248
0 0.7672209026128266 0.9084687767322498 0.07125890736342043 0.020530367835757055
0 0.6472684085510689 0.9217279726261762 0.05938242280285036 0.023096663815226688
0 0.7897862232779098 0.9499572284003421 0.06413301662707839 0.01967493584260051
0 0.6971496437054632 0.9619332763045337 0.07363420427553445 0.01967493584260051