0 0.29151732377538825 0.9749787955894826 0.02389486260454002 0.01272264631043257
0 0.35125448028673834 0.9482612383375743 0.02389486260454002 0.013570822731128074
0 0.3345280764635603 0.9240882103477523 0.02150537634408602 0.01272264631043257
0 0.2855436081242533 0.9100932994062765 0.02150537634408602 0.010178117048346057
0 0.3273596176821983 0.8901611535199322 0.02389486260454002 0.016115351993214587
0 0.31481481481481477 0.8659881255301103 0.025089605734767022 0.016963528413910092
0 0.26344086021505375 0.8736217133163698 0.02031063321385902 0.011874469889737066
0 0.26105137395459976 0.8396946564885496 0.015531660692951015 0.013570822731128074
0 0.3058542413381123 0.8324851569126378 0.016726403823178016 0.01441899915182358
0 0.3016726403823178 0.7888040712468193 0.02031063321385902 0.011874469889737066
0 0.28375149342891276 0.7667514843087362 0.02270011947431302 0.015267175572519083
0 0.23476702508960573 0.7684478371501272 0.02270011947431302 0.016963528413910092
0 0.27777777777777773 0.7379134860050891 0.027479091995221024 0.02205258693808312
0 0.2287933094384707 0.7302798982188295 0.025089605734767022 0.015267175572519083
0 0.25985663082437277 0.7082273112807463 0.03225806451612903 0.015267175572519083
0 0.22043010752688172 0.6963528413910093 0.027479091995221024 0.018659881255301103
0 0.2520908004778972 0.6802374893977947 0.026284348864994023 0.02374893977947413
0 0.2043010752688172 0.6607294317217981 0.016726403823178016 0.013570822731128074
0 0.24193548387096772 0.6433418150975403 0.027479091995221024 0.01441899915182358
0 0.20131421744324968 0.6208651399491094 0.027479091995221024 0.015267175572519083
0 0.23894862604540024 0.6106870229007634 0.026284348864994023 0.013570822731128074
0 0.1929510155316607 0.582273112807464 0.025089605734767022 0.01441899915182358
0 0.23058542413381122 0.5793044953350297 0.02867383512544803 0.016963528413910092
0 0.2216248506571087 0.5449533502968618 0.027479091995221024 0.016115351993214587
0 0.17562724014336917 0.5483460559796438 0.02389486260454002 0.016115351993214587
0 0.2114695340501792 0.518659881255301 0.026284348864994023 0.017811704834605598
0 0.16666666666666666 0.5148430873621713 0.02031063321385902 0.011874469889737066
0 0.20609318996415768 0.48854961832061067 0.025089605734767022 0.011874469889737066
0 0.16129032258064516 0.47921967769296014 0.026284348864994023 0.013570822731128074
0 0.1971326164874552 0.4660729431721798 0.02389486260454002 0.016115351993214587
0 0.18279569892473116 0.43384223918575066 0.02867383512544803 0.01441899915182358
0 0.14934289127837513 0.44232400339270567 0.02389486260454002 0.016115351993214587
0 0.17741935483870966 0.4071246819338422 0.025089605734767022 0.018659881255301103
0 0.1272401433691756 0.40415606446140795 0.02270011947431302 0.01102629346904156
0 0.17383512544802868 0.37786259541984735 0.02031063321385902 0.01441899915182358
0 0.1320191158900836 0.3655640373197625 0.027479091995221024 0.015267175572519083
0 0.16188769414575865 0.35453774385072095 0.02031063321385902 0.010178117048346057
0 0.1045400238948626 0.3363019508057676 0.02031063321385902 0.01102629346904156
0 0.15232974910394265 0.32188295165394404 0.027479091995221024 0.01441899915182358
0 0.1015531660692951 0.2998303647158609 0.026284348864994023 0.017811704834605598
0 0.13739545997610514 0.28965224766751485 0.019115890083632018 0.017811704834605598
0 0.08183990442054957 0.26632739609838846 0.017921146953405017 0.011874469889737066
0 0.12962962962962962 0.2595419847328244 0.025089605734767022 0.008481764206955046
0 0.13022700119474312 0.23452078032230703 0.026284348864994023 0.017811704834605598
0 0.08303464755077658 0.231128074639525 0.02031063321385902 0.01102629346904156
0 0.1140979689366786 0.20398642917726886 0.027479091995221024 0.017811704834605598
0 0.07407407407407407 0.1895674300254453 0.02150537634408602 0.01441899915182358
0 0.11768219832735961 0.1806615776081425 0.025089605734767022 0.015267175572519083
0 0.06810035842293906 0.16327396098388464 0.02389486260454002 0.017811704834605598
0 0.3183990442054958 0.12086513994910941 0.02270011947431302 0.019508057675996608
0 0.27120669056152924 0.14206955046649702 0.02150537634408602 0.01441899915182358
0 0.28076463560334525 0.1709075487701442 0.02150537634408602 0.016115351993214587
0 0.3363201911589008 0.15776081424936386 0.02270011947431302 0.013570822731128074
0 0.2909199522102748 0.1993214588634436 0.02270011947431302 0.016963528413910092
0 0.3387096774193548 0.2010178117048346 0.02270011947431302 0.013570822731128074
0 0.3016726403823178 0.22646310432569974 0.025089605734767022 0.016963528413910092
0 0.35424133811230585 0.2340966921119593 0.02031063321385902 0.015267175572519083
0 0.3082437275985663 0.25699745547073793 0.02389486260454002 0.016963528413910092
0 0.3213859020310633 0.28329092451229854 0.02867383512544803 0.016963528413910092
0 0.36379928315412186 0.26590330788804073 0.025089605734767022 0.01441899915182358
0 0.3267622461170848 0.310008481764207 0.02031063321385902 0.01272264631043257
0 0.38351254480286734 0.30788804071246817 0.014336917562724014 0.013570822731128074
0 0.34050179211469533 0.3430873621713316 0.02389486260454002 0.019508057675996608
0 0.3870967741935484 0.34478371501272265 0.02150537634408602 0.017811704834605598
0 0.34348864994026285 0.3710771840542833 0.015531660692951015 0.016115351993214587
0 0.39486260454002386 0.37743850720949956 0.02986857825567503 0.016963528413910092
0 0.35244922341696533 0.40076335877862596 0.026284348864994023 0.017811704834605598
0 0.4086021505376344 0.4083969465648855 0.02150537634408602 0.022900763358778626
0 0.3536439665471923 0.42408821034775235 0.02867383512544803 0.013570822731128074
0 0.36260454002389486 0.45165394402035625 0.017921146953405017 0.01272264631043257
0 0.4151732377538829 0.4385072094995759 0.025089605734767022 0.015267175572519083
0 0.37335722819593786 0.47879558948261236 0.025089605734767022 0.019508057675996608
0 0.4301075268817204 0.4770992366412214 0.026284348864994023 0.01272264631043257
0 0.37992831541218636 0.5080576759966073 0.026284348864994023 0.016963528413910092
0 0.44205495818399043 0.5089058524173028 0.02150537634408602 0.015267175572519083
0 0.3870967741935484 0.536047497879559 0.02389486260454002 0.013570822731128074
0 0.4551971326164874 0.5436810856658185 0.02150537634408602 0.015267175572519083
0 0.3870967741935484 0.5593723494486853 0.02150537634408602 0.01272264631043257
0 0.39725209080047785 0.5843935538592027 0.025089605734767022 0.018659881255301103
0 0.4551971326164874 0.5818490245971162 0.01194743130227001 0.011874469889737066
0 0.4062126642771804 0.611111111111111 0.019115890083632018 0.01272264631043257
0 0.46356033452807643 0.611111111111111 0.02389486260454002 0.016115351993214587
0 0.41636798088410987 0.6378286683630195 0.02270011947431302 0.008481764206955046
0 0.4229390681003584 0.6624257845631891 0.02150537634408602 0.015267175572519083
0 0.47610513739545995 0.6759966072943172 0.02270011947431302 0.011874469889737066
0 0.4342891278375149 0.6836301950805768 0.025089605734767022 0.015267175572519083
0 0.4384707287933094 0.7120441051738762 0.026284348864994023 0.017811704834605598
0 0.48387096774193544 0.7052586938083121 0.02150537634408602 0.016115351993214587
0 0.4432497013142174 0.7391857506361323 0.02389486260454002 0.016115351993214587
0 0.49761051373954596 0.7430025445292621 0.027479091995221024 0.015267175572519083
0 0.4605734767025089 0.765479219677693 0.02986857825567503 0.01441899915182358
0 0.46117084826762245 0.7913486005089059 0.026284348864994023 0.013570822731128074
0 0.508363201911589 0.7794741306191688 0.027479091995221024 0.016963528413910092
0 0.46833930704898447 0.8240033927056828 0.02150537634408602 0.01272264631043257
0 0.515531660692951 0.8180661577608143 0.025089605734767022 0.024597116200169637
0 0.47550776583034643 0.851145038167939 0.02150537634408602 0.01441899915182358
0 0.52389486260454 0.8507209499575912 0.02270011947431302 0.013570822731128074
0 0.48506571087216244 0.8757421543681085 0.019115890083632018 0.01272264631043257
0 0.5328554360812425 0.8876166242578456 0.019115890083632018 0.009329940627650551
0 0.49342891278375145 0.8994910941475827 0.02389486260454002 0.016115351993214587
0 0.49641577060931896 0.9249363867684478 0.02270011947431302 0.01441899915182358
0 0.5352449223416965 0.9156064461407972 0.03106332138590203 0.016115351993214587
0 0.6786140979689367 0.878286683630195 0.019115890083632018 0.01272264631043257
0 0.7287933094384706 0.8625954198473282 0.02389486260454002 0.016963528413910092
0 0.6684587813620071 0.8405428329092451 0.02270011947431302 0.010178117048346057
0 0.7180406212664276 0.8193384223918575 0.02150537634408602 0.016963528413910092
0 0.6511350059737157 0.7964376590330788 0.016726403823178016 0.010178117048346057
0 0.7054958183990442 0.7841391009329941 0.02270011947431302 0.016115351993214587
0 0.6475507765830346 0.7629346904156065 0.02389486260454002 0.009329940627650551
0 0.6971326164874552 0.7561492790500424 0.027479091995221024 0.017811704834605598
0 0.6320191158900836 0.7332485156912638 0.02150537634408602 0.01272264631043257
0 0.6810035842293907 0.7307039864291772 0.026284348864994023 0.01441899915182358
0 0.6804062126642771 0.6980491942324003 0.02270011947431302 0.015267175572519083
0 0.621863799283154 0.6980491942324003 0.02270011947431302 0.010178117048346057
0 0.6099163679808841 0.6700593723494487 0.017921146953405017 0.015267175572519083
0 0.6702508960573477 0.6704834605597965 0.02867383512544803 0.017811704834605598
0 0.6648745519713262 0.6416454622561493 0.017921146953405017 0.016115351993214587
0 0.602747909199522 0.640373197625106 0.02270011947431302 0.015267175572519083
0 0.6535244922341696 0.6102629346904156 0.026284348864994023 0.019508057675996608
0 0.6081242532855435 0.6055979643765903 0.02389486260454002 0.015267175572519083
0 0.594384707287933 0.5733672603901612 0.02270011947431302 0.011874469889737066
0 0.6457586618876942 0.5733672603901612 0.025089605734767022 0.016963528413910092
0 0.6350059737156512 0.5385920271416454 0.02986857825567503 0.016963528413910092
0 0.589605734767025 0.5419847328244275 0.02031063321385902 0.013570822731128074
0 0.5746714456391876 0.5106022052586938 0.01194743130227001 0.011874469889737066
0 0.6266427718040621 0.5110262934690416 0.025089605734767022 0.017811704834605598
0 0.6123058542413381 0.4813401187446989 0.025089605734767022 0.01441899915182358
0 0.5686977299880526 0.48430873621713316 0.026284348864994023 0.011874469889737066
0 0.558542413381123 0.45589482612383375 0.01075268817204301 0.009329940627650551
0 0.6033452807646356 0.44783715012722647 0.014336917562724014 0.010178117048346057
0 0.5985663082437276 0.4156064461407973 0.02389486260454002 0.011874469889737066
0 0.541816009557945 0.3939779474130619 0.017921146953405017 0.01272264631043257
0 0.5824372759856631 0.3753180661577608 0.027479091995221024 0.017811704834605598
0 0.5232974910394265 0.356234096692112 0.01194743130227001 0.008481764206955046
0 0.5722819593787335 0.3418150975402884 0.03106332138590203 0.016963528413910092
0 0.5639187574671445 0.3155216284987277 0.02150537634408602 0.015267175572519083
0 0.520310633213859 0.3193384223918575 0.013142174432497012 0.007633587786259542
0 0.5579450418160096 0.2820186598812553 0.02150537634408602 0.01272264631043257
0 0.5424133811230585 0.2480916030534351 0.03106332138590203 0.019508057675996608
0 0.502389486260454 0.2536047497879559 0.017921146953405017 0.010178117048346057
0 0.4982078853046595 0.226039016115352 0.019115890083632018 0.01102629346904156
0 0.540621266427718 0.21374045801526717 0.027479091995221024 0.013570822731128074
0 0.48446833930704897 0.19338422391857507 0.025089605734767022 0.013570822731128074
0 0.5304659498207885 0.18702290076335878 0.014336917562724014 0.01102629346904156
0 0.5125448028673835 0.15860899067005937 0.02150537634408602 0.016963528413910092
0 0.47192353643966545 0.1547921967769296 0.016726403823178016 0.016115351993214587
0 0.5119474313022699 0.13401187446988974 0.02986857825567503 0.015267175572519083
0 0.502389486260454 0.11195928753180662 0.025089605734767022 0.020356234096692113
0 0.46833930704898447 0.12086513994910941 0.026284348864994023 0.01441899915182358
0 0.5017921146953405 0.08015267175572519 0.02150537634408602 0.01272264631043257
0 0.45698924731182794 0.08524173027989822 0.02270011947431302 0.01441899915182358
0 0.6427718040621266 0.0542832909245123 0.02150537634408602 0.013570822731128074
0 0.7007168458781362 0.033502968617472435 0.02270011947431302 0.016115351993214587
0 0.6959378733572281 0.06743002544529263 0.025089605734767022 0.016115351993214587
0 0.6553166069295101 0.09202714164546226 0.017921146953405017 0.01272264631043257
0 0.7102747909199522 0.1085665818490246 0.02270011947431302 0.015267175572519083
0 0.6672640382317802 0.1263782866836302 0.02270011947431302 0.015267175572519083
0 0.6732377538829152 0.1547921967769296 0.02031063321385902 0.01272264631043257
0 0.7335722819593787 0.16327396098388464 0.02150537634408602 0.01102629346904156
0 0.7365591397849461 0.1946564885496183 0.02270011947431302 0.01272264631043257
0 0.6875746714456391 0.1921119592875318 0.02031063321385902 0.016115351993214587
0 0.6887694145758662 0.226039016115352 0.017921146953405017 0.01272264631043257
0 0.7383512544802867 0.224342663273961 0.02389486260454002 0.016115351993214587
0 0.7048984468339307 0.25233248515691264 0.02389486260454002 0.01441899915182358
0 0.7562724014336917 0.25699745547073793 0.02389486260454002 0.013570822731128074
0 0.7180406212664276 0.2862595419847328 0.019115890083632018 0.01441899915182358
0 0.7568697729988052 0.2862595419847328 0.025089605734767022 0.01441899915182358
0 0.7186379928315412 0.3095843935538592 0.025089605734767022 0.011874469889737066
0 0.7664277180406213 0.31636980491942324 0.02986857825567503 0.011874469889737066
0 0.7264038231780167 0.33587786259541985 0.019115890083632018 0.015267175572519083
0 0.7735961768219832 0.3477523324851569 0.027479091995221024 0.013570822731128074
0 0.7293906810035842 0.36810856658184904 0.017921146953405017 0.015267175572519083
0 0.7777777777777777 0.3753180661577608 0.02150537634408602 0.01441899915182358
0 0.7401433691756272 0.40458015267175573 0.02270011947431302 0.013570822731128074
0 0.7962962962962963 0.41051738761662426 0.02031063321385902 0.013570822731128074
0 0.8046594982078853 0.44698897370653096 0.025089605734767022 0.013570822731128074
0 0.7526881720430108 0.4686174724342663 0.02150537634408602 0.01272264631043257
0 0.8142174432497012 0.4796437659033079 0.027479091995221024 0.01441899915182358
0 0.7664277180406213 0.5021204410517388 0.02031063321385902 0.011874469889737066
0 0.8225806451612903 0.5152671755725191 0.025089605734767022 0.016115351993214587
0 0.7753882915173237 0.5288379983036472 0.02150537634408602 0.01272264631043257
0 0.8267622461170848 0.542832909245123 0.02389486260454002 0.016963528413910092
0 0.7783751493428912 0.5572519083969466 0.025089605734767022 0.011874469889737066
0 0.8333333333333333 0.5776081424936387 0.02986857825567503 0.015267175572519083
0 0.7891278375149342 0.5916030534351145 0.015531660692951015 0.01102629346904156
0 0.8512544802867383 0.6102629346904156 0.025089605734767022 0.017811704834605598
0 0.8004778972520907 0.6234096692111959 0.019115890083632018 0.011874469889737066
0 0.8136200716845877 0.6577608142493638 0.016726403823178016 0.01102629346904156
0 0.8500597371565113 0.6492790500424088 0.025089605734767022 0.016115351993214587
0 0.8219832735961767 0.686598812553011 0.026284348864994023 0.01272264631043257
0 0.8649940262843488 0.6759966072943172 0.02150537634408602 0.015267175572519083
0 0.8321385902031063 0.7154368108566582 0.02270011947431302 0.01272264631043257
0 0.8643966547192353 0.7061068702290076 0.03225806451612903 0.019508057675996608
0 0.8363201911589008 0.7485156912637828 0.02150537634408602 0.01441899915182358
0 0.8835125448028673 0.7434266327396098 0.025089605734767022 0.017811704834605598
0 0.8847072879330943 0.7786259541984732 0.025089605734767022 0.020356234096692113
0 0.8452807646356033 0.7841391009329941 0.025089605734767022 0.01441899915182358
0 0.8626045400238949 0.8142493638676844 0.02867383512544803 0.016963528413910092
0 0.8948626045400239 0.8121289228159457 0.02389486260454002 0.016115351993214587
0 0.8518518518518517 0.8435114503816794 0.026284348864994023 0.016115351993214587
0 0.9086021505376344 0.8358778625954199 0.027479091995221024 0.016115351993214587