0 0.29076738609112707 0.9414983164983165 0.017985611510791366 0.012626262626262626
0 0.34592326139088725 0.9301346801346801 0.02278177458033573 0.01515151515151515
0 0.28417266187050355 0.9107744107744107 0.02398081534772182 0.013468013468013467
0 0.3411270983213429 0.8981481481481481 0.025179856115107913 0.01515151515151515
0 0.28776978417266186 0.8775252525252525 0.026378896882494004 0.017676767676767676
0 0.33513189448441244 0.8682659932659932 0.015587529976019183 0.014309764309764309
0 0.27038369304556353 0.8463804713804713 0.03237410071942446 0.015993265993265993
0 0.32314148681055155 0.8308080808080808 0.02278177458033573 0.016835016835016835
0 0.2595923261390887 0.8148148148148148 0.02278177458033573 0.016835016835016835
0 0.30635491606714627 0.7962962962962963 0.020383693045563547 0.0101010101010101
0 0.2595923261390887 0.7769360269360269 0.02278177458033573 0.01515151515151515
0 0.2476019184652278 0.7474747474747474 0.027577937649880094 0.01515151515151515
0 0.23681055155875297 0.7167508417508417 0.020383693045563547 0.010942760942760942
0 0.2883693045563549 0.704124579124579 0.015587529976019183 0.012626262626262626
0 0.2266187050359712 0.6851851851851851 0.02398081534772182 0.01515151515151515
0 0.2775779376498801 0.6734006734006733 0.020383693045563547 0.01515151515151515
0 0.2697841726618705 0.6376262626262627 0.021582733812949638 0.012626262626262626
0 0.21223021582733811 0.6182659932659932 0.026378896882494004 0.012626262626262626
0 0.25359712230215825 0.6047979797979798 0.025179856115107913 0.012626262626262626
0 0.2541966426858513 0.5723905723905723 0.02398081534772182 0.016835016835016835
0 0.2068345323741007 0.5795454545454545 0.02278177458033573 0.017676767676767676
0 0.19244604316546762 0.553030303030303 0.02278177458033573 0.016835016835016835
0 0.2410071942446043 0.5353535353535354 0.016786570743405275 0.011784511784511785
0 0.19184652278177455 0.523989898989899 0.02398081534772182 0.014309764309764309
0 0.23621103117505993 0.49957912457912457 0.014388489208633093 0.010942760942760942
0 0.17865707434052758 0.489057239057239 0.021582733812949638 0.018518518518518517
0 0.22182254196642684 0.46338383838383834 0.019184652278177457 0.015993265993265993
0 0.16786570743405274 0.4621212121212121 0.021582733812949638 0.0202020202020202
0 0.21223021582733811 0.43308080808080807 0.02398081534772182 0.014309764309764309
0 0.2014388489208633 0.39898989898989895 0.02398081534772182 0.0202020202020202
0 0.15347721822541965 0.3935185185185185 0.028776978417266185 0.012626262626262626
0 0.14208633093525178 0.36237373737373735 0.020383693045563547 0.012626262626262626
0 0.1264988009592326 0.3282828282828283 0.020383693045563547 0.01515151515151515
0 0.12829736211031173 0.2984006734006734 0.028776978417266185 0.014309764309764309
0 0.17086330935251798 0.29797979797979796 0.02278177458033573 0.01515151515151515
0 0.16546762589928057 0.2647306397306397 0.031175059952038366 0.017676767676767676
0 0.11390887290167864 0.26136363636363635 0.026378896882494004 0.015993265993265993
0 0.10611510791366906 0.23779461279461278 0.027577937649880094 0.017676767676767676
0 0.14568345323741005 0.23106060606060605 0.02278177458033573 0.015993265993265993
0 0.13489208633093525 0.19402356902356901 0.020383693045563547 0.009259259259259259
0 0.09712230215827337 0.19865319865319864 0.02398081534772182 0.01515151515151515
0 0.07733812949640287 0.16792929292929293 0.020383693045563547 0.009259259259259259
0 0.11750599520383692 0.16077441077441076 0.02398081534772182 0.008417508417508417
0 0.26378896882494 0.12878787878787878 0.028776978417266185 0.01515151515151515
0 0.3117505995203837 0.11952861952861953 0.016786570743405275 0.008417508417508417
0 0.27338129496402874 0.1557239057239057 0.02398081534772182 0.013468013468013467
0 0.3177458033573141 0.15446127946127947 0.016786570743405275 0.010942760942760942
0 0.3249400479616307 0.17971380471380471 0.019184652278177457 0.015993265993265993
0 0.2865707434052758 0.186026936026936 0.021582733812949638 0.018518518518518517
0 0.2949640287769784 0.20917508417508415 0.021582733812949638 0.014309764309764309
0 0.33992805755395683 0.21632996632996632 0.013189448441247002 0.0101010101010101
0 0.315947242206235 0.24158249158249157 0.020383693045563547 0.016835016835016835
0 0.35371702637889685 0.24747474747474746 0.016786570743405275 0.011784511784511785
0 0.3069544364508393 0.265993265993266 0.031175059952038366 0.016835016835016835
0 0.3189448441247002 0.29419191919191917 0.021582733812949638 0.012626262626262626
0 0.34292565947242204 0.3148148148148148 0.028776978417266185 0.01515151515151515
0 0.34772182254196643 0.34553872053872053 0.02398081534772182 0.014309764309764309
0 0.38009592326139086 0.34764309764309764 0.014388489208633093 0.006734006734006734
0 0.36450839328537166 0.4057239057239057 0.021582733812949638 0.011784511784511785
0 0.39388489208633093 0.40698653198653195 0.017985611510791366 0.012626262626262626
0 0.3699040767386091 0.43097643097643096 0.020383693045563547 0.0101010101010101
0 0.3764988009592326 0.4499158249158249 0.016786570743405275 0.015993265993265993
0 0.40767386091127095 0.4414983164983165 0.02398081534772182 0.015993265993265993
0 0.42206235011990406 0.47474747474747475 0.026378896882494004 0.013468013468013467
0 0.38788968824940045 0.49831649831649827 0.025179856115107913 0.01515151515151515
0 0.43405275779376495 0.5378787878787878 0.016786570743405275 0.013468013468013467
0 0.40887290167865703 0.5563973063973063 0.026378896882494004 0.01515151515151515
0 0.4190647482014388 0.5921717171717171 0.015587529976019183 0.009259259259259259
0 0.45083932853717024 0.609006734006734 0.016786570743405275 0.010942760942760942
0 0.4256594724220623 0.6515151515151515 0.028776978417266185 0.01515151515151515
0 0.4784172661870503 0.7083333333333333 0.019184652278177457 0.010942760942760942
0 0.4898081534772182 0.7424242424242424 0.013189448441247002 0.008417508417508417
0 0.4568345323741007 0.7504208754208754 0.026378896882494004 0.014309764309764309
0 0.45863309352517984 0.7866161616161615 0.025179856115107913 0.015993265993265993
0 0.4676258992805755 0.8215488215488215 0.02398081534772182 0.01515151515151515
0 0.5131894484412469 0.8379629629629629 0.021582733812949638 0.009259259259259259
0 0.4808153477218225 0.8627946127946128 0.021582733812949638 0.013468013468013467
0 0.6702637889688249 0.8644781144781144 0.021582733812949638 0.013468013468013467
0 0.7254196642685851 0.853114478114478 0.01199040767386091 0.007575757575757575
0 0.7236211031175059 0.8186026936026936 0.027577937649880094 0.01936026936026936
0 0.6612709832134293 0.8038720538720538 0.020383693045563547 0.0101010101010101
0 0.6534772182254196 0.7643097643097643 0.031175059952038366 0.01515151515151515
0 0.6396882494004795 0.734006734006734 0.020383693045563547 0.013468013468013467
0 0.6822541966426858 0.7163299663299663 0.019184652278177457 0.016835016835016835
0 0.6306954436450839 0.6948653198653199 0.031175059952038366 0.015993265993265993
0 0.619304556354916 0.6691919191919191 0.015587529976019183 0.011784511784511785
0 0.658872901678657 0.6174242424242424 0.020383693045563547 0.010942760942760942
0 0.6127098321342925 0.6338383838383838 0.014388489208633093 0.006734006734006734
0 0.5953237410071942 0.5972222222222222 0.008393285371702638 0.009259259259259259
0 0.6414868105515588 0.5875420875420875 0.014388489208633093 0.0101010101010101
0 0.5875299760191847 0.5677609427609427 0.026378896882494004 0.014309764309764309
0 0.6384892086330934 0.5454545454545454 0.010791366906474819 0.006734006734006734
0 0.5749400479616307 0.5336700336700336 0.015587529976019183 0.01515151515151515
0 0.6270983213429256 0.515993265993266 0.02398081534772182 0.013468013468013467
0 0.5623501199040767 0.4903198653198653 0.021582733812949638 0.015993265993265993
0 0.6127098321342925 0.4768518518518518 0.014388489208633093 0.012626262626262626
0 0.6007194244604316 0.4377104377104377 0.021582733812949638 0.018518518518518517
0 0.5503597122302157 0.4175084175084175 0.019184652278177457 0.011784511784511785
0 0.5965227817745803 0.40867003367003363 0.027577937649880094 0.015993265993265993
0 0.5821342925659472 0.3754208754208754 0.027577937649880094 0.016835016835016835
0 0.539568345323741 0.3859427609427609 0.016786570743405275 0.009259259259259259
0 0.526978417266187 0.35774410774410775 0.02278177458033573 0.01515151515151515
0 0.5785371702637889 0.335016835016835 0.015587529976019183 0.011784511784511785
0 0.5203836930455635 0.3244949494949495 0.03357314148681055 0.015993265993265993
0 0.5569544364508393 0.2967171717171717 0.025179856115107913 0.01936026936026936
0 0.49880095923261386 0.2563131313131313 0.03357314148681055 0.012626262626262626
0 0.539568345323741 0.22727272727272727 0.026378896882494004 0.018518518518518517
0 0.48920863309352514 0.22937710437710437 0.019184652278177457 0.014309764309764309
0 0.47901678657074337 0.2037037037037037 0.02278177458033573 0.01515151515151515
0 0.5335731414868106 0.1999158249158249 0.014388489208633093 0.009259259259259259
0 0.4718225419664268 0.17676767676767677 0.017985611510791366 0.01515151515151515
0 0.4640287769784172 0.13762626262626262 0.02398081534772182 0.017676767676767676
0 0.5215827338129496 0.13510101010101008 0.028776978417266185 0.014309764309764309
0 0.4598321342925659 0.10984848484848485 0.02278177458033573 0.017676767676767676
0 0.4466426858513189 0.08164983164983165 0.025179856115107913 0.016835016835016835
0 0.6426858513189448 0.04461279461279461 0.019184652278177457 0.011784511784511785
0 0.6924460431654675 0.03998316498316498 0.015587529976019183 0.009259259259259259
0 0.6552757793764987 0.07196969696969696 0.013189448441247002 0.007575757575757575
0 0.7002398081534772 0.06944444444444445 0.016786570743405275 0.012626262626262626
0 0.6660671462829736 0.10437710437710437 0.010791366906474819 0.00505050505050505
0 0.7194244604316546 0.10143097643097643 0.026378896882494004 0.010942760942760942
0 0.6774580335731415 0.13047138047138046 0.02398081534772182 0.011784511784511785
0 0.7176258992805755 0.1393097643097643 0.02278177458033573 0.014309764309764309
0 0.6876498800959232 0.1616161616161616 0.025179856115107913 0.018518518518518517
0 0.7290167865707433 0.17382154882154882 0.009592326139088728 0.007575757575757575
0 0.6948441247002397 0.19318181818181818 0.029976019184652276 0.017676767676767676
0 0.7020383693045563 0.22474747474747475 0.025179856115107913 0.013468013468013467
0 0.750599520383693 0.23737373737373738 0.026378896882494004 0.016835016835016835
0 0.711630695443645 0.2563131313131313 0.02278177458033573 0.017676767676767676
0 0.7140287769784173 0.27609427609427606 0.020383693045563547 0.013468013468013467
0 0.7613908872901678 0.2748316498316498 0.014388489208633093 0.014309764309764309
0 0.7320143884892086 0.30808080808080807 0.027577937649880094 0.01515151515151515
0 0.7715827338129496 0.3026094276094276 0.020383693045563547 0.012626262626262626
0 0.7266187050359711 0.33796296296296297 0.016786570743405275 0.009259259259259259
0 0.7799760191846522 0.33754208754208753 0.017985611510791366 0.011784511784511785
0 0.7416067146282973 0.3699494949494949 0.02278177458033573 0.014309764309764309
0 0.7805755395683452 0.37037037037037035 0.01199040767386091 0.006734006734006734
0 0.7589928057553956 0.42887205387205385 0.021582733812949638 0.015993265993265993
0 0.8087529976019184 0.4381313131313131 0.027577937649880094 0.017676767676767676
0 0.8141486810551558 0.473063973063973 0.02398081534772182 0.011784511784511785
0 0.7715827338129496 0.4962121212121212 0.013189448441247002 0.015993265993265993
0 0.817146282973621 0.5088383838383839 0.02278177458033573 0.015993265993265993
0 0.7889688249400479 0.5277777777777778 0.014388489208633093 0.01515151515151515
0 0.8339328537170263 0.5387205387205387 0.02278177458033573 0.018518518518518517
0 0.8465227817745803 0.5673400673400674 0.019184652278177457 0.011784511784511785
0 0.8453237410071942 0.6018518518518519 0.021582733812949638 0.018518518518518517
0 0.8189448441247001 0.6275252525252525 0.019184652278177457 0.015993265993265993
0 0.816546762589928 0.6595117845117845 0.016786570743405275 0.012626262626262626
0 0.8669064748201438 0.6691919191919191 0.026378896882494004 0.013468013468013467
0 0.8279376498800959 0.6889730639730639 0.015587529976019183 0.010942760942760942
0 0.869304556354916 0.7104377104377104 0.019184652278177457 0.013468013468013467
0 0.8375299760191846 0.7205387205387205 0.013189448441247002 0.008417508417508417
0 0.8782973621103117 0.7390572390572391 0.02278177458033573 0.01515151515151515
0 0.8531175059952038 0.7466329966329966 0.020383693045563547 0.013468013468013467
0 0.8938848920863309 0.7706228956228955 0.025179856115107913 0.014309764309764309
0 0.8597122302158273 0.7840909090909091 0.016786570743405275 0.015993265993265993
0 0.9034772182254196 0.7941919191919191 0.02278177458033573 0.015993265993265993
0 0.8717026378896882 0.8186026936026936 0.019184652278177457 0.015993265993265993
0 0.9142685851318945 0.8169191919191919 0.025179856115107913 0.014309764309764309