0 0.3911764705882353 0.06763925729442971 0.10588235294117647 0.05039787798408488
0 0.27941176470588236 0.09416445623342175 0.07058823529411765 0.03978779840848806
0 0.3073529411764706 0.15716180371352784 0.044117647058823525 0.03580901856763925
0 0.4338235294117647 0.1419098143236074 0.09117647058823529 0.04509283819628647
0 0.425 0.1883289124668435 0.07941176470588235 0.042440318302387266
0 0.34411764705882353 0.23408488063660476 0.07647058823529412 0.027851458885941642
0 0.45588235294117646 0.24204244031830238 0.1 0.03580901856763925
0 0.4764705882352941 0.28050397877984085 0.11176470588235293 0.04376657824933687
0 0.34558823529411764 0.2917771883289125 0.06764705882352941 0.03183023872679045
0 0.36176470588235293 0.34084880636604775 0.058823529411764705 0.029177718832891244
0 0.5073529411764706 0.33421750663129973 0.09705882352941177 0.04509283819628647
0 0.5235294117647059 0.39456233421750664 0.10588235294117647 0.046419098143236075
0 0.4235294117647059 0.383289124668435 0.08235294117647059 0.03183023872679045
0 0.40294117647058825 0.4456233421750663 0.08235294117647059 0.03183023872679045
0 0.538235294117647 0.4442970822281167 0.09411764705882353 0.04509283819628647
0 0.5794117647058823 0.49204244031830235 0.07647058823529412 0.023872679045092837
0 0.43088235294117644 0.4986737400530504 0.10294117647058823 0.029177718832891244
0 0.5573529411764706 0.5550397877984085 0.07941176470588235 0.030503978779840846
0 0.46911764705882353 0.5623342175066313 0.07352941176470588 0.029177718832891244
0 0.5882352941176471 0.5994694960212201 0.09411764705882353 0.042440318302387266
0 0.4808823529411765 0.6226790450928381 0.07941176470588235 0.04111405835543766
0 0.6147058823529412 0.6511936339522546 0.07058823529411765 0.029177718832891244
0 0.5147058823529411 0.6783819628647214 0.07058823529411765 0.03580901856763925
0 0.6602941176470588 0.7042440318302386 0.07352941176470588 0.03183023872679045
0 0.6602941176470588 0.7526525198938991 0.10294117647058823 0.04111405835543766
0 0.5602941176470588 0.7904509283819628 0.07352941176470588 0.034482758620689655
0 0.675 0.8116710875331564 0.11470588235294117 0.03713527851458886
0 0.5661764705882353 0.8620689655172413 0.09705882352941177 0.042440318302387266
0 0.7161764705882353 0.8541114058355437 0.061764705882352944 0.021220159151193633
0 0.7205882352941176 0.903183023872679 0.08235294117647059 0.042440318302387266
0 0.6044117647058823 0.9157824933687002 0.10882352941176471 0.03846153846153846
0 0.611764705882353 0.9628647214854111 0.06470588235294117 0.029177718832891244
0 0.7485294117647059 0.9482758620689654 0.06764705882352941 0.03713527851458886