0 0.3392857142857143 0.05303030303030303 0.061688311688311695 0.02777777777777778
0 0.18831168831168832 0.07386363636363637 0.09740259740259741 0.029040404040404044
0 0.3798701298701299 0.09090909090909091 0.1038961038961039 0.02777777777777778
0 0.19480519480519481 0.10227272727272728 0.07142857142857144 0.022727272727272728
0 0.23214285714285715 0.12941919191919193 0.10714285714285715 0.03156565656565657
0 0.3863636363636364 0.14141414141414144 0.09090909090909091 0.03787878787878788
0 0.4220779220779221 0.17613636363636365 0.06493506493506494 0.026515151515151516
0 0.24025974025974028 0.16982323232323235 0.09740259740259741 0.04166666666666667
0 0.25974025974025977 0.22601010101010102 0.07142857142857144 0.03535353535353536
0 0.42045454545454547 0.22032828282828285 0.07467532467532469 0.03156565656565657
0 0.4626623376623377 0.2676767676767677 0.10714285714285715 0.03535353535353536
0 0.31493506493506496 0.2777777777777778 0.09090909090909091 0.022727272727272728
0 0.30194805194805197 0.3175505050505051 0.09740259740259741 0.03156565656565657
0 0.35389610389610393 0.36489898989898994 0.07142857142857144 0.025252525252525256
0 0.4967532467532468 0.36363636363636365 0.1038961038961039 0.03787878787878788
0 0.47564935064935066 0.3200757575757576 0.10064935064935066 0.04166666666666667
0 0.49350649350649356 0.40972222222222227 0.09740259740259741 0.04671717171717172
0 0.36363636363636365 0.4330808080808081 0.1038961038961039 0.030303030303030304
0 0.375 0.48800505050505055 0.10714285714285715 0.04166666666666667
0 0.5227272727272727 0.46022727272727276 0.09740259740259741 0.03156565656565657
0 0.573051948051948 0.49621212121212127 0.08766233766233766 0.02777777777777778
0 0.413961038961039 0.5416666666666667 0.13311688311688313 0.045454545454545456
0 0.5876623376623377 0.5460858585858587 0.07142857142857144 0.034090909090909095
0 0.45941558441558444 0.5984848484848485 0.12012987012987014 0.04040404040404041
0 0.6233766233766234 0.5896464646464648 0.09090909090909091 0.03787878787878788
0 0.6087662337662338 0.6445707070707071 0.07467532467532469 0.029040404040404044
0 0.4577922077922078 0.6407828282828283 0.09740259740259741 0.034090909090909095
0 0.4837662337662338 0.6938131313131314 0.12337662337662339 0.039141414141414144
0 0.6688311688311689 0.6818181818181819 0.09090909090909091 0.03282828282828283
0 0.49512987012987014 0.7455808080808082 0.10064935064935066 0.04166666666666667
0 0.6672077922077922 0.7405303030303031 0.09415584415584416 0.034090909090909095
0 0.6785714285714286 0.787878787878788 0.1168831168831169 0.03535353535353536
0 0.5162337662337663 0.8042929292929294 0.1168831168831169 0.03787878787878788
0 0.5243506493506493 0.8516414141414143 0.08766233766233766 0.039141414141414144
0 0.7110389610389611 0.8327020202020202 0.05844155844155845 0.03156565656565657
0 0.5324675324675325 0.8970959595959597 0.09090909090909091 0.04166666666666667
0 0.5470779220779222 0.9614898989898991 0.12012987012987014 0.02398989898989899
0 0.7694805194805195 0.9305555555555556 0.09090909090909091 0.02777777777777778
0 0.564935064935065 0.9356060606060607 0.03246753246753247 0.01767676767676768