0 0.4043887147335423 0.0740521327014218 0.0877742946708464 0.03199052132701422
0 0.22100313479623823 0.04798578199052133 0.05956112852664577 0.015402843601895736
0 0.2554858934169279 0.08530805687203792 0.07210031347962383 0.026066350710900476
0 0.24608150470219434 0.11078199052132702 0.06583072100313479 0.02014218009478673
0 0.274294670846395 0.148696682464455 0.10971786833855798 0.03672985781990522
0 0.4059561128526646 0.13033175355450238 0.06583072100313479 0.018957345971563982
0 0.4373040752351097 0.1599526066350711 0.07836990595611285 0.018957345971563982
0 0.28683385579937304 0.20023696682464456 0.07836990595611285 0.023696682464454978
0 0.48275862068965514 0.19786729857819907 0.09404388714733541 0.026066350710900476
0 0.3714733542319749 0.23518957345971567 0.09090909090909091 0.027251184834123227
0 0.4733542319749216 0.245260663507109 0.06896551724137931 0.028436018957345974
0 0.3385579937304075 0.2968009478672986 0.08150470219435736 0.03909952606635071
0 0.3683385579937304 0.35545023696682465 0.07836990595611285 0.03080568720379147
0 0.5360501567398119 0.3341232227488152 0.050156739811912224 0.028436018957345974
0 0.5799373040752351 0.37263033175355453 0.06269592476489028 0.024881516587677725
0 0.3824451410658307 0.40165876777251186 0.10031347962382445 0.03554502369668247
0 0.5877742946708464 0.4123222748815166 0.09090909090909091 0.026066350710900476
0 0.4231974921630094 0.4674170616113744 0.10031347962382445 0.03909952606635071
0 0.603448275862069 0.4549763033175356 0.07836990595611285 0.023696682464454978
0 0.6300940438871473 0.4940758293838863 0.05642633228840125 0.028436018957345974
0 0.4561128526645768 0.5207345971563981 0.09717868338557993 0.027251184834123227
0 0.48275862068965514 0.5657582938388626 0.10658307210031348 0.034360189573459717
0 0.6473354231974922 0.5438388625592417 0.06583072100313479 0.018957345971563982
0 0.6802507836990596 0.5953791469194313 0.08150470219435736 0.024881516587677725
0 0.5031347962382445 0.6113744075829385 0.10971786833855798 0.037914691943127965
0 0.6724137931034483 0.6315165876777251 0.09090909090909091 0.02132701421800948
0 0.5015673981191222 0.6688388625592417 0.1128526645768025 0.04620853080568721
0 0.6677115987460814 0.6765402843601896 0.07523510971786834 0.03080568720379147
0 0.5235109717868338 0.7168246445497631 0.0877742946708464 0.028436018957345974
0 0.6959247648902821 0.7263033175355451 0.0877742946708464 0.018957345971563982
0 0.7021943573667712 0.762440758293839 0.07523510971786834 0.03909952606635071
0 0.54858934169279 0.7665876777251185 0.05642633228840125 0.028436018957345974
0 0.567398119122257 0.816350710900474 0.09404388714733541 0.04265402843601896
0 0.7711598746081504 0.8453791469194314 0.0877742946708464 0.027251184834123227
0 0.6144200626959248 0.8708530805687205 0.1128526645768025 0.03317535545023697
0 0.7774294670846394 0.8981042654028437 0.07523510971786834 0.026066350710900476
0 0.6332288401253918 0.9170616113744077 0.0877742946708464 0.03554502369668247
0 0.6614420062695925 0.955568720379147 0.09404388714733541 0.027251184834123227