0 0.3375299760191846 0.9357262103505843 0.015587529976019183 0.01001669449081803
0 0.2715827338129496 0.9461602671118531 0.017985611510791366 0.010851419031719533
0 0.3129496402877698 0.8764607679465777 0.021582733812949638 0.01335559265442404
0 0.2619904076738609 0.8768781302170284 0.02278177458033573 0.012520868113522538
0 0.24940047961630693 0.8414023372287146 0.021582733812949638 0.015025041736227046
0 0.30095923261390883 0.8088480801335559 0.021582733812949638 0.01001669449081803
0 0.2871702637889688 0.7787979966611018 0.02278177458033573 0.01335559265442404
0 0.23021582733812948 0.7729549248747913 0.014388489208633093 0.008347245409015025
0 0.27697841726618705 0.743322203672788 0.02398081534772182 0.015859766277128547
0 0.2212230215827338 0.7378964941569283 0.015587529976019183 0.01001669449081803
0 0.2727817745803357 0.7082637729549249 0.025179856115107913 0.017529215358931552
0 0.2529976019184652 0.674457429048414 0.026378896882494004 0.015025041736227046
0 0.20503597122302156 0.667779632721202 0.021582733812949638 0.015025041736227046
0 0.19184652278177455 0.6360601001669449 0.019184652278177457 0.01001669449081803
0 0.23381294964028776 0.5934891485809684 0.02398081534772182 0.01669449081803005
0 0.18225419664268583 0.5934891485809684 0.02398081534772182 0.01669449081803005
0 0.23321342925659472 0.5651085141903172 0.027577937649880094 0.01335559265442404
0 0.17206235011990406 0.5634390651085142 0.02278177458033573 0.011686143572621035
0 0.16666666666666666 0.5271285475792988 0.021582733812949638 0.012520868113522538
0 0.20923261390887288 0.49207011686143576 0.02278177458033573 0.014190317195325543
0 0.1528776978417266 0.4924874791318865 0.025179856115107913 0.01335559265442404
0 0.14148681055155873 0.4628547579298832 0.02398081534772182 0.012520868113522538
0 0.20083932853717024 0.4532554257095159 0.025179856115107913 0.018363939899833055
0 0.1816546762589928 0.41318864774624375 0.025179856115107913 0.01335559265442404
0 0.13189448441247 0.4340567612687813 0.016786570743405275 0.015025041736227046
0 0.12529976019184652 0.4023372287145242 0.020383693045563547 0.015025041736227046
0 0.1780575539568345 0.3752086811352254 0.02278177458033573 0.012520868113522538
0 0.11630695443645084 0.3722871452420701 0.019184652278177457 0.015025041736227046
0 0.10911270983213428 0.3484974958263773 0.014388489208633093 0.014190317195325543
0 0.1672661870503597 0.34557595993322204 0.02278177458033573 0.01669449081803005
0 0.1486810551558753 0.30509181969949917 0.028776978417266185 0.014190317195325543
0 0.13609112709832133 0.26961602671118534 0.025179856115107913 0.01669449081803005
0 0.08573141486810551 0.26001669449081805 0.017985611510791366 0.012520868113522538
0 0.13249400479616305 0.248330550918197 0.025179856115107913 0.017529215358931552
0 0.0725419664268585 0.22746243739565944 0.017985611510791366 0.009181969949916527
0 0.11870503597122302 0.2132721202003339 0.026378896882494004 0.019198664440734557
0 0.10911270983213428 0.18697829716193656 0.021582733812949638 0.01335559265442404
0 0.06534772182254196 0.1986644407345576 0.010791366906474819 0.015025041736227046
0 0.05935251798561151 0.1636060100166945 0.010791366906474819 0.00667779632721202
0 0.09472422062350119 0.14023372287145242 0.028776978417266185 0.018363939899833055
0 0.31055155875299756 0.11978297161936562 0.026378896882494004 0.017529215358931552
0 0.31954436450839324 0.15609348914858098 0.02278177458033573 0.01669449081803005
0 0.2697841726618705 0.17320534223706177 0.021582733812949638 0.010851419031719533
0 0.2817745803357314 0.19991652754590986 0.026378896882494004 0.015859766277128547
0 0.3279376498800959 0.1969949916527546 0.017985611510791366 0.015025041736227046
0 0.3015587529976019 0.26168614357262104 0.017985611510791366 0.010851419031719533
0 0.3489208633093525 0.26836393989983304 0.021582733812949638 0.014190317195325543
0 0.30755395683453235 0.30008347245409017 0.027577937649880094 0.012520868113522538
0 0.3609112709832134 0.3005008347245409 0.031175059952038366 0.01335559265442404
0 0.31954436450839324 0.33514190317195325 0.02278177458033573 0.015859766277128547
0 0.3303357314148681 0.3631051752921536 0.02278177458033573 0.01335559265442404
0 0.3806954436450839 0.3727045075125209 0.025179856115107913 0.012520868113522538
0 0.3435251798561151 0.40191986644407346 0.02278177458033573 0.014190317195325543
0 0.39208633093525175 0.41110183639399 0.026378896882494004 0.015859766277128547
0 0.355515587529976 0.4369782971619366 0.02278177458033573 0.012520868113522538
0 0.40767386091127095 0.4478297161936561 0.02398081534772182 0.014190317195325543
0 0.36450839328537166 0.4649415692821369 0.03357314148681055 0.011686143572621035
0 0.4130695443645084 0.4820534223706177 0.029976019184652276 0.014190317195325543
0 0.4226618705035971 0.5166944908180301 0.027577937649880094 0.01669449081803005
0 0.3836930455635491 0.5333889816360601 0.028776978417266185 0.01669449081803005
0 0.43225419664268583 0.5609348914858097 0.020383693045563547 0.015025041736227046
0 0.38788968824940045 0.5676126878130218 0.027577937649880094 0.01335559265442404
0 0.4454436450839328 0.5947412353923206 0.020383693045563547 0.014190317195325543
0 0.3980815347721822 0.5909849749582637 0.016786570743405275 0.01001669449081803
0 0.4070743405275779 0.6323038397328882 0.025179856115107913 0.017529215358931552
0 0.4580335731414868 0.6289649415692822 0.026378896882494004 0.015859766277128547
0 0.4268585131894484 0.6903171953255426 0.021582733812949638 0.015025041736227046
0 0.4808153477218225 0.7003338898163606 0.026378896882494004 0.02003338898163606
0 0.43285371702637887 0.7266277128547579 0.014388489208633093 0.010851419031719533
0 0.4934052757793765 0.7324707846410685 0.029976019184652276 0.015859766277128547
0 0.447841726618705 0.7679465776293823 0.027577937649880094 0.015025041736227046
0 0.5035971223021583 0.7658597662771286 0.021582733812949638 0.014190317195325543
0 0.5053956834532374 0.7934056761268782 0.029976019184652276 0.017529215358931552
0 0.45083932853717024 0.8030050083472454 0.02398081534772182 0.018363939899833055
0 0.46282973621103113 0.83889816360601 0.019184652278177457 0.011686143572621035
0 0.5149880095923262 0.8184474123539233 0.020383693045563547 0.015859766277128547
0 0.5233812949640287 0.8426544240400669 0.020383693045563547 0.015859766277128547
0 0.47362110311750594 0.8702003338898164 0.019184652278177457 0.017529215358931552
0 0.526378896882494 0.8622704507512521 0.019184652278177457 0.01001669449081803
0 0.5323741007194244 0.8831385642737897 0.014388489208633093 0.011686143572621035
0 0.5407673860911271 0.9006677796327213 0.026378896882494004 0.01335559265442404
0 0.4856115107913669 0.9031719532554258 0.014388489208633093 0.01001669449081803
0 0.7254196642685851 0.8643572621035058 0.021582733812949638 0.014190317195325543
0 0.7104316546762589 0.8280467445742905 0.027577937649880094 0.018363939899833055
0 0.6492805755395683 0.8050918196994992 0.02278177458033573 0.010851419031719533
0 0.7008393285371702 0.7929883138564274 0.025179856115107913 0.01335559265442404
0 0.684652278177458 0.756677796327212 0.021582733812949638 0.014190317195325543
0 0.6306954436450839 0.7374791318864775 0.021582733812949638 0.010851419031719533
0 0.6780575539568345 0.7291318864774624 0.025179856115107913 0.015859766277128547
0 0.618705035971223 0.7116026711185309 0.016786570743405275 0.010851419031719533
0 0.6672661870503597 0.6903171953255426 0.02278177458033573 0.015025041736227046
0 0.6600719424460432 0.654424040066778 0.015587529976019183 0.01001669449081803
0 0.6037170263788968 0.6439899833055092 0.02278177458033573 0.014190317195325543
0 0.5965227817745803 0.6126878130217028 0.017985611510791366 0.011686143572621035
0 0.6528776978417266 0.6160267111853088 0.020383693045563547 0.018363939899833055
0 0.5875299760191847 0.5818030050083473 0.02398081534772182 0.01335559265442404
0 0.6390887290167865 0.582220367278798 0.026378896882494004 0.012520868113522538
0 0.6354916067146282 0.5409015025041737 0.021582733812949638 0.01335559265442404
0 0.580335731414868 0.5542570951585977 0.01199040767386091 0.01001669449081803
0 0.5689448441247003 0.5191986644407346 0.02278177458033573 0.01669449081803005
0 0.6181055155875299 0.5075125208681135 0.02278177458033573 0.01669449081803005
0 0.5617505995203836 0.4845575959933222 0.017985611510791366 0.010851419031719533
0 0.5989208633093525 0.46702838063439067 0.02278177458033573 0.010851419031719533
0 0.5515587529976019 0.4565943238731219 0.019184652278177457 0.011686143572621035
0 0.5449640287769784 0.4273789649415693 0.02278177458033573 0.011686143572621035
0 0.5323741007194244 0.39774624373956596 0.021582733812949638 0.010851419031719533
0 0.5611510791366906 0.3580968280467446 0.019184652278177457 0.015025041736227046
0 0.5653477218225419 0.32846410684474125 0.017985611510791366 0.010851419031719533
0 0.5083932853717026 0.32762938230383976 0.014388489208633093 0.007512520868113523
0 0.5065947242206235 0.2938230383973289 0.017985611510791366 0.011686143572621035
0 0.4994004796163069 0.2587646076794658 0.020383693045563547 0.01001669449081803
0 0.4808153477218225 0.22662771285475794 0.021582733812949638 0.012520868113522538
0 0.5365707434052758 0.22412353923205344 0.020383693045563547 0.009181969949916527
0 0.47062350119904073 0.19073455759599334 0.02278177458033573 0.014190317195325543
0 0.5125899280575539 0.1636060100166945 0.020383693045563547 0.015025041736227046
0 0.4688249400479616 0.15734557595993323 0.021582733812949638 0.012520868113522538
0 0.4922062350119904 0.10642737896494157 0.020383693045563547 0.017529215358931552
0 0.4442446043165467 0.09348914858096828 0.013189448441247002 0.01001669449081803
0 0.4832134292565947 0.07679465776293823 0.026378896882494004 0.01669449081803005
0 0.6864508393285371 0.05175292153589316 0.020383693045563547 0.02003338898163606
0 0.6426858513189448 0.05008347245409015 0.01199040767386091 0.008347245409015025
0 0.6498800959232613 0.07637729549248748 0.026378896882494004 0.014190317195325543
0 0.6966426858513189 0.09474123539232053 0.021582733812949638 0.014190317195325543
0 0.6612709832134293 0.12228714524207011 0.027577937649880094 0.015859766277128547
0 0.7026378896882494 0.1302170283806344 0.028776978417266185 0.01335559265442404
0 0.7140287769784173 0.16903171953255428 0.020383693045563547 0.019198664440734557
0 0.6828537170263789 0.17946577629382304 0.020383693045563547 0.01669449081803005
0 0.6894484412470023 0.21118530884808015 0.021582733812949638 0.011686143572621035
0 0.7230215827338129 0.20409015025041738 0.02398081534772182 0.014190317195325543
0 0.7422062350119903 0.24165275459098498 0.026378896882494004 0.010851419031719533
0 0.75 0.27712854757929883 0.025179856115107913 0.01335559265442404
0 0.7613908872901678 0.31135225375626047 0.026378896882494004 0.01669449081803005
0 0.7290167865707433 0.335559265442404 0.026378896882494004 0.01669449081803005
0 0.7745803357314148 0.34557595993322204 0.02398081534772182 0.015025041736227046
0 0.7362110311750599 0.3781302170283806 0.026378896882494004 0.015025041736227046
0 0.7805755395683452 0.3831385642737897 0.021582733812949638 0.015025041736227046
0 0.7907673860911271 0.41819699499165275 0.013189448441247002 0.01001669449081803
0 0.8051558752997602 0.45200333889816363 0.020383693045563547 0.014190317195325543
0 0.8111510791366906 0.4862270450751252 0.02278177458033573 0.010851419031719533
0 0.7673860911270982 0.4941569282136895 0.021582733812949638 0.011686143572621035
0 0.8255395683453237 0.5233722871452421 0.02278177458033573 0.01669449081803005
0 0.7799760191846522 0.5388146911519199 0.015587529976019183 0.010851419031719533
0 0.7979616306954436 0.5717863105175293 0.027577937649880094 0.01669449081803005
0 0.8357314148681054 0.5638564273789649 0.016786570743405275 0.014190317195325543
0 0.8435251798561151 0.5901502504173622 0.020383693045563547 0.011686143572621035
0 0.8087529976019184 0.6168614357262103 0.02278177458033573 0.01335559265442404
0 0.856714628297362 0.6285475792988314 0.020383693045563547 0.01335559265442404
0 0.8651079136690647 0.6619365609348915 0.02278177458033573 0.01335559265442404
0 0.8177458033573141 0.6723706176961602 0.01199040767386091 0.012520868113522538
0 0.8375299760191846 0.7199499165275459 0.02278177458033573 0.017529215358931552
0 0.8723021582733812 0.7020033388981636 0.017985611510791366 0.01335559265442404
0 0.8854916067146282 0.7424874791318865 0.015587529976019183 0.010851419031719533
0 0.8465227817745803 0.7608514190317196 0.019184652278177457 0.012520868113522538
0 0.8968824940047961 0.7813021702838063 0.019184652278177457 0.011686143572621035
0 0.8603117505995204 0.8025876460767947 0.02278177458033573 0.014190317195325543
0 0.9136690647482014 0.8247078464106845 0.016786570743405275 0.01335559265442404