0 0.4372822299651568 0.06017191977077364 0.06620209059233449 0.034383954154727794
0 0.23170731707317074 0.07306590257879655 0.10104529616724739 0.040114613180515755
0 0.26306620209059234 0.12607449856733524 0.12195121951219512 0.034383954154727794
0 0.45993031358885017 0.13323782234957018 0.11846689895470383 0.040114613180515755
0 0.2926829268292683 0.18911174785100285 0.07665505226480836 0.025787965616045846
0 0.5383275261324042 0.2521489971346705 0.10104529616724739 0.03151862464183381
0 0.3118466898954704 0.25358166189111747 0.07317073170731707 0.040114613180515755
0 0.31010452961672474 0.3044412607449857 0.06968641114982578 0.02148997134670487
0 0.5435540069686411 0.3108882521489971 0.09059233449477352 0.04297994269340974
0 0.5470383275261324 0.3638968481375358 0.09059233449477352 0.03151862464183381
0 0.3554006968641115 0.3753581661891117 0.09059233449477352 0.04297994269340974
0 0.5801393728222997 0.413323782234957 0.11498257839721254 0.04154727793696275
0 0.3641114982578397 0.4391117478510029 0.09407665505226481 0.03868194842406877
0 0.5975609756097561 0.47492836676217765 0.10801393728222997 0.03008595988538682
0 0.3989547038327526 0.5064469914040114 0.06620209059233449 0.024355300859598854
0 0.6254355400696864 0.5286532951289398 0.10801393728222997 0.045845272206303724
0 0.4442508710801394 0.5623209169054441 0.059233449477351915 0.0329512893982808
0 0.42160278745644597 0.6267908309455588 0.10452961672473868 0.03008595988538682
0 0.4912891986062718 0.6697707736389684 0.07665505226480836 0.027220630372492834
0 0.6376306620209059 0.6489971346704871 0.041811846689895474 0.017191977077363897
0 0.6829268292682927 0.7041547277936963 0.0975609756097561 0.05873925501432665
0 0.6933797909407665 0.751432664756447 0.10452961672473868 0.03581661891117478
0 0.5017421602787456 0.7571633237822349 0.10452961672473868 0.03581661891117478
0 0.5104529616724739 0.8073065902578797 0.059233449477351915 0.0329512893982808
0 0.7003484320557491 0.7994269340974212 0.0975609756097561 0.04297994269340974
0 0.710801393728223 0.8617478510028653 0.11149825783972125 0.03868194842406877
0 0.5383275261324042 0.8839541547277937 0.06620209059233449 0.03151862464183381
0 0.7961672473867596 0.9212034383954154 0.08710801393728224 0.034383954154727794
0 0.6132404181184669 0.9634670487106017 0.07665505226480836 0.0329512893982808
0 0.8101045296167247 0.9756446991404011 0.08710801393728224 0.03151862464183381