0 0.2878228782287823 0.9491817398794143 0.02706027060270603 0.017226528854435832
0 0.2779827798277983 0.91343669250646 0.02706027060270603 0.014642549526270457
0 0.476629766297663 0.9074074074074074 0.023370233702337023 0.023255813953488372
0 0.5252152521525215 0.9095607235142119 0.024600246002460024 0.013781223083548665
0 0.5166051660516605 0.8807062876830318 0.012300123001230012 0.01119724375538329
0 0.472939729397294 0.8763996554694229 0.020910209102091022 0.01636520241171404
0 0.509840098400984 0.8570198105081827 0.02829028290282903 0.015503875968992248
0 0.466789667896679 0.8410852713178295 0.025830258302583026 0.01119724375538329
0 0.4956949569495695 0.8311800172265289 0.024600246002460024 0.012058570198105082
0 0.25399753997539976 0.8458225667527993 0.023370233702337023 0.013781223083548665
0 0.3019680196801968 0.8440999138673557 0.015990159901599018 0.0068906115417743325
0 0.24969249692496925 0.8118001722652886 0.024600246002460024 0.014642549526270457
0 0.23247232472324725 0.780792420327304 0.024600246002460024 0.014642549526270457
0 0.21279212792127922 0.7144702842377261 0.01968019680196802 0.012919896640826873
0 0.2601476014760148 0.702411714039621 0.020910209102091022 0.01636520241171404
0 0.20848708487084872 0.6847545219638242 0.02829028290282903 0.008613264427217916
0 0.21033210332103322 0.6554694229112834 0.029520295202952032 0.017226528854435832
0 0.24415744157441574 0.6365202411714039 0.025830258302583026 0.015503875968992248
0 0.18696186961869618 0.6231696813092162 0.01968019680196802 0.009474590869939707
0 0.23739237392373924 0.6024978466838932 0.022140221402214024 0.012919896640826873
0 0.1820418204182042 0.5925925925925926 0.029520295202952032 0.013781223083548665
0 0.22755227552275523 0.570198105081826 0.024600246002460024 0.015503875968992248
0 0.16912669126691268 0.5607235142118863 0.025830258302583026 0.0103359173126615
0 0.16113161131611317 0.5310077519379846 0.022140221402214024 0.01119724375538329
0 0.2177121771217712 0.5297157622739018 0.017220172201722016 0.0103359173126615
0 0.2011070110701107 0.4991386735572782 0.023370233702337023 0.014642549526270457
0 0.16359163591635917 0.49483204134366926 0.024600246002460024 0.01808785529715762
0 0.15313653136531366 0.46554694229112836 0.025830258302583026 0.01808785529715762
0 0.1894218942189422 0.4582256675279931 0.02706027060270603 0.013781223083548665
0 0.17650676506765067 0.42592592592592593 0.015990159901599018 0.012919896640826873
0 0.16851168511685116 0.3983634797588286 0.024600246002460024 0.01636520241171404
0 0.13468634686346864 0.39147286821705424 0.023370233702337023 0.014642549526270457
0 0.15498154981549817 0.36391042204995694 0.029520295202952032 0.014642549526270457
0 0.11131611316113162 0.3234280792420327 0.02829028290282903 0.01636520241171404
0 0.14083640836408365 0.29328165374677 0.023370233702337023 0.014642549526270457
0 0.0916359163591636 0.2868217054263566 0.033210332103321034 0.012058570198105082
0 0.0897908979089791 0.25064599483204136 0.022140221402214024 0.017226528854435832
0 0.11070110701107011 0.1933677863910422 0.029520295202952032 0.01808785529715762
0 0.0990159901599016 0.15848406546080965 0.020910209102091022 0.015503875968992248
0 0.050430504305043054 0.15417743324720068 0.012300123001230012 0.00516795865633075
0 0.24354243542435425 0.11068044788975022 0.014760147601476016 0.009474590869939707
0 0.2847478474784748 0.11714039621016366 0.025830258302583026 0.0103359173126615
0 0.2564575645756458 0.13135228251507322 0.025830258302583026 0.012919896640826873
0 0.2964329643296433 0.15374677002583978 0.022140221402214024 0.01119724375538329
0 0.2656826568265683 0.1649440137812231 0.022140221402214024 0.014642549526270457
0 0.30504305043050434 0.19638242894056848 0.022140221402214024 0.013781223083548665
0 0.2785977859778598 0.22566752799310938 0.023370233702337023 0.015503875968992248
0 0.2785977859778598 0.2588285960378984 0.020910209102091022 0.01636520241171404
0 0.31303813038130385 0.26055124892334197 0.023370233702337023 0.014642549526270457
0 0.3013530135301353 0.28940568475452194 0.031980319803198036 0.017226528854435832
0 0.3044280442804428 0.3169681309216193 0.03075030750307503 0.017226528854435832
0 0.34870848708487084 0.326442721791559 0.015990159901599018 0.008613264427217916
0 0.32226322263222634 0.3776916451335056 0.024600246002460024 0.014642549526270457
0 0.3591635916359164 0.3880275624461671 0.03444034440344403 0.01808785529715762
0 0.33087330873308735 0.4108527131782946 0.02706027060270603 0.017226528854435832
0 0.3757687576875769 0.4181739879414298 0.01845018450184502 0.014642549526270457
0 0.34501845018450183 0.4427217915590009 0.023370233702337023 0.013781223083548665
0 0.3899138991389914 0.45133505598621876 0.017220172201722016 0.008613264427217916
0 0.3923739237392374 0.4819121447028424 0.024600246002460024 0.014642549526270457
0 0.35608856088560886 0.49526270456503013 0.011070110701107012 0.0068906115417743325
0 0.3640836408364084 0.5236864771748493 0.024600246002460024 0.013781223083548665
0 0.4052890528905289 0.5180878552971576 0.015990159901599018 0.009474590869939707
0 0.3788437884378844 0.5568475452196382 0.022140221402214024 0.019810508182601206
0 0.3911439114391144 0.5917312661498708 0.024600246002460024 0.017226528854435832
0 0.42558425584255843 0.5813953488372093 0.029520295202952032 0.013781223083548665
0 0.43788437884378845 0.6124031007751938 0.022140221402214024 0.0103359173126615
0 0.44341943419434193 0.6369509043927648 0.02829028290282903 0.014642549526270457
0 0.41205412054120544 0.6524547803617571 0.01968019680196802 0.012919896640826873
0 0.4175891758917589 0.67786391042205 0.023370233702337023 0.015503875968992248
0 0.45141451414514144 0.669681309216193 0.024600246002460024 0.012919896640826873
0 0.46309963099630996 0.7019810508182601 0.01845018450184502 0.013781223083548665
0 0.42988929889298894 0.7144702842377261 0.02829028290282903 0.012919896640826873
0 0.43665436654366546 0.7424633936261843 0.024600246002460024 0.013781223083548665
0 0.472939729397294 0.731696813092162 0.008610086100861008 0.007751937984496124
0 0.482779827798278 0.7661498708010336 0.020910209102091022 0.01808785529715762
0 0.4489544895448955 0.7751937984496124 0.02706027060270603 0.015503875968992248
0 0.48892988929889303 0.7958656330749354 0.023370233702337023 0.013781223083548665
0 0.45141451414514144 0.8092161929371232 0.00984009840098401 0.01119724375538329
0 0.6888068880688807 0.8634797588285961 0.03444034440344403 0.01808785529715762
0 0.7300123001230012 0.867786391042205 0.023370233702337023 0.01636520241171404
0 0.7066420664206642 0.8273040482342808 0.01845018450184502 0.01808785529715762
0 0.6660516605166051 0.8247200689061154 0.02829028290282903 0.014642549526270457
0 0.6580565805658056 0.7928509905254091 0.024600246002460024 0.014642549526270457
0 0.6432964329643297 0.7536606373815676 0.029520295202952032 0.012058570198105082
0 0.6365313653136532 0.7123169681309216 0.025830258302583026 0.013781223083548665
0 0.6722017220172202 0.7166236003445305 0.023370233702337023 0.015503875968992248
0 0.6242312423124231 0.6701119724375538 0.020910209102091022 0.012058570198105082
0 0.6703567035670357 0.6830318690783808 0.02706027060270603 0.012058570198105082
0 0.6568265682656826 0.6503014642549526 0.022140221402214024 0.012058570198105082
0 0.6094710947109472 0.6291989664082688 0.02829028290282903 0.01636520241171404
0 0.6082410824108241 0.5813953488372093 0.025830258302583026 0.015503875968992248
0 0.6396063960639606 0.5844099913867356 0.01968019680196802 0.01119724375538329
0 0.6236162361623616 0.5447889750215331 0.024600246002460024 0.01636520241171404
0 0.5953259532595326 0.5417743324720069 0.024600246002460024 0.018949181739879414
0 0.5738007380073801 0.5025839793281653 0.03075030750307503 0.01636520241171404
0 0.6113161131611317 0.512489233419466 0.01968019680196802 0.017226528854435832
0 0.5584255842558425 0.46210163652024117 0.01968019680196802 0.01119724375538329
0 0.5867158671586716 0.43755383290267014 0.022140221402214024 0.015503875968992248
0 0.5510455104551045 0.4168819982773471 0.02706027060270603 0.017226528854435832
0 0.5756457564575646 0.41128337639965545 0.017220172201722016 0.014642549526270457
0 0.5682656826568265 0.38458225667527995 0.01968019680196802 0.014642549526270457
0 0.5350553505535055 0.38027562446167096 0.02706027060270603 0.01636520241171404
0 0.5535055350553506 0.34280792420327305 0.022140221402214024 0.012058570198105082
0 0.5036900369003691 0.31352282515073215 0.02829028290282903 0.015503875968992248
0 0.5412054120541205 0.3105081826012059 0.024600246002460024 0.012919896640826873
0 0.5399753997539976 0.28079242032730406 0.024600246002460024 0.015503875968992248
0 0.5276752767527676 0.2454780361757106 0.031980319803198036 0.017226528854435832
0 0.472939729397294 0.20801033591731266 0.02829028290282903 0.01636520241171404
0 0.5055350553505535 0.1744186046511628 0.024600246002460024 0.01808785529715762
0 0.5 0.13695090439276486 0.025830258302583026 0.013781223083548665
0 0.466789667896679 0.132213608957795 0.025830258302583026 0.014642549526270457
0 0.45940959409594095 0.10465116279069768 0.020910209102091022 0.01636520241171404
0 0.492619926199262 0.10120585701981051 0.023370233702337023 0.014642549526270457
0 0.45141451414514144 0.07795004306632214 0.01968019680196802 0.014642549526270457
0 0.4883148831488315 0.06847545219638243 0.022140221402214024 0.012919896640826873
0 0.6746617466174661 0.03832902670111973 0.023370233702337023 0.01808785529715762
0 0.6500615006150061 0.06976744186046512 0.020910209102091022 0.012058570198105082
0 0.6894218942189422 0.07450473729543497 0.023370233702337023 0.01636520241171404
0 0.6494464944649446 0.10034453057708871 0.022140221402214024 0.014642549526270457
0 0.6986469864698647 0.1020671834625323 0.024600246002460024 0.01636520241171404
0 0.6592865928659287 0.12833763996554695 0.01968019680196802 0.012058570198105082
0 0.7060270602706027 0.13565891472868216 0.024600246002460024 0.012919896640826873
0 0.6648216482164822 0.1533161068044789 0.025830258302583026 0.013781223083548665
0 0.7072570725707257 0.16236003445305772 0.02706027060270603 0.01808785529715762
0 0.6734317343173432 0.1826012058570198 0.023370233702337023 0.017226528854435832
0 0.7183271832718328 0.19078380706287684 0.01968019680196802 0.01119724375538329
0 0.6826568265682657 0.21059431524547803 0.01968019680196802 0.01808785529715762
0 0.6900369003690037 0.2450473729543497 0.024600246002460024 0.014642549526270457
0 0.7398523985239852 0.2571059431524548 0.025830258302583026 0.014642549526270457
0 0.7484624846248463 0.28251507321274766 0.025830258302583026 0.013781223083548665
0 0.7158671586715868 0.3044788975021533 0.022140221402214024 0.01636520241171404
0 0.7484624846248463 0.31007751937984496 0.02829028290282903 0.012058570198105082
0 0.7281672816728167 0.33462532299741604 0.017220172201722016 0.012919896640826873
0 0.7589175891758918 0.34453057708871665 0.022140221402214024 0.012058570198105082
0 0.7293972939729397 0.3686477174849268 0.017220172201722016 0.0103359173126615
0 0.7712177121771218 0.3776916451335056 0.01968019680196802 0.01119724375538329
0 0.7767527675276753 0.4043927648578811 0.020910209102091022 0.01119724375538329
0 0.7785977859778598 0.4306632213608958 0.022140221402214024 0.015503875968992248
0 0.7681426814268143 0.4500430663221361 0.025830258302583026 0.01119724375538329
0 0.7693726937269373 0.4788975021533161 0.023370233702337023 0.015503875968992248
0 0.7724477244772447 0.512489233419466 0.01968019680196802 0.0103359173126615
0 0.8075030750307504 0.5116279069767442 0.020910209102091022 0.012058570198105082
0 0.8167281672816729 0.5439276485788114 0.01968019680196802 0.014642549526270457
0 0.8253382533825339 0.5732127476313523 0.01968019680196802 0.014642549526270457
0 0.8419434194341944 0.6162790697674418 0.02829028290282903 0.023255813953488372
0 0.8062730627306274 0.619724375538329 0.025830258302583026 0.01636520241171404
0 0.8530135301353013 0.6503014642549526 0.020910209102091022 0.017226528854435832
0 0.8616236162361623 0.6774332472006891 0.020910209102091022 0.01636520241171404
0 0.8370233702337023 0.6856158484065461 0.025830258302583026 0.015503875968992248
0 0.8505535055350554 0.7179155900086133 0.023370233702337023 0.01808785529715762
0 0.8776137761377614 0.7226528854435831 0.023370233702337023 0.017226528854435832
0 0.8511685116851169 0.748062015503876 0.024600246002460024 0.01636520241171404
0 0.8911439114391144 0.7459086993970715 0.01845018450184502 0.013781223083548665
0 0.8610086100861009 0.7790697674418605 0.022140221402214024 0.01808785529715762
0 0.8985239852398524 0.7795004306632214 0.020910209102091022 0.017226528854435832
0 0.8720787207872079 0.8040482342807924 0.024600246002460024 0.01636520241171404
0 0.9120541205412055 0.8053402239448751 0.025830258302583026 0.018949181739879414
0 0.8776137761377614 0.8376399655469423 0.023370233702337023 0.014642549526270457
0 0.9194341943419434 0.8372093023255814 0.025830258302583026 0.013781223083548665