0 0.875 0.839406779661017 0.028846153846153848 0.017796610169491526
0 0.8629807692307693 0.8038135593220339 0.021634615384615384 0.01271186440677966
0 0.9038461538461539 0.7805084745762711 0.021634615384615384 0.011864406779661017
0 0.8461538461538463 0.775 0.019230769230769232 0.01440677966101695
0 0.8413461538461539 0.7411016949152542 0.014423076923076924 0.009322033898305085
0 0.881610576923077 0.7228813559322034 0.018028846153846156 0.00847457627118644
0 0.8756009615384616 0.684322033898305 0.015625 0.0211864406779661
0 0.8143028846153847 0.6690677966101695 0.025240384615384616 0.016101694915254237
0 0.850360576923077 0.6194915254237288 0.018028846153846156 0.015254237288135592
0 0.7998798076923077 0.6283898305084745 0.018028846153846156 0.01271186440677966
0 0.8569711538461539 0.6516949152542373 0.014423076923076924 0.00847457627118644
0 0.7926682692307693 0.5949152542372881 0.018028846153846156 0.020338983050847456
0 0.8395432692307693 0.5792372881355932 0.022836538461538464 0.01440677966101695
0 0.7806490384615385 0.5559322033898305 0.018028846153846156 0.015254237288135592
0 0.7692307692307693 0.5203389830508475 0.01682692307692308 0.015254237288135592
0 0.8179086538461539 0.5190677966101694 0.018028846153846156 0.017796610169491526
0 0.7542067307692308 0.4792372881355932 0.018028846153846156 0.016101694915254237
0 0.8052884615384616 0.4792372881355932 0.019230769230769232 0.01271186440677966
0 0.7475961538461539 0.44025423728813556 0.01682692307692308 0.017796610169491526
0 0.7920673076923077 0.4334745762711864 0.03125 0.01271186440677966
0 0.740985576923077 0.4038135593220339 0.020432692307692308 0.01440677966101695
0 0.7704326923076924 0.40127118644067794 0.02403846153846154 0.017796610169491526
0 0.733173076923077 0.37457627118644066 0.028846153846153848 0.015254237288135592
0 0.7716346153846154 0.3572033898305085 0.019230769230769232 0.011016949152542373
0 0.7223557692307693 0.34364406779661016 0.026442307692307696 0.016101694915254237
0 0.7590144230769231 0.32584745762711864 0.020432692307692308 0.01440677966101695
0 0.7121394230769231 0.31440677966101693 0.02764423076923077 0.020338983050847456
0 0.6995192307692308 0.2771186440677966 0.026442307692307696 0.01694915254237288
0 0.7403846153846154 0.26313559322033897 0.021634615384615384 0.01440677966101695
0 0.6899038461538461 0.24661016949152542 0.026442307692307696 0.01694915254237288
0 0.7349759615384616 0.23813559322033898 0.022836538461538464 0.00847457627118644
0 0.6820913461538461 0.2059322033898305 0.020432692307692308 0.011864406779661017
0 0.7229567307692308 0.20423728813559322 0.018028846153846156 0.010169491525423728
0 0.6694711538461539 0.17584745762711865 0.021634615384615384 0.016101694915254237
0 0.7127403846153847 0.1673728813559322 0.019230769230769232 0.01271186440677966
0 0.6664663461538461 0.1483050847457627 0.015625 0.011864406779661017
0 0.694110576923077 0.12584745762711863 0.020432692307692308 0.011016949152542373
0 0.655048076923077 0.11144067796610169 0.026442307692307696 0.017796610169491526
0 0.6881009615384616 0.09915254237288135 0.018028846153846156 0.015254237288135592
0 0.6358173076923077 0.08050847457627118 0.019230769230769232 0.013559322033898305
0 0.6322115384615385 0.05211864406779661 0.028846153846153848 0.016101694915254237
0 0.4453125 0.08432203389830509 0.022836538461538464 0.016101694915254237
0 0.48497596153846156 0.0771186440677966 0.018028846153846156 0.010169491525423728
0 0.45372596153846156 0.11567796610169491 0.030048076923076924 0.01271186440677966
0 0.4945913461538462 0.11822033898305084 0.022836538461538464 0.011016949152542373
0 0.4981971153846154 0.14915254237288136 0.020432692307692308 0.011864406779661017
0 0.4681490384615385 0.15296610169491526 0.020432692307692308 0.009322033898305085
0 0.5090144230769231 0.18347457627118643 0.020432692307692308 0.016101694915254237
0 0.47716346153846156 0.1864406779661017 0.019230769230769232 0.013559322033898305
0 0.4825721153846154 0.22288135593220337 0.030048076923076924 0.01694915254237288
0 0.5198317307692308 0.22203389830508474 0.018028846153846156 0.015254237288135592
0 0.4915865384615385 0.25254237288135595 0.028846153846153848 0.015254237288135592
0 0.5282451923076923 0.25084745762711863 0.022836538461538464 0.013559322033898305
0 0.5042067307692308 0.28347457627118644 0.030048076923076924 0.01271186440677966
0 0.5390625 0.28432203389830507 0.025240384615384616 0.01271186440677966
0 0.5096153846153847 0.3254237288135593 0.019230769230769232 0.013559322033898305
0 0.5246394230769231 0.36101694915254234 0.020432692307692308 0.013559322033898305
0 0.553485576923077 0.36059322033898306 0.022836538461538464 0.01271186440677966
0 0.5703125 0.3898305084745763 0.030048076923076924 0.015254237288135592
0 0.5294471153846154 0.3974576271186441 0.020432692307692308 0.015254237288135592
0 0.5727163461538461 0.41906779661016946 0.025240384615384616 0.01271186440677966
0 0.5348557692307693 0.4343220338983051 0.021634615384615384 0.01271186440677966
0 0.584735576923077 0.45508474576271185 0.02764423076923077 0.011864406779661017
0 0.5510817307692308 0.4703389830508474 0.020432692307692308 0.013559322033898305
0 0.5943509615384616 0.48389830508474574 0.025240384615384616 0.015254237288135592
0 0.5600961538461539 0.5 0.02403846153846154 0.013559322033898305
0 0.6057692307692308 0.5182203389830509 0.02403846153846154 0.016101694915254237
0 0.5727163461538461 0.5347457627118644 0.025240384615384616 0.011864406779661017
0 0.6075721153846154 0.5495762711864407 0.022836538461538464 0.01271186440677966
0 0.5871394230769231 0.5741525423728814 0.025240384615384616 0.01271186440677966
0 0.6231971153846154 0.5728813559322034 0.013221153846153848 0.006779661016949152
0 0.592548076923077 0.6139830508474576 0.02403846153846154 0.0211864406779661
0 0.6328125 0.6055084745762712 0.025240384615384616 0.016101694915254237
0 0.6418269230769231 0.6322033898305085 0.021634615384615384 0.011864406779661017
0 0.6021634615384616 0.6457627118644068 0.02403846153846154 0.013559322033898305
0 0.6496394230769231 0.6661016949152542 0.020432692307692308 0.015254237288135592
0 0.615985576923077 0.6885593220338982 0.020432692307692308 0.01440677966101695
0 0.662860576923077 0.7021186440677966 0.022836538461538464 0.016101694915254237
0 0.6712740384615385 0.7305084745762712 0.020432692307692308 0.015254237288135592
0 0.6376201923076923 0.7338983050847457 0.015625 0.00847457627118644
0 0.6412259615384616 0.7699152542372881 0.025240384615384616 0.017796610169491526
0 0.6772836538461539 0.7614406779661017 0.030048076923076924 0.01440677966101695
0 0.6929086538461539 0.7970338983050848 0.020432692307692308 0.011016949152542373
0 0.6616586538461539 0.8135593220338982 0.025240384615384616 0.01694915254237288
0 0.7073317307692308 0.8326271186440678 0.018028846153846156 0.011016949152542373
0 0.7223557692307693 0.8627118644067796 0.014423076923076924 0.00847457627118644
0 0.4603365384615385 0.8656779661016949 0.019230769230769232 0.01440677966101695
0 0.4441105769230769 0.8347457627118644 0.020432692307692308 0.013559322033898305
0 0.43810096153846156 0.8059322033898305 0.020432692307692308 0.013559322033898305
0 0.4332932692307693 0.7707627118644067 0.018028846153846156 0.01271186440677966
0 0.4669471153846154 0.7491525423728813 0.022836538461538464 0.010169491525423728
0 0.4278846153846154 0.7427966101694915 0.028846153846153848 0.017796610169491526
0 0.4176682692307693 0.7186440677966102 0.025240384615384616 0.01694915254237288
0 0.4609375 0.7194915254237287 0.015625 0.006779661016949152
0 0.41105769230769235 0.6817796610169491 0.02403846153846154 0.016101694915254237
0 0.4525240384615385 0.6792372881355933 0.015625 0.007627118644067796
0 0.4026442307692308 0.6478813559322034 0.026442307692307696 0.01271186440677966
0 0.4399038461538462 0.6398305084745762 0.02403846153846154 0.020338983050847456
0 0.3942307692307693 0.6207627118644068 0.021634615384615384 0.016101694915254237
0 0.4260817307692308 0.5983050847457627 0.022836538461538464 0.01694915254237288
0 0.38341346153846156 0.5813559322033898 0.014423076923076924 0.00847457627118644
0 0.3737980769230769 0.5546610169491525 0.01682692307692308 0.016101694915254237
0 0.4152644230769231 0.5652542372881356 0.025240384615384616 0.013559322033898305
0 0.4092548076923077 0.5338983050847458 0.020432692307692308 0.011864406779661017
0 0.359375 0.5190677966101694 0.019230769230769232 0.01440677966101695
0 0.3539663461538462 0.4940677966101695 0.020432692307692308 0.011864406779661017
0 0.34915865384615385 0.46059322033898303 0.020432692307692308 0.017796610169491526
0 0.38822115384615385 0.4516949152542373 0.021634615384615384 0.011864406779661017
0 0.3900240384615385 0.4207627118644068 0.018028846153846156 0.011016949152542373
0 0.3449519230769231 0.4177966101694915 0.02403846153846154 0.013559322033898305
0 0.33353365384615385 0.39364406779661015 0.022836538461538464 0.01440677966101695
0 0.3671875 0.3864406779661017 0.015625 0.010169491525423728
0 0.3185096153846154 0.35889830508474574 0.01682692307692308 0.011016949152542373
0 0.3659855769230769 0.34491525423728814 0.015625 0.013559322033898305
0 0.3088942307692308 0.32457627118644067 0.028846153846153848 0.015254237288135592
0 0.3509615384615385 0.3072033898305085 0.019230769230769232 0.01271186440677966
0 0.3046875 0.2966101694915254 0.020432692307692308 0.011864406779661017
0 0.2998798076923077 0.25805084745762713 0.022836538461538464 0.01440677966101695
0 0.29086538461538464 0.22796610169491524 0.026442307692307696 0.015254237288135592
0 0.28185096153846156 0.1927966101694915 0.030048076923076924 0.0211864406779661
0 0.32271634615384615 0.1927966101694915 0.018028846153846156 0.016101694915254237
0 0.2686298076923077 0.1538135593220339 0.025240384615384616 0.01949152542372881
0 0.2560096153846154 0.12203389830508474 0.03125 0.020338983050847456
0 0.2998798076923077 0.11779661016949153 0.015625 0.011864406779661017
0 0.0703125 0.16313559322033896 0.025240384615384616 0.01440677966101695
0 0.11538461538461539 0.18728813559322033 0.014423076923076924 0.015254237288135592
0 0.08293269230769232 0.19872881355932204 0.02403846153846154 0.017796610169491526
0 0.12379807692307693 0.22923728813559321 0.021634615384615384 0.01440677966101695
0 0.09314903846153846 0.24322033898305084 0.020432692307692308 0.015254237288135592
0 0.14182692307692307 0.27033898305084747 0.019230769230769232 0.011864406779661017
0 0.10276442307692309 0.27499999999999997 0.025240384615384616 0.01440677966101695
0 0.11899038461538462 0.31228813559322033 0.02403846153846154 0.01440677966101695
0 0.15264423076923078 0.3072033898305085 0.021634615384615384 0.01271186440677966
0 0.11838942307692309 0.3444915254237288 0.03485576923076923 0.02288135593220339
0 0.15985576923076925 0.33940677966101696 0.021634615384615384 0.016101694915254237
0 0.16466346153846154 0.3771186440677966 0.019230769230769232 0.01694915254237288
0 0.1328125 0.38305084745762713 0.03485576923076923 0.015254237288135592
0 0.14423076923076925 0.4114406779661017 0.028846153846153848 0.01440677966101695
0 0.1778846153846154 0.4139830508474576 0.019230769230769232 0.017796610169491526
0 0.18209134615384617 0.44449152542372883 0.018028846153846156 0.011016949152542373
0 0.1983173076923077 0.4822033898305085 0.021634615384615384 0.013559322033898305
0 0.16346153846153846 0.4864406779661017 0.026442307692307696 0.013559322033898305
0 0.17367788461538464 0.521186440677966 0.025240384615384616 0.01864406779661017
0 0.20192307692307693 0.5161016949152543 0.014423076923076924 0.010169491525423728
0 0.18810096153846154 0.5580508474576271 0.025240384615384616 0.017796610169491526
0 0.21634615384615385 0.5542372881355933 0.021634615384615384 0.013559322033898305
0 0.22415865384615385 0.5805084745762712 0.020432692307692308 0.011864406779661017
0 0.19591346153846154 0.5936440677966102 0.026442307692307696 0.01271186440677966
0 0.22836538461538464 0.6182203389830508 0.021634615384615384 0.01271186440677966
0 0.20072115384615385 0.622457627118644 0.02403846153846154 0.01271186440677966
0 0.20973557692307693 0.6525423728813559 0.025240384615384616 0.01694915254237288
0 0.23918269230769232 0.6470338983050847 0.019230769230769232 0.01271186440677966
0 0.21935096153846156 0.6864406779661016 0.025240384615384616 0.013559322033898305
0 0.25540865384615385 0.7131355932203389 0.020432692307692308 0.01440677966101695
0 0.22596153846153846 0.7258474576271187 0.02403846153846154 0.01440677966101695
0 0.26802884615384615 0.7436440677966102 0.021634615384615384 0.01271186440677966
0 0.23858173076923078 0.7597457627118643 0.022836538461538464 0.011016949152542373
0 0.24158653846153846 0.786864406779661 0.026442307692307696 0.01949152542372881
0 0.27524038461538464 0.7783898305084745 0.02403846153846154 0.016101694915254237
0 0.29086538461538464 0.8080508474576271 0.026442307692307696 0.01440677966101695
0 0.25480769230769235 0.8211864406779661 0.021634615384615384 0.013559322033898305
0 0.2950721153846154 0.8381355932203389 0.025240384615384616 0.015254237288135592
0 0.2698317307692308 0.8614406779661017 0.020432692307692308 0.009322033898305085
0 0.3082932692307693 0.8796610169491526 0.025240384615384616 0.015254237288135592
0 0.3197115384615385 0.9177966101694915 0.02403846153846154 0.015254237288135592
0 0.2920673076923077 0.947457627118644 0.026442307692307696 0.015254237288135592
0 0.3275240384615385 0.95 0.025240384615384616 0.01864406779661017