0 0.33253873659117994 0.9540472175379426 0.023837902264600714 0.010961214165261381
0 0.28486293206197855 0.9612141652613827 0.023837902264600714 0.011804384485666104
0 0.2794994040524434 0.9342327150084316 0.020262216924910606 0.016863406408094434
0 0.32538736591179973 0.9236930860033726 0.023837902264600714 0.016020236087689713
0 0.27175208581644816 0.8962900505902192 0.02145411203814064 0.013490725126475547
0 0.30929678188319426 0.8549747048903878 0.015494636471990463 0.006745362563237774
0 0.2616209773539928 0.8684654300168634 0.02264600715137068 0.006745362563237774
0 0.25625744934445766 0.8351602023608768 0.026221692491060787 0.016020236087689713
0 0.3033373063170441 0.8254637436762225 0.020262216924910606 0.013490725126475547
0 0.2497020262216925 0.7938448566610455 0.02502979737783075 0.0193929173693086
0 0.28545887961859356 0.7584317032040472 0.017878426698450536 0.010961214165261381
0 0.22765196662693682 0.7259696458684654 0.02145411203814064 0.016863406408094434
0 0.2199046483909416 0.7044688026981449 0.02502979737783075 0.014333895446880268
0 0.2073897497020262 0.6669477234401349 0.023837902264600714 0.016863406408094434
0 0.18891537544696066 0.6016020236087689 0.02502979737783075 0.016020236087689713
0 0.1638855780691299 0.5286677908937605 0.02502979737783075 0.016863406408094434
0 0.15196662693682955 0.49915682967959524 0.02502979737783075 0.01517706576728499
0 0.1400476758045292 0.4586846543001686 0.020262216924910606 0.011804384485666104
0 0.13528009535160906 0.42917369308600334 0.02502979737783075 0.02023608768971332
0 0.1239570917759237 0.40008431703204045 0.026221692491060787 0.016020236087689713
0 0.17759237187127533 0.39291736930860033 0.011918951132300357 0.006745362563237774
0 0.11740166865315851 0.3747892074198988 0.02264600715137068 0.014333895446880268
0 0.16567342073897495 0.36382799325463744 0.01907032181168057 0.010961214165261381
0 0.11203814064362336 0.3402192242833052 0.023837902264600714 0.016020236087689713
0 0.09833134684147794 0.3102866779089376 0.02264600715137068 0.01517706576728499
0 0.08939213349225268 0.2790893760539629 0.026221692491060787 0.013490725126475547
0 0.15435041716328962 0.3338954468802698 0.013110846245530394 0.006745362563237774
0 0.0864123957091776 0.2424114671163575 0.027413587604290822 0.014333895446880268
0 0.07032181168057211 0.21290050590219223 0.023837902264600714 0.014333895446880268
0 0.054827175208581644 0.1724283305227656 0.023837902264600714 0.016020236087689713
0 0.09833134684147794 0.1551433389544688 0.020262216924910606 0.01517706576728499
0 0.3081048867699642 0.12352445193929174 0.02264600715137068 0.012647554806070826
0 0.30929678188319426 0.15809443507588533 0.02264600715137068 0.017706576728499155
0 0.26281287246722285 0.16526138279932545 0.02264600715137068 0.013490725126475547
0 0.3212157330154946 0.18591905564924113 0.03218116805721096 0.022765598650927487
0 0.27115613825983315 0.19983136593591905 0.02264600715137068 0.01517706576728499
0 0.28784266984505363 0.2293423271500843 0.020262216924910606 0.016863406408094434
0 0.3283671036948748 0.22259696458684652 0.02502979737783075 0.011804384485666104
0 0.3379022646007151 0.2571669477234401 0.02264600715137068 0.01517706576728499
0 0.2967818831942789 0.26433389544688024 0.023837902264600714 0.014333895446880268
0 0.3033373063170441 0.29553119730185495 0.02502979737783075 0.016020236087689713
0 0.36471990464839094 0.3208263069139966 0.030989272943980926 0.016020236087689713
0 0.3212157330154946 0.36382799325463744 0.027413587604290822 0.014333895446880268
0 0.3379022646007151 0.403035413153457 0.02502979737783075 0.016863406408094434
0 0.33969010727056015 0.4279089376053963 0.026221692491060787 0.016020236087689713
0 0.3504171632896305 0.4641652613827993 0.023837902264600714 0.017706576728499155
0 0.36114421930870083 0.49494097807757165 0.023837902264600714 0.01854974704890388
0 0.41597139451728243 0.48946037099494094 0.02145411203814064 0.016020236087689713
0 0.3736591179976162 0.531618887015177 0.02502979737783075 0.016020236087689713
0 0.42550655542312277 0.53035413153457 0.026221692491060787 0.01517706576728499
0 0.3808104886769964 0.5602866779089376 0.02502979737783075 0.017706576728499155
0 0.43802145411203813 0.5531197301854974 0.02502979737783075 0.01517706576728499
0 0.38498212157330153 0.596964586846543 0.030989272943980926 0.013490725126475547
0 0.3969010727056019 0.633220910623946 0.01907032181168057 0.013490725126475547
0 0.45589988081048866 0.6235244519392917 0.02502979737783075 0.014333895446880268
0 0.45947556615017876 0.657672849915683 0.02502979737783075 0.013490725126475547
0 0.4106078665077473 0.6644182124789207 0.02264600715137068 0.013490725126475547
0 0.42073897497020263 0.6989881956155143 0.026221692491060787 0.016863406408094434
0 0.43563766388557806 0.7655986509274874 0.02502979737783075 0.011804384485666104
0 0.49344457687723475 0.7537942664418212 0.023837902264600714 0.011804384485666104
0 0.44934445768772346 0.8187183811129848 0.01907032181168057 0.011804384485666104
0 0.4499404052443385 0.8448566610455311 0.015494636471990463 0.008431703204047217
0 0.6632896305125149 0.8343170320404721 0.02264600715137068 0.016020236087689713
0 0.7085816448152562 0.8296795952782462 0.027413587604290822 0.013490725126475547
0 0.6418355184743743 0.7769814502529511 0.027413587604290822 0.017706576728499155
0 0.6823599523241954 0.7440978077571669 0.027413587604290822 0.016020236087689713
0 0.6758045292014302 0.7145868465430016 0.0166865315852205 0.014333895446880268
0 0.632300357568534 0.7175379426644182 0.013110846245530394 0.011804384485666104
0 0.6185935637663885 0.6922428330522765 0.028605482717520857 0.01517706576728499
0 0.66865315852205 0.6888701517706577 0.011918951132300357 0.008431703204047217
0 0.6162097735399285 0.6703204047217538 0.02145411203814064 0.016863406408094434
0 0.6609058402860548 0.6568296795952782 0.027413587604290822 0.016863406408094434
0 0.6477949940405244 0.6290050590219224 0.02264600715137068 0.011804384485666104
0 0.6120381406436234 0.6311129848229342 0.02502979737783075 0.017706576728499155
0 0.5959475566150179 0.6091905564924114 0.023837902264600714 0.016020236087689713
0 0.6436233611442193 0.5944350758853288 0.02145411203814064 0.01517706576728499
0 0.5947556615017878 0.577150084317032 0.01907032181168057 0.012647554806070826
0 0.5810488676996424 0.5404721753794266 0.02264600715137068 0.016863406408094434
0 0.6233611442193087 0.5307757166947723 0.026221692491060787 0.016020236087689713
0 0.5554231227651967 0.4502529510961214 0.023837902264600714 0.013490725126475547
0 0.5977353992848629 0.4413996627318718 0.02264600715137068 0.0193929173693086
0 0.5864123957091776 0.41399662731871834 0.023837902264600714 0.02023608768971332
0 0.5321811680572109 0.3941821247892074 0.02502979737783075 0.010961214165261381
0 0.569129916567342 0.35413153456998314 0.027413587604290822 0.01854974704890388
0 0.5148986889153754 0.33431703204047214 0.023837902264600714 0.017706576728499155
0 0.5625744934445769 0.32588532883642496 0.026221692491060787 0.016020236087689713
0 0.5113230035756853 0.2984822934232715 0.0166865315852205 0.008431703204047217
0 0.5476758045292014 0.2959527824620573 0.017878426698450536 0.013490725126475547
0 0.5071513706793802 0.2736087689713322 0.02264600715137068 0.016020236087689713
0 0.5387365911799762 0.26644182124789206 0.023837902264600714 0.01854974704890388
0 0.49284862932061974 0.2356661045531197 0.02502979737783075 0.016020236087689713
0 0.5381406436233611 0.2263912310286678 0.020262216924910606 0.017706576728499155
0 0.48688915375446956 0.19645868465430016 0.02502979737783075 0.01517706576728499
0 0.5160905840286054 0.17495784148397975 0.026221692491060787 0.017706576728499155
0 0.47556615017878423 0.15978077571669477 0.02145411203814064 0.012647554806070826
0 0.5065554231227651 0.14291736930860033 0.026221692491060787 0.014333895446880268
0 0.4511323003575685 0.1163575042158516 0.02502979737783075 0.016863406408094434
0 0.6823599523241954 0.03962900505902192 0.02502979737783075 0.016863406408094434
0 0.6495828367103694 0.06745362563237774 0.02145411203814064 0.016863406408094434
0 0.6883194278903456 0.0645025295109612 0.02264600715137068 0.022765598650927487
0 0.6555423122765196 0.10118043844856661 0.023837902264600714 0.01517706576728499
0 0.700834326579261 0.1045531197301855 0.02145411203814064 0.016863406408094434
0 0.665673420738975 0.13279932546374368 0.02502979737783075 0.0193929173693086
0 0.7139451728247914 0.1391231028667791 0.02145411203814064 0.01854974704890388
0 0.7103694874851013 0.17032040472175378 0.026221692491060787 0.016863406408094434
0 0.6871275327771156 0.20615514333895446 0.020262216924910606 0.014333895446880268
0 0.7216924910607866 0.1981450252951096 0.027413587604290822 0.01854974704890388
0 0.7264600715137067 0.22554806070826305 0.02979737783075089 0.016020236087689713
0 0.6954707985697258 0.2411467116357504 0.02502979737783075 0.013490725126475547
0 0.7044100119189511 0.27318718381112983 0.01907032181168057 0.011804384485666104
0 0.7449344457687723 0.2626475548060708 0.023837902264600714 0.014333895446880268
0 0.7574493444576876 0.29974704890387854 0.020262216924910606 0.017706576728499155
0 0.7121573301549463 0.31239460370994937 0.027413587604290822 0.012647554806070826
0 0.7258641239570918 0.34401349072512644 0.02145411203814064 0.013490725126475547
0 0.7651966626936829 0.32925801011804384 0.026221692491060787 0.0193929173693086
0 0.7747318235995232 0.3920741989881956 0.026221692491060787 0.01517706576728499
0 0.7401668653158522 0.413575042158516 0.026221692491060787 0.014333895446880268
0 0.7872467222884386 0.4198988195615514 0.02502979737783075 0.02023608768971332
0 0.7550655542312276 0.454468802698145 0.020262216924910606 0.01517706576728499
0 0.7902264600715136 0.4502529510961214 0.028605482717520857 0.02023608768971332
0 0.7592371871275327 0.4890387858347386 0.023837902264600714 0.016863406408094434
0 0.8069129916567341 0.48608768971332206 0.028605482717520857 0.016020236087689713
0 0.7717520858164482 0.5333052276559865 0.02502979737783075 0.027824620573355816
0 0.8140643623361143 0.545531197301855 0.028605482717520857 0.01517706576728499
0 0.7789034564958284 0.5628161888701517 0.03218116805721096 0.00927487352445194
0 0.7932061978545888 0.5986509274873524 0.015494636471990463 0.01011804384485666
0 0.8390941597139452 0.6108768971332209 0.026221692491060787 0.016020236087689713
0 0.7890345649582836 0.6235244519392917 0.026221692491060787 0.00927487352445194
0 0.7997616209773539 0.637858347386172 0.02145411203814064 0.012647554806070826
0 0.8581644815256257 0.6614671163575042 0.01907032181168057 0.00927487352445194
0 0.8104886769964242 0.6690556492411467 0.023837902264600714 0.010961214165261381
0 0.8271752085816447 0.7074198988195615 0.02145411203814064 0.013490725126475547
0 0.8700834326579261 0.6968802698145025 0.014302741358760428 0.007588532883642495
0 0.8879618593563766 0.7322934232715008 0.01907032181168057 0.010961214165261381
0 0.8414779499404053 0.7462057335581788 0.01907032181168057 0.011804384485666104
0 0.8396901072705601 0.775716694772344 0.027413587604290822 0.011804384485666104
0 0.8927294398092968 0.7693929173693086 0.028605482717520857 0.014333895446880268
0 0.8516090584028605 0.8064924114671164 0.02264600715137068 0.00927487352445194
0 0.8611442193087008 0.8372681281618887 0.020262216924910606 0.013490725126475547
0 0.9052443384982121 0.8284148397976391 0.02264600715137068 0.016020236087689713