0 0.3324022346368715 0.0643611911623439 0.0782122905027933 0.024975984630163303
0 0.1494413407821229 0.08309317963496637 0.04748603351955307 0.01440922190201729
0 0.1564245810055866 0.12487992315081652 0.1005586592178771 0.02881844380403458
0 0.3687150837988827 0.11239193083573487 0.0782122905027933 0.026897214217098942
0 0.3840782122905028 0.15946205571565802 0.09776536312849163 0.024975984630163303
0 0.18854748603351956 0.16810758885686838 0.08100558659217877 0.021133525456292025
0 0.21927374301675978 0.1930835734870317 0.08100558659217877 0.026897214217098942
0 0.39664804469273746 0.20028818443804033 0.0782122905027933 0.022094140249759846
0 0.22206703910614525 0.2329490874159462 0.11452513966480447 0.024015369836695485
0 0.2779329608938548 0.29923150816522576 0.08659217877094973 0.024015369836695485
0 0.43435754189944137 0.27521613832853026 0.06424581005586592 0.01633045148895293
0 0.4720670391061453 0.313640730067243 0.0893854748603352 0.027857829010566763
0 0.48743016759776536 0.3578290105667627 0.08100558659217877 0.03170028818443804
0 0.2988826815642458 0.3736791546589817 0.07262569832402235 0.03650336215177714
0 0.30446927374301674 0.4116234390009606 0.1005586592178771 0.022094140249759846
0 0.5111731843575419 0.4063400576368876 0.08379888268156425 0.026897214217098942
0 0.33798882681564246 0.4447646493756004 0.0893854748603352 0.03073967339097022
0 0.5335195530726257 0.44332372718539864 0.1005586592178771 0.022094140249759846
0 0.5488826815642458 0.4865513928914505 0.06424581005586592 0.024015369836695485
0 0.3547486033519553 0.4860710854947166 0.10614525139664804 0.02881844380403458
0 0.36312849162011174 0.5172910662824207 0.07262569832402235 0.03170028818443804
0 0.5824022346368716 0.5249759846301633 0.08100558659217877 0.03170028818443804
0 0.61731843575419 0.5561959654178674 0.08379888268156425 0.023054755043227664
0 0.36731843575418993 0.5643611911623438 0.08100558659217877 0.01825168107588857
0 0.39385474860335196 0.5874159462055716 0.08379888268156425 0.025936599423631124
0 0.41480446927374304 0.6243996157540826 0.09217877094972067 0.024975984630163303
0 0.6256983240223464 0.6027857829010567 0.0782122905027933 0.025936599423631124
0 0.659217877094972 0.6431316042267051 0.07262569832402235 0.025936599423631124
0 0.4245810055865922 0.659462055715658 0.07262569832402235 0.025936599423631124
0 0.43435754189944137 0.6950048030739673 0.10335195530726257 0.029779058597502402
0 0.6620111731843575 0.6791546589817483 0.08379888268156425 0.03073967339097022
0 0.6717877094972067 0.7238232468780019 0.09776536312849163 0.025936599423631124
0 0.4608938547486034 0.7319884726224783 0.10614525139664804 0.026897214217098942
0 0.5 0.7675312199807877 0.0893854748603352 0.03650336215177714
0 0.45670391061452514 0.8059558117195005 0.07541899441340782 0.023054755043227664
0 0.5377094972067039 0.8093179634966379 0.06424581005586592 0.024015369836695485
0 0.723463687150838 0.7958693563880883 0.0782122905027933 0.022094140249759846
0 0.7220670391061452 0.7564841498559077 0.08100558659217877 0.024015369836695485
0 0.7569832402234637 0.8328530259365994 0.08379888268156425 0.02881844380403458
0 0.5307262569832403 0.8544668587896254 0.0670391061452514 0.03170028818443804
0 0.547486033519553 0.8909702209414024 0.0893854748603352 0.027857829010566763
0 0.755586592178771 0.8789625360230547 0.10893854748603353 0.024975984630163303
0 0.7807262569832403 0.9034582132564841 0.10335195530726257 0.022094140249759846
0 0.5446927374301677 0.9289145052833814 0.06145251396648045 0.017291066282420747
0 0.8016759776536313 0.9341978866474543 0.08379888268156425 0.027857829010566763
0 0.5963687150837989 0.9678194044188281 0.09217877094972067 0.029779058597502402