0 0.40192926045016075 0.0738562091503268 0.10289389067524116 0.0326797385620915
0 0.2508038585209003 0.06862745098039215 0.1157556270096463 0.050980392156862744
0 0.44855305466237944 0.12810457516339868 0.14469453376205788 0.03398692810457516
0 0.2845659163987138 0.13333333333333333 0.10610932475884244 0.04444444444444444
0 0.29260450160771706 0.18104575163398692 0.10932475884244373 0.04836601307189542
0 0.43729903536977494 0.17320261437908496 0.0707395498392283 0.03006535947712418
0 0.5064308681672026 0.230718954248366 0.0932475884244373 0.03790849673202614
0 0.3617363344051447 0.2372549019607843 0.1189710610932476 0.0326797385620915
0 0.49356913183279744 0.2823529411764706 0.06109324758842444 0.01568627450980392
0 0.3729903536977492 0.2895424836601307 0.10932475884244373 0.03790849673202614
0 0.3971061093247588 0.33856209150326794 0.11254019292604502 0.0392156862745098
0 0.5209003215434084 0.33856209150326794 0.08360128617363344 0.04183006535947712
0 0.37942122186495175 0.39934640522875814 0.09003215434083602 0.058823529411764705
0 0.5144694533762058 0.4006535947712418 0.09003215434083602 0.03006535947712418
0 0.4340836012861736 0.45555555555555555 0.1157556270096463 0.03529411764705882
0 0.5771704180064309 0.48496732026143785 0.08681672025723472 0.04183006535947712
0 0.612540192926045 0.5287581699346405 0.07395498392282958 0.04052287581699346
0 0.47266881028938906 0.5156862745098039 0.10289389067524116 0.04052287581699346
0 0.48231511254019294 0.5758169934640522 0.12218649517684887 0.043137254901960784
0 0.5964630225080386 0.5816993464052287 0.09967845659163987 0.03137254901960784
0 0.6286173633440515 0.6294117647058823 0.08038585209003216 0.027450980392156862
0 0.6318327974276527 0.6771241830065359 0.08681672025723472 0.02875816993464052
0 0.6720257234726688 0.7183006535947712 0.10289389067524116 0.03006535947712418
0 0.5868167202572347 0.7052287581699346 0.03536977491961415 0.011764705882352941
0 0.5128617363344051 0.7124183006535947 0.09967845659163987 0.03398692810457516
0 0.5707395498392283 0.7738562091503267 0.1189710610932476 0.0392156862745098
0 0.7170418006430868 0.8117647058823528 0.09003215434083602 0.04183006535947712
0 0.6945337620578778 0.7699346405228757 0.10289389067524116 0.0392156862745098
0 0.6012861736334405 0.830718954248366 0.1157556270096463 0.0457516339869281
0 0.729903536977492 0.8686274509803921 0.09646302250803858 0.03529411764705882
0 0.752411575562701 0.9117647058823529 0.09003215434083602 0.03006535947712418
0 0.6559485530546624 0.9490196078431372 0.09646302250803858 0.0261437908496732
0 0.6045016077170418 0.896078431372549 0.1157556270096463 0.03529411764705882