0 0.29973474801061006 0.029893924783027968 0.04774535809018567 0.015429122468659595
0 0.26657824933687 0.05159112825458052 0.029177718832891244 0.012536162005785922
0 0.1896551724137931 0.0699132111861138 0.04509283819628647 0.01832208293153327
0 0.29310344827586204 0.07666345226615237 0.04509283819628647 0.01639344262295082
0 0.3063660477453581 0.09932497589199614 0.04509283819628647 0.017357762777242044
0 0.22413793103448273 0.10848601735776278 0.05039787798408488 0.01446480231436837
0 0.23474801061007958 0.1518804243008679 0.03978779840848806 0.012536162005785922
0 0.3156498673740053 0.15380906460945035 0.05835543766578249 0.01832208293153327
0 0.2625994694960212 0.1909353905496625 0.05305039787798408 0.013500482160077145
0 0.34615384615384615 0.1914175506268081 0.029177718832891244 0.01639344262295082
0 0.2639257294429708 0.22516875602700098 0.034482758620689655 0.012536162005785922
0 0.3302387267904509 0.3158148505303761 0.03978779840848806 0.012536162005785922
0 0.3806366047745358 0.31726133076181295 0.03978779840848806 0.013500482160077145
0 0.35676392572944293 0.35197685631629705 0.04509283819628647 0.017357762777242044
0 0.43633952254641906 0.35776277724204436 0.04509283819628647 0.015429122468659595
0 0.37002652519893897 0.40453230472516877 0.05039787798408488 0.01446480231436837
0 0.4456233421750663 0.3982642237222758 0.03183023872679045 0.011571841851494697
0 0.47745358090185674 0.4455159112825458 0.042440318302387266 0.017357762777242044
0 0.40716180371352784 0.44503375120540023 0.05039787798408488 0.01832208293153327
0 0.4429708222811671 0.4918032786885246 0.05835543766578249 0.019286403085824494
0 0.5291777188328912 0.5 0.05039787798408488 0.026036644165863067
0 0.4535809018567639 0.536162005785921 0.042440318302387266 0.015429122468659595
0 0.553050397877984 0.5458052073288332 0.055702917771883284 0.015429122468659595
0 0.5 0.5843780135004821 0.023872679045092837 0.011571841851494697
0 0.5968169761273209 0.5988428158148505 0.06896551724137931 0.017357762777242044
0 0.5278514588859416 0.6311475409836066 0.05835543766578249 0.01832208293153327
0 0.6246684350132625 0.6446480231436837 0.05039787798408488 0.02025072324011572
0 0.5384615384615384 0.682738669238187 0.04774535809018567 0.013500482160077145
0 0.6419098143236074 0.6918997107039537 0.0636604774535809 0.01639344262295082
0 0.5716180371352785 0.725168756027001 0.0663129973474801 0.019286403085824494
0 0.6684350132625995 0.7391513982642237 0.04774535809018567 0.01446480231436837
0 0.5848806366047745 0.7622950819672132 0.05039787798408488 0.01639344262295082
0 0.6989389920424403 0.7859209257473482 0.055702917771883284 0.017357762777242044
0 0.7161803713527851 0.8254580520732884 0.05835543766578249 0.019286403085824494
0 0.643236074270557 0.8601735776277725 0.04509283819628647 0.023143683702989394
0 0.7347480106100795 0.8659594985535198 0.04774535809018567 0.017357762777242044
0 0.6936339522546419 0.9459980713596915 0.055702917771883284 0.015429122468659595
0 0.8435013262599469 0.9368370298939248 0.05305039787798408 0.012536162005785922