0 0.4258064516129032 0.06542699724517906 0.09032258064516129 0.03994490358126722
0 0.24193548387096775 0.06336088154269973 0.05806451612903226 0.02203856749311295
0 0.23387096774193547 0.12809917355371903 0.1 0.03581267217630854
0 0.23387096774193547 0.174931129476584 0.0935483870967742 0.027548209366391185
0 0.4629032258064516 0.14393939393939395 0.15161290322580645 0.045454545454545456
0 0.4661290322580645 0.2100550964187328 0.11935483870967742 0.03994490358126722
0 0.3161290322580645 0.22933884297520662 0.15483870967741936 0.04269972451790634
0 0.3580645161290323 0.27892561983471076 0.09032258064516129 0.03994490358126722
0 0.5338709677419354 0.25275482093663915 0.1 0.03994490358126722
0 0.38548387096774195 0.34297520661157027 0.1 0.03856749311294766
0 0.6161290322580645 0.37327823691460055 0.08387096774193549 0.04132231404958678
0 0.38225806451612904 0.400137741046832 0.11290322580645161 0.04269972451790634
0 0.39838709677419354 0.4676308539944904 0.06129032258064516 0.03443526170798898
0 0.6403225806451613 0.43112947658402206 0.11290322580645161 0.0440771349862259
0 0.6693548387096774 0.5020661157024794 0.0935483870967742 0.05371900826446281
0 0.7112903225806452 0.546831955922865 0.08709677419354839 0.027548209366391185
0 0.4467741935483871 0.5275482093663912 0.15161290322580645 0.0440771349862259
0 0.4403225806451613 0.5895316804407713 0.13870967741935483 0.046831955922865015
0 0.5306451612903226 0.6294765840220385 0.0935483870967742 0.02203856749311295
0 0.6903225806451613 0.6046831955922866 0.10967741935483871 0.0440771349862259
0 0.5612903225806452 0.6845730027548209 0.03870967741935484 0.024793388429752067
0 0.49193548387096775 0.7134986225895317 0.08064516129032258 0.03305785123966942
0 0.5741935483870968 0.7534435261707989 0.09032258064516129 0.0440771349862259
0 0.7370967741935484 0.668732782369146 0.1064516129032258 0.03443526170798898
0 0.75 0.6983471074380165 0.12580645161290321 0.0440771349862259
0 0.7741935483870968 0.7651515151515151 0.12903225806451613 0.05371900826446281
0 0.5596774193548387 0.8360881542699725 0.15161290322580645 0.03856749311294766
0 0.8225806451612904 0.8243801652892562 0.07096774193548387 0.04269972451790634
0 0.8258064516129032 0.8932506887052342 0.10967741935483871 0.03443526170798898
0 0.5919354838709677 0.890495867768595 0.11290322580645161 0.04269972451790634
0 0.6290322580645161 0.9490358126721763 0.12258064516129032 0.04132231404958678
0 0.882258064516129 0.9703856749311295 0.08709677419354839 0.045454545454545456