0 0.703551912568306 0.9788062283737025 0.05737704918032787 0.021626297577854673
0 0.8333333333333334 0.9731833910034602 0.09836065573770492 0.029411764705882353
0 0.6734972677595629 0.939446366782007 0.09016393442622951 0.03114186851211073
0 0.8360655737704918 0.9368512110726643 0.08743169398907104 0.03633217993079585
0 0.6598360655737705 0.9022491349480969 0.07377049180327869 0.032871972318339104
0 0.8128415300546448 0.9000865051903114 0.08469945355191257 0.021626297577854673
0 0.7896174863387978 0.8646193771626298 0.07650273224043716 0.019896193771626297
0 0.6475409836065574 0.8689446366782008 0.08743169398907104 0.028546712802768166
0 0.773224043715847 0.8265570934256056 0.09289617486338798 0.026816608996539794
0 0.6311475409836066 0.8157439446366782 0.07103825136612021 0.020761245674740483
0 0.7718579234972678 0.7915224913494809 0.09016393442622951 0.02249134948096886
0 0.6174863387978142 0.7880622837370242 0.060109289617486336 0.02768166089965398
0 0.7404371584699454 0.764273356401384 0.07650273224043716 0.025086505190311418
0 0.5969945355191257 0.7551903114186851 0.07923497267759563 0.025951557093425608
0 0.7336065573770492 0.7253460207612457 0.09016393442622951 0.023356401384083045
0 0.5614754098360656 0.7188581314878892 0.10109289617486339 0.02422145328719723
0 0.7131147540983607 0.6820934256055363 0.09836065573770492 0.025086505190311418
0 0.5778688524590164 0.6859861591695502 0.08469945355191257 0.020761245674740483
0 0.5546448087431693 0.6509515570934257 0.1092896174863388 0.023356401384083045
0 0.703551912568306 0.6431660899653979 0.10655737704918032 0.019896193771626297
0 0.6598360655737705 0.610726643598616 0.09016393442622951 0.025951557093425608
0 0.5218579234972678 0.620242214532872 0.09289617486338798 0.032871972318339104
0 0.49453551912568305 0.5843425605536332 0.09289617486338798 0.028546712802768166
0 0.662568306010929 0.5774221453287197 0.08469945355191257 0.025086505190311418
0 0.6530054644808743 0.5423875432525952 0.10382513661202186 0.025951557093425608
0 0.4672131147540984 0.5441176470588236 0.07650273224043716 0.02249134948096886
0 0.6420765027322405 0.5129757785467128 0.08743169398907104 0.02768166089965398
0 0.4603825136612022 0.509515570934256 0.08469945355191257 0.01730103806228374
0 0.4344262295081967 0.4740484429065744 0.11475409836065574 0.02422145328719723
0 0.6188524590163934 0.4632352941176471 0.09016393442622951 0.028546712802768166
0 0.569672131147541 0.43252595155709345 0.09016393442622951 0.029411764705882353
0 0.41939890710382516 0.43339100346020765 0.09016393442622951 0.02768166089965398
0 0.38524590163934425 0.4031141868512111 0.09836065573770492 0.01903114186851211
0 0.5491803278688525 0.39749134948096887 0.08196721311475409 0.026816608996539794
0 0.5341530054644809 0.36634948096885817 0.05737704918032787 0.021626297577854673
0 0.3770491803278688 0.3758650519031142 0.060109289617486336 0.025086505190311418
0 0.35792349726775957 0.3438581314878893 0.0546448087431694 0.023356401384083045
0 0.4959016393442623 0.31920415224913495 0.07923497267759563 0.025951557093425608
0 0.337431693989071 0.3079584775086505 0.09016393442622951 0.02768166089965398
0 0.4685792349726776 0.2846020761245675 0.07923497267759563 0.03114186851211073
0 0.4412568306010929 0.25519031141868515 0.10655737704918032 0.025951557093425608
0 0.3128415300546448 0.2763840830449827 0.08469945355191257 0.025086505190311418
0 0.29508196721311475 0.23918685121107267 0.11475409836065574 0.026816608996539794
0 0.44672131147540983 0.21929065743944637 0.07923497267759563 0.014705882352941176
0 0.41939890710382516 0.18685121107266436 0.09562841530054644 0.03633217993079585
0 0.26366120218579236 0.2058823529411765 0.09016393442622951 0.02768166089965398
0 0.25546448087431695 0.16955017301038064 0.09016393442622951 0.02249134948096886
0 0.37158469945355194 0.15051903114186851 0.1092896174863388 0.025951557093425608
0 0.23497267759562843 0.1384083044982699 0.07650273224043716 0.02768166089965398
0 0.34972677595628415 0.11245674740484429 0.09836065573770492 0.029411764705882353
0 0.20491803278688525 0.09602076124567474 0.07650273224043716 0.02768166089965398
0 0.18989071038251365 0.051903114186851215 0.09562841530054644 0.025951557093425608
0 0.3510928961748634 0.07742214532871973 0.10109289617486339 0.021626297577854673
0 0.3551912568306011 0.04844290657439446 0.08743169398907104 0.032871972318339104