0 0.2988165680473373 0.9442553191489361 0.02485207100591716 0.017872340425531916
0 0.2982248520710059 0.9268085106382978 0.023668639053254437 0.015319148936170212
0 0.33313609467455624 0.9234042553191489 0.01775147928994083 0.013617021276595745
0 0.28816568047337277 0.8995744680851063 0.02485207100591716 0.01702127659574468
0 0.321301775147929 0.8863829787234042 0.01775147928994083 0.01276595744680851
0 0.27928994082840236 0.8668085106382979 0.02603550295857988 0.01957446808510638
0 0.26153846153846155 0.8357446808510638 0.02603550295857988 0.020425531914893616
0 0.25207100591715975 0.808936170212766 0.023668639053254437 0.017872340425531916
0 0.30355029585798815 0.8102127659574468 0.01775147928994083 0.013617021276595745
0 0.2467455621301775 0.7748936170212766 0.02958579881656805 0.01446808510638298
0 0.23727810650887574 0.737872340425532 0.027218934911242602 0.020425531914893616
0 0.2739644970414201 0.7272340425531915 0.015384615384615385 0.01276595744680851
0 0.2668639053254438 0.694468085106383 0.022485207100591716 0.015319148936170212
0 0.22958579881656804 0.7008510638297872 0.02603550295857988 0.01957446808510638
0 0.21952662721893493 0.6731914893617021 0.02485207100591716 0.01702127659574468
0 0.20946745562130178 0.64 0.01893491124260355 0.013617021276595745
0 0.2562130177514793 0.6412765957446809 0.01301775147928994 0.009361702127659575
0 0.25088757396449707 0.6246808510638298 0.016568047337278107 0.00851063829787234
0 0.24260355029585798 0.6085106382978723 0.01893491124260355 0.011914893617021277
0 0.20059171597633135 0.6102127659574468 0.02485207100591716 0.01702127659574468
0 0.1970414201183432 0.5842553191489361 0.02485207100591716 0.01957446808510638
0 0.1757396449704142 0.5570212765957446 0.022485207100591716 0.016170212765957447
0 0.23372781065088757 0.5570212765957446 0.020118343195266272 0.011063829787234043
0 0.22840236686390533 0.5387234042553192 0.028402366863905328 0.015319148936170212
0 0.18757396449704142 0.5276595744680851 0.022485207100591716 0.01872340425531915
0 0.16982248520710058 0.49744680851063827 0.03195266272189349 0.017872340425531916
0 0.21597633136094674 0.48638297872340425 0.020118343195266272 0.017872340425531916
0 0.15798816568047339 0.47319148936170213 0.020118343195266272 0.015319148936170212
0 0.19644970414201185 0.45276595744680853 0.03076923076923077 0.015319148936170212
0 0.15325443786982249 0.44127659574468087 0.015384615384615385 0.011063829787234043
0 0.18461538461538463 0.4217021276595745 0.023668639053254437 0.01957446808510638
0 0.16923076923076924 0.38595744680851063 0.023668639053254437 0.017872340425531916
0 0.1349112426035503 0.3876595744680851 0.03076923076923077 0.01957446808510638
0 0.142603550295858 0.4102127659574468 0.010650887573964497 0.00851063829787234
0 0.13254437869822486 0.3557446808510638 0.023668639053254437 0.01702127659574468
0 0.17218934911242603 0.35404255319148936 0.020118343195266272 0.015319148936170212
0 0.12781065088757396 0.3276595744680851 0.02603550295857988 0.020425531914893616
0 0.15739644970414202 0.32170212765957445 0.021301775147928994 0.01702127659574468
0 0.1502958579881657 0.2919148936170213 0.028402366863905328 0.01702127659574468
0 0.10650887573964497 0.26893617021276595 0.028402366863905328 0.022127659574468085
0 0.14142011834319526 0.2612765957446809 0.027218934911242602 0.01702127659574468
0 0.1289940828402367 0.2327659574468085 0.028402366863905328 0.017872340425531916
0 0.10295857988165681 0.23872340425531915 0.021301775147928994 0.01957446808510638
0 0.08816568047337278 0.20680851063829786 0.02958579881656805 0.020425531914893616
0 0.12366863905325444 0.19531914893617022 0.02485207100591716 0.024680851063829785
0 0.07514792899408285 0.16297872340425532 0.039053254437869826 0.02127659574468085
0 0.10650887573964497 0.14893617021276595 0.028402366863905328 0.015319148936170212
0 0.25443786982248523 0.1051063829787234 0.021301775147928994 0.01446808510638298
0 0.31597633136094677 0.1072340425531915 0.023668639053254437 0.020425531914893616
0 0.32603550295857986 0.15191489361702126 0.03195266272189349 0.02127659574468085
0 0.3301775147928994 0.1778723404255319 0.023668639053254437 0.015319148936170212
0 0.33313609467455624 0.20042553191489362 0.027218934911242602 0.02127659574468085
0 0.3408284023668639 0.22382978723404254 0.033136094674556214 0.015319148936170212
0 0.3485207100591716 0.24553191489361703 0.020118343195266272 0.01446808510638298
0 0.31301775147928995 0.29531914893617023 0.01775147928994083 0.010212765957446808
0 0.3585798816568047 0.2782978723404255 0.02603550295857988 0.01702127659574468
0 0.3591715976331361 0.2970212765957447 0.03195266272189349 0.01872340425531915
0 0.36627218934911243 0.3182978723404255 0.022485207100591716 0.01702127659574468
0 0.3680473372781065 0.34382978723404256 0.023668639053254437 0.022127659574468085
0 0.378698224852071 0.3719148936170213 0.021301775147928994 0.015319148936170212
0 0.38875739644970414 0.3923404255319149 0.027218934911242602 0.015319148936170212
0 0.40059171597633136 0.414468085106383 0.03431952662721893 0.01872340425531915
0 0.40059171597633136 0.4404255319148936 0.022485207100591716 0.01957446808510638
0 0.41183431952662725 0.4651063829787234 0.02603550295857988 0.017872340425531916
0 0.42071005917159765 0.4953191489361702 0.020118343195266272 0.011914893617021277
0 0.37573964497041423 0.5148936170212766 0.022485207100591716 0.01702127659574468
0 0.4325443786982249 0.5123404255319148 0.03431952662721893 0.01702127659574468
0 0.4301775147928994 0.54 0.03431952662721893 0.02127659574468085
0 0.4526627218934911 0.5663829787234043 0.02958579881656805 0.01957446808510638
0 0.4668639053254438 0.6089361702127659 0.03195266272189349 0.016170212765957447
0 0.40946745562130177 0.6306382978723404 0.01893491124260355 0.00851063829787234
0 0.46094674556213017 0.6319148936170212 0.027218934911242602 0.016170212765957447
0 0.46272189349112425 0.6557446808510639 0.023668639053254437 0.017872340425531916
0 0.42011834319526625 0.6693617021276596 0.016568047337278107 0.01276595744680851
0 0.42011834319526625 0.6842553191489361 0.011834319526627219 0.013617021276595745
0 0.4331360946745562 0.6991489361702128 0.023668639053254437 0.011063829787234043
0 0.4757396449704142 0.68 0.023668639053254437 0.020425531914893616
0 0.4757396449704142 0.6978723404255319 0.023668639053254437 0.011914893617021277
0 0.4834319526627219 0.7165957446808511 0.02958579881656805 0.013617021276595745
0 0.44497041420118344 0.7395744680851064 0.021301775147928994 0.011914893617021277
0 0.44792899408284026 0.7561702127659574 0.022485207100591716 0.01446808510638298
0 0.49940828402366866 0.7706382978723404 0.02603550295857988 0.01446808510638298
0 0.5023668639053255 0.7557446808510638 0.027218934911242602 0.011914893617021277
0 0.49171597633136094 0.7442553191489362 0.027218934911242602 0.011063829787234043
0 0.48994082840236686 0.7314893617021276 0.021301775147928994 0.01276595744680851
0 0.45443786982248524 0.7782978723404256 0.016568047337278107 0.01446808510638298
0 0.45857988165680474 0.8059574468085107 0.01775147928994083 0.013617021276595745
0 0.46153846153846156 0.8217021276595745 0.023668639053254437 0.011063829787234043
0 0.5159763313609468 0.7953191489361702 0.03076923076923077 0.01446808510638298
0 0.5136094674556213 0.8140425531914893 0.021301775147928994 0.02127659574468085
0 0.4710059171597633 0.8408510638297872 0.016568047337278107 0.011914893617021277
0 0.5266272189349113 0.8523404255319149 0.028402366863905328 0.01446808510638298
0 0.47218934911242605 0.8787234042553191 0.01893491124260355 0.016170212765957447
0 0.48284023668639053 0.896595744680851 0.01893491124260355 0.01276595744680851
0 0.5396449704142012 0.8774468085106383 0.023668639053254437 0.013617021276595745
0 0.5455621301775148 0.8974468085106383 0.02603550295857988 0.016170212765957447
0 0.7159763313609467 0.8519148936170212 0.023668639053254437 0.01872340425531915
0 0.7094674556213018 0.8187234042553191 0.02485207100591716 0.015319148936170212
0 0.6976331360946746 0.7885106382978724 0.022485207100591716 0.01446808510638298
0 0.6568047337278107 0.7642553191489362 0.023668639053254437 0.01702127659574468
0 0.6970414201183432 0.7468085106382979 0.021301775147928994 0.016170212765957447
0 0.6378698224852071 0.7259574468085106 0.016568047337278107 0.013617021276595745
0 0.6692307692307692 0.7085106382978723 0.027218934911242602 0.016170212765957447
0 0.6313609467455621 0.6702127659574468 0.02485207100591716 0.01276595744680851
0 0.670414201183432 0.665531914893617 0.02958579881656805 0.01702127659574468
0 0.6662721893491125 0.6361702127659574 0.028402366863905328 0.01276595744680851
0 0.6177514792899408 0.6327659574468085 0.02603550295857988 0.01957446808510638
0 0.6 0.5825531914893617 0.021301775147928994 0.009361702127659575
0 0.6585798816568047 0.6025531914893617 0.015384615384615385 0.013617021276595745
0 0.6485207100591716 0.568936170212766 0.028402366863905328 0.016170212765957447
0 0.6355029585798817 0.5361702127659574 0.01893491124260355 0.011914893617021277
0 0.5964497041420118 0.5395744680851063 0.03076923076923077 0.015319148936170212
0 0.6284023668639054 0.5093617021276595 0.016568047337278107 0.009361702127659575
0 0.5781065088757397 0.4851063829787234 0.03195266272189349 0.01702127659574468
0 0.6147928994082841 0.46127659574468083 0.02485207100591716 0.015319148936170212
0 0.572189349112426 0.43617021276595747 0.022485207100591716 0.01957446808510638
0 0.6124260355029586 0.4259574468085106 0.022485207100591716 0.017872340425531916
0 0.5958579881656805 0.39148936170212767 0.02485207100591716 0.01702127659574468
0 0.5757396449704142 0.34936170212765955 0.02958579881656805 0.016170212765957447
0 0.5751479289940828 0.32638297872340427 0.02603550295857988 0.01957446808510638
0 0.5343195266272189 0.33106382978723403 0.020118343195266272 0.01702127659574468
0 0.5242603550295858 0.2919148936170213 0.021301775147928994 0.015319148936170212
0 0.565680473372781 0.2846808510638298 0.023668639053254437 0.016170212765957447
0 0.5562130177514792 0.24723404255319148 0.011834319526627219 0.01446808510638298
0 0.5023668639053255 0.24340425531914894 0.020118343195266272 0.013617021276595745
0 0.5396449704142012 0.2097872340425532 0.021301775147928994 0.02127659574468085
0 0.4928994082840237 0.19191489361702127 0.02485207100591716 0.016170212765957447
0 0.5349112426035503 0.17659574468085107 0.023668639053254437 0.017872340425531916
0 0.4834319526627219 0.14340425531914894 0.020118343195266272 0.01276595744680851
0 0.5242603550295858 0.13446808510638297 0.023668639053254437 0.020425531914893616
0 0.5171597633136095 0.10170212765957447 0.023668639053254437 0.01957446808510638
0 0.45857988165680474 0.09319148936170213 0.022485207100591716 0.01446808510638298
0 0.506508875739645 0.07063829787234042 0.023668639053254437 0.015319148936170212
0 0.642603550295858 0.04638297872340425 0.01893491124260355 0.01276595744680851
0 0.7017751479289941 0.04765957446808511 0.02603550295857988 0.01872340425531915
0 0.6585798816568047 0.08723404255319149 0.022485207100591716 0.01276595744680851
0 0.7071005917159764 0.08808510638297873 0.02958579881656805 0.02127659574468085
0 0.6710059171597633 0.12382978723404255 0.021301775147928994 0.011063829787234043
0 0.7218934911242604 0.11914893617021277 0.02603550295857988 0.01702127659574468
0 0.6846153846153846 0.15617021276595744 0.022485207100591716 0.017872340425531916
0 0.691715976331361 0.19489361702127658 0.027218934911242602 0.011914893617021277
0 0.7396449704142012 0.18808510638297873 0.021301775147928994 0.015319148936170212
0 0.7 0.2327659574468085 0.020118343195266272 0.01276595744680851
0 0.7124260355029586 0.27489361702127657 0.02603550295857988 0.015319148936170212
0 0.7502958579881657 0.27702127659574466 0.02603550295857988 0.017872340425531916
0 0.7230769230769231 0.3174468085106383 0.023668639053254437 0.015319148936170212
0 0.7609467455621302 0.311063829787234 0.023668639053254437 0.01957446808510638
0 0.7301775147928994 0.34638297872340423 0.023668639053254437 0.015319148936170212
0 0.7798816568047338 0.3451063829787234 0.03076923076923077 0.016170212765957447
0 0.7378698224852072 0.38340425531914896 0.02958579881656805 0.01957446808510638
0 0.7881656804733728 0.38170212765957445 0.028402366863905328 0.02297872340425532
0 0.7988165680473372 0.4127659574468085 0.014201183431952664 0.010212765957446808
0 0.749112426035503 0.4229787234042553 0.023668639053254437 0.015319148936170212
0 0.7633136094674556 0.45276595744680853 0.023668639053254437 0.01702127659574468
0 0.7952662721893491 0.44468085106382976 0.02603550295857988 0.017872340425531916
0 0.7721893491124261 0.4868085106382979 0.027218934911242602 0.015319148936170212
0 0.785207100591716 0.5404255319148936 0.027218934911242602 0.013617021276595745
0 0.8284023668639053 0.5229787234042553 0.033136094674556214 0.01957446808510638
0 0.8402366863905325 0.5757446808510638 0.014201183431952664 0.011063829787234043
0 0.7994082840236687 0.5974468085106382 0.02485207100591716 0.015319148936170212
0 0.8633136094674556 0.6234042553191489 0.02485207100591716 0.016170212765957447
0 0.8130177514792899 0.6506382978723404 0.011834319526627219 0.007659574468085106
0 0.8715976331360947 0.6663829787234042 0.01775147928994083 0.01872340425531915
0 0.8284023668639053 0.6906382978723404 0.023668639053254437 0.016170212765957447
0 0.8816568047337279 0.7029787234042553 0.01893491124260355 0.01702127659574468
0 0.8372781065088758 0.7327659574468085 0.022485207100591716 0.020425531914893616
0 0.9094674556213018 0.7506382978723404 0.022485207100591716 0.01702127659574468
0 0.8485207100591716 0.7863829787234042 0.02603550295857988 0.01702127659574468
0 0.9153846153846154 0.823404255319149 0.022485207100591716 0.01446808510638298