0 0.33333333333333337 0.0765524625267666 0.09116809116809117 0.035331905781584586
0 0.35185185185185186 0.11241970021413276 0.09401709401709402 0.029978586723768737
0 0.23361823361823364 0.12473233404710922 0.07407407407407408 0.03961456102783726
0 0.2321937321937322 0.17237687366167023 0.09401709401709402 0.032119914346895075
0 0.37321937321937326 0.1670235546038544 0.07977207977207977 0.0278372591006424
0 0.42592592592592593 0.20289079229122056 0.08262108262108263 0.035331905781584586
0 0.2834757834757835 0.22376873661670238 0.07692307692307693 0.036402569593147756
0 0.3062678062678063 0.26552462526766596 0.09971509971509972 0.029978586723768737
0 0.42450142450142453 0.2537473233404711 0.10826210826210826 0.0278372591006424
0 0.4444444444444445 0.2997858672376874 0.08547008547008547 0.034261241970021415
0 0.3162393162393163 0.3083511777301927 0.09116809116809117 0.029978586723768737
0 0.33760683760683763 0.3399357601713062 0.07122507122507123 0.02890792291220557
0 0.44729344729344733 0.34957173447537476 0.09686609686609687 0.03961456102783726
0 0.36894586894586895 0.38115631691648827 0.08262108262108263 0.032119914346895075
0 0.5071225071225072 0.3934689507494647 0.07977207977207977 0.037473233404710926
0 0.39031339031339035 0.4250535331905782 0.09686609686609687 0.03854389721627409
0 0.51994301994302 0.43629550321199145 0.08831908831908833 0.031049250535331908
0 0.5470085470085471 0.4801927194860814 0.06837606837606838 0.031049250535331908
0 0.40740740740740744 0.47537473233404715 0.07977207977207977 0.02569593147751606
0 0.44871794871794873 0.5133832976445396 0.09401709401709402 0.02676659528907923
0 0.5555555555555556 0.5208779443254818 0.09116809116809117 0.037473233404710926
0 0.46296296296296297 0.5540685224839401 0.08831908831908833 0.037473233404710926
0 0.6025641025641026 0.5626338329764454 0.07122507122507123 0.02890792291220557
0 0.47720797720797725 0.5952890792291221 0.08831908831908833 0.023554603854389723
0 0.6125356125356126 0.6161670235546038 0.09116809116809117 0.02676659528907923
0 0.4814814814814815 0.6343683083511777 0.09686609686609687 0.022483940042826552
0 0.6324786324786326 0.654710920770878 0.08547008547008547 0.024625267665952893
0 0.5085470085470086 0.6905781584582441 0.10541310541310542 0.02569593147751606
0 0.6239316239316239 0.7103854389721628 0.07407407407407408 0.02676659528907923
0 0.5413105413105413 0.734475374732334 0.10256410256410257 0.02569593147751606
0 0.6866096866096867 0.7510706638115632 0.10826210826210826 0.031049250535331908
0 0.5641025641025641 0.7756959314775161 0.09686609686609687 0.037473233404710926
0 0.6680911680911681 0.800321199143469 0.09971509971509972 0.031049250535331908
0 0.566951566951567 0.8244111349036403 0.09116809116809117 0.032119914346895075
0 0.7250712250712251 0.8431477516059958 0.09971509971509972 0.024625267665952893
0 0.6082621082621082 0.8693790149892934 0.08831908831908833 0.029978586723768737
0 0.7336182336182336 0.8870449678800857 0.11111111111111112 0.02890792291220557
0 0.6339031339031339 0.9197002141327624 0.07692307692307693 0.03854389721627409
0 0.7478632478632479 0.9309421841541756 0.10541310541310542 0.037473233404710926
0 0.6623931623931624 0.9635974304068523 0.09401709401709402 0.017130620985010708