0 0.3728813559322034 0.056742323097463285 0.1559322033898305 0.04939919893190921
0 0.19999999999999998 0.07009345794392523 0.06101694915254237 0.030707610146862484
0 0.2271186440677966 0.11348464619492657 0.09491525423728814 0.045393858477970624
0 0.37966101694915255 0.10747663551401869 0.09491525423728814 0.028037383177570093
0 0.44576271186440675 0.14018691588785046 0.0847457627118644 0.0267022696929239
0 0.2694915254237288 0.16488651535380508 0.13898305084745763 0.04138851802403204
0 0.41694915254237286 0.18090787716955942 0.09491525423728814 0.030707610146862484
0 0.288135593220339 0.2376502002670227 0.08135593220338982 0.0267022696929239
0 0.4779661016949152 0.2363150867823765 0.10169491525423728 0.042723631508678236
0 0.4711864406779661 0.29372496662216285 0.10847457627118644 0.037383177570093455
0 0.33220338983050846 0.2917222963951936 0.10169491525423728 0.044058744993324434
0 0.32033898305084746 0.3417890520694259 0.10508474576271186 0.04806408544726302
0 0.31525423728813556 0.3885180240320427 0.13559322033898305 0.03471295060080107
0 0.5322033898305084 0.4032042723631509 0.07457627118644068 0.029372496662216287
0 0.3898305084745763 0.44058744993324434 0.12203389830508474 0.045393858477970624
0 0.559322033898305 0.4666221628838451 0.09491525423728814 0.04672897196261682
0 0.41694915254237286 0.4953271028037383 0.10169491525423728 0.04005340453938585
0 0.5881355932203389 0.5120160213618158 0.09152542372881356 0.03337783711615487
0 0.4271186440677966 0.5534045393858478 0.09491525423728814 0.044058744993324434
0 0.43728813559322033 0.6041388518024032 0.08135593220338982 0.04672897196261682
0 0.611864406779661 0.6068090787716955 0.10508474576271186 0.04138851802403204
0 0.4779661016949152 0.6842456608811749 0.09491525423728814 0.0787716955941255
0 0.6389830508474577 0.6742323097463284 0.11186440677966102 0.04005340453938585
0 0.6491525423728813 0.7116154873164219 0.0711864406779661 0.032042723631508674
0 0.511864406779661 0.7590120160213618 0.08813559322033898 0.036048064085447265
0 0.6779661016949152 0.7883845126835781 0.1288135593220339 0.030707610146862484
0 0.688135593220339 0.8257676902536716 0.09491525423728814 0.04672897196261682
0 0.5033898305084745 0.8090787716955941 0.0983050847457627 0.029372496662216287
0 0.5677966101694915 0.8511348464619493 0.11186440677966102 0.036048064085447265
0 0.7084745762711864 0.87716955941255 0.09491525423728814 0.032042723631508674
0 0.5966101694915255 0.9005340453938585 0.1152542372881356 0.044058744993324434
0 0.7440677966101694 0.9185580774365821 0.11864406779661017 0.03471295060080107
0 0.7423728813559322 0.9526034712950601 0.08813559322033898 0.030707610146862484
0 0.6101694915254237 0.959279038718291 0.13559322033898305 0.04138851802403204