0 0.3738019169329073 0.055232558139534885 0.10223642172523961 0.040697674418604654
0 0.2060702875399361 0.08255813953488372 0.0926517571884984 0.02558139534883721
0 0.22523961661341851 0.12732558139534883 0.07348242811501597 0.026744186046511628
0 0.4121405750798722 0.11046511627906977 0.09584664536741214 0.030232558139534883
0 0.4408945686900958 0.14127906976744187 0.08306709265175719 0.031395348837209305
0 0.2667731629392971 0.17965116279069768 0.0926517571884984 0.026744186046511628
0 0.31150159744408945 0.225 0.08626198083067092 0.031395348837209305
0 0.48402555910543127 0.19651162790697674 0.08626198083067092 0.023255813953488372
0 0.4904153354632588 0.22441860465116278 0.07348242811501597 0.03255813953488372
0 0.3210862619808307 0.28430232558139534 0.07348242811501597 0.033720930232558136
0 0.3466453674121406 0.3244186046511628 0.07987220447284345 0.03953488372093023
0 0.5063897763578274 0.3017441860465116 0.08626198083067092 0.03604651162790698
0 0.5175718849840255 0.2651162790697674 0.06389776357827476 0.02558139534883721
0 0.5559105431309904 0.3430232558139535 0.08306709265175719 0.027906976744186046
0 0.3929712460063898 0.38139534883720927 0.10862619808306709 0.037209302325581395
0 0.5782747603833865 0.38546511627906976 0.03194888178913738 0.019767441860465116
0 0.4153354632587859 0.4319767441860465 0.11501597444089456 0.040697674418604654
0 0.5718849840255591 0.4377906976744186 0.08306709265175719 0.033720930232558136
0 0.4456869009584664 0.4825581395348837 0.07987220447284345 0.03255813953488372
0 0.5958466453674122 0.47848837209302325 0.07348242811501597 0.033720930232558136
0 0.463258785942492 0.5226744186046511 0.08306709265175719 0.033720930232558136
0 0.646964856230032 0.5674418604651162 0.1182108626198083 0.027906976744186046
0 0.46166134185303515 0.586046511627907 0.12460063897763578 0.03255813953488372
0 0.4968051118210862 0.6261627906976744 0.1182108626198083 0.043023255813953484
0 0.523961661341853 0.6674418604651162 0.08945686900958466 0.04186046511627907
0 0.6565495207667731 0.6063953488372092 0.10543130990415335 0.033720930232558136
0 0.694888178913738 0.6534883720930232 0.08626198083067092 0.027906976744186046
0 0.7028753993610224 0.7011627906976744 0.07028753993610223 0.037209302325581395
0 0.547923322683706 0.7296511627906976 0.07987220447284345 0.040697674418604654
0 0.5431309904153354 0.797093023255814 0.08945686900958466 0.03604651162790698
0 0.7332268370607028 0.7651162790697674 0.054313099041533544 0.03488372093023256
0 0.755591054313099 0.7994186046511628 0.1182108626198083 0.019767441860465116
0 0.6277955271565495 0.8511627906976744 0.07348242811501597 0.03255813953488372
0 0.7731629392971245 0.8430232558139534 0.06389776357827476 0.030232558139534883
0 0.8003194888178914 0.9005813953488372 0.07348242811501597 0.03604651162790698
0 0.6405750798722044 0.9040697674418604 0.0670926517571885 0.029069767441860465
0 0.6837060702875399 0.9575581395348837 0.09584664536741214 0.031395348837209305
0 0.8115015974440895 0.9412790697674418 0.08306709265175719 0.031395348837209305