0 0.3131720430107527 0.03439153439153439 0.09408602150537636 0.02821869488536155
0 0.34543010752688175 0.06966490299823633 0.05645161290322581 0.029982363315696647
0 0.38037634408602156 0.09303350970017636 0.040322580645161296 0.007936507936507936
0 0.37231182795698925 0.12257495590828923 0.08333333333333334 0.03350970017636684
0 0.22043010752688175 0.1283068783068783 0.06989247311827958 0.020282186948853614
0 0.20161290322580647 0.09964726631393298 0.10215053763440861 0.02821869488536155
0 0.18682795698924734 0.07231040564373897 0.06720430107526883 0.021164021164021163
0 0.16397849462365593 0.05423280423280423 0.08064516129032259 0.023809523809523808
0 0.39112903225806456 0.15432098765432098 0.07258064516129033 0.019400352733686066
0 0.40860215053763443 0.18518518518518517 0.0913978494623656 0.019400352733686066
0 0.24865591397849465 0.15784832451499117 0.11559139784946237 0.01763668430335097
0 0.28897849462365593 0.18386243386243384 0.11021505376344087 0.030864197530864196
0 0.31048387096774194 0.21957671957671956 0.09946236559139786 0.029982363315696647
0 0.31048387096774194 0.2517636684303351 0.09408602150537636 0.030864197530864196
0 0.43682795698924737 0.21472663139329806 0.08333333333333334 0.02204585537918871
0 0.44354838709677424 0.2482363315696649 0.09677419354838711 0.025573192239858905
0 0.34543010752688175 0.2768959435626102 0.02956989247311828 0.008818342151675485
0 0.45430107526881724 0.27954144620811283 0.08064516129032259 0.024691358024691357
0 0.33467741935483875 0.3082010582010582 0.06182795698924732 0.03262786596119929
0 0.46505376344086025 0.31040564373897706 0.07526881720430108 0.029982363315696647
0 0.49596774193548393 0.33245149911816574 0.07795698924731183 0.024691358024691357
0 0.3548387096774194 0.3474426807760141 0.09677419354838711 0.029982363315696647
0 0.4986559139784947 0.3571428571428571 0.051075268817204304 0.014109347442680775
0 0.5241935483870969 0.3941798941798942 0.06451612903225806 0.01763668430335097
0 0.5161290322580645 0.4184303350970017 0.08602150537634409 0.027336860670194002
0 0.37231182795698925 0.41313932980599644 0.06182795698924732 0.02204585537918871
0 0.5456989247311829 0.44576719576719576 0.07526881720430108 0.020282186948853614
0 0.40860215053763443 0.45194003527336857 0.08602150537634409 0.027336860670194002
0 0.40725806451612906 0.4819223985890652 0.07795698924731183 0.023809523809523808
0 0.43145161290322587 0.5114638447971781 0.11559139784946237 0.026455026455026454
0 0.560483870967742 0.5158730158730158 0.08333333333333334 0.02821869488536155
0 0.45295698924731187 0.5445326278659611 0.09946236559139786 0.025573192239858905
0 0.603494623655914 0.5524691358024691 0.07795698924731183 0.023809523809523808
0 0.6129032258064516 0.5793650793650793 0.08602150537634409 0.026455026455026454
0 0.48655913978494625 0.5776014109347443 0.10215053763440861 0.029982363315696647
0 0.4798387096774194 0.6119929453262787 0.09408602150537636 0.01763668430335097
0 0.6478494623655915 0.6525573192239859 0.05913978494623656 0.019400352733686066
0 0.5268817204301076 0.6618165784832452 0.08064516129032259 0.025573192239858905
0 0.549731182795699 0.6962081128747795 0.06720430107526883 0.030864197530864196
0 0.6733870967741936 0.6812169312169312 0.08870967741935484 0.025573192239858905
0 0.7029569892473119 0.7120811287477954 0.07795698924731183 0.027336860670194002
0 0.5577956989247312 0.7680776014109347 0.05645161290322581 0.026455026455026454
0 0.7110215053763441 0.7482363315696648 0.051075268817204304 0.023809523809523808
0 0.728494623655914 0.7791005291005291 0.06989247311827958 0.02204585537918871
0 0.7298387096774194 0.8134920634920635 0.07258064516129033 0.023809523809523808
0 0.5833333333333334 0.8130511463844796 0.06989247311827958 0.02292768959435626
0 0.625 0.8403880070546736 0.09946236559139786 0.02821869488536155
0 0.739247311827957 0.8425925925925926 0.09677419354838711 0.023809523809523808
0 0.76747311827957 0.8672839506172839 0.06182795698924732 0.023809523809523808
0 0.6384408602150539 0.8805114638447972 0.08870967741935484 0.03439153439153439
0 0.6612903225806452 0.9122574955908289 0.0913978494623656 0.027336860670194002
0 0.7728494623655915 0.9038800705467371 0.10483870967741936 0.021164021164021163
0 0.7809139784946237 0.9347442680776014 0.07258064516129033 0.02292768959435626
0 0.8145161290322581 0.9757495590828924 0.06451612903225806 0.020282186948853614
0 0.685483870967742 0.9810405643738976 0.08064516129032259 0.02204585537918871
0 0.6693548387096775 0.9541446208112874 0.06989247311827958 0.02821869488536155