0 0.7712177121771218 0.9429530201342281 0.08118081180811808 0.025503355704697986
0 0.6346863468634686 0.951006711409396 0.11808118081180811 0.04429530201342281
0 0.7915129151291512 0.8966442953020134 0.1143911439114391 0.042953020134228186
0 0.6162361623616236 0.8993288590604026 0.09594095940959409 0.024161073825503355
0 0.5977859778597786 0.8483221476510067 0.09594095940959409 0.026845637583892617
0 0.7675276752767527 0.8402684563758389 0.11070110701107011 0.024161073825503355
0 0.7121771217712177 0.7892617449664429 0.08856088560885608 0.02953020134228188
0 0.5756457564575646 0.7825503355704697 0.09594095940959409 0.0348993288590604
0 0.5424354243542435 0.7268456375838925 0.08856088560885608 0.025503355704697986
0 0.7177121771217712 0.7449664429530201 0.0996309963099631 0.042953020134228186
0 0.6863468634686347 0.6953020134228187 0.09594095940959409 0.03758389261744966
0 0.6549815498154982 0.6308724832214765 0.12915129151291513 0.04563758389261745
0 0.5202952029520295 0.6610738255033557 0.11070110701107011 0.038926174496644296
0 0.49446494464944646 0.608724832214765 0.08118081180811808 0.04161073825503356
0 0.6180811808118081 0.5718120805369127 0.09225092250922509 0.021476510067114093
0 0.6180811808118081 0.5328859060402684 0.07749077490774907 0.026845637583892617
0 0.4446494464944649 0.5375838926174497 0.07011070110701106 0.03087248322147651
0 0.42988929889298894 0.49865771812080534 0.06273062730627306 0.036241610738255034
0 0.5959409594095941 0.4892617449664429 0.13653136531365312 0.04161073825503356
0 0.577490774907749 0.4375838926174496 0.1143911439114391 0.03221476510067114
0 0.4372693726937269 0.42550335570469794 0.09225092250922509 0.04832214765100671
0 0.5387453874538746 0.3832214765100671 0.11808118081180811 0.038926174496644296
0 0.35239852398523985 0.37651006711409396 0.0996309963099631 0.03087248322147651
0 0.4870848708487085 0.3322147651006711 0.13284132841328414 0.036241610738255034
0 0.33210332103321033 0.2993288590604027 0.06642066420664207 0.02953020134228188
0 0.46309963099630996 0.2778523489932886 0.055350553505535055 0.021476510067114093
0 0.4354243542435424 0.2308724832214765 0.11070110701107011 0.026845637583892617
0 0.3118081180811808 0.24362416107382548 0.1070110701107011 0.036241610738255034
0 0.2656826568265683 0.18993288590604027 0.08118081180811808 0.04161073825503356
0 0.45387453874538747 0.17181208053691274 0.1033210332103321 0.03758389261744966
0 0.4243542435424354 0.11543624161073825 0.08118081180811808 0.024161073825503355
0 0.2564575645756457 0.12885906040268455 0.0996309963099631 0.03758389261744966
0 0.20848708487084872 0.07516778523489932 0.0996309963099631 0.02953020134228188
0 0.38745387453874536 0.053020134228187916 0.09594095940959409 0.04966442953020134