0 0.3793103448275862 0.0663430420711974 0.08045977011494253 0.020496224379719524
0 0.24281609195402298 0.07928802588996763 0.10632183908045977 0.03344120819848975
0 0.40229885057471265 0.1035598705501618 0.08620689655172414 0.02588996763754045
0 0.3908045977011494 0.15156418554476805 0.07471264367816091 0.029126213592233007
0 0.28879310344827586 0.13754045307443363 0.12931034482758622 0.04854368932038834
0 0.28448275862068967 0.18176914778856526 0.09770114942528735 0.026968716289104636
0 0.41379310344827586 0.18932038834951453 0.07471264367816091 0.037756202804746494
0 0.34913793103448276 0.2292340884573894 0.08333333333333333 0.035598705501618116
0 0.4525862068965517 0.2303128371089536 0.08908045977011494 0.031283710895361375
0 0.48275862068965514 0.2686084142394822 0.08620689655172414 0.02804746494066882
0 0.33764367816091956 0.27130528586839264 0.13505747126436782 0.035598705501618116
0 0.3922413793103448 0.3176914778856526 0.09482758620689655 0.037756202804746494
0 0.4942528735632184 0.31661272923408845 0.04597701149425287 0.01186623516720604
0 0.3764367816091954 0.3629989212513484 0.09770114942528735 0.042071197411003236
0 0.5186781609195402 0.3629989212513484 0.06609195402298851 0.03344120819848975
0 0.5244252873563219 0.40507011866235165 0.07183908045977011 0.042071197411003236
0 0.4166666666666667 0.40560949298813376 0.09195402298850575 0.038834951456310676
0 0.521551724137931 0.4519956850053937 0.10632183908045977 0.030204962243797193
0 0.4224137931034483 0.45631067961165045 0.08045977011494253 0.038834951456310676
0 0.44971264367816094 0.5107874865156418 0.09482758620689655 0.042071197411003236
0 0.5833333333333334 0.4978425026968716 0.09195402298850575 0.029126213592233007
0 0.5933908045977011 0.5507011866235166 0.10057471264367816 0.03344120819848975
0 0.48419540229885055 0.564724919093851 0.10632183908045977 0.03991370010787486
0 0.6192528735632183 0.6019417475728155 0.10632183908045977 0.034519956850053934
0 0.5186781609195402 0.6208198489751887 0.08908045977011494 0.042071197411003236
0 0.5100574712643678 0.6596548004314994 0.11206896551724138 0.03991370010787486
0 0.6537356321839081 0.6855447680690399 0.08333333333333333 0.031283710895361375
0 0.646551724137931 0.6494066882416396 0.06896551724137931 0.032362459546925564
0 0.5531609195402298 0.7130528586839265 0.11206896551724138 0.04099244875943905
0 0.5991379310344828 0.7529665587918014 0.06609195402298851 0.032362459546925564
0 0.6839080459770115 0.727615965480043 0.08045977011494253 0.031283710895361375
0 0.7212643678160919 0.7772384034519956 0.040229885057471264 0.020496224379719524
0 0.5977011494252873 0.8015102481121897 0.10344827586206896 0.038834951456310676
0 0.7341954022988506 0.8354908306364617 0.07183908045977011 0.026968716289104636
0 0.7600574712643678 0.8786407766990291 0.06609195402298851 0.024811218985976265
0 0.6681034482758621 0.8910463861920171 0.08333333333333333 0.034519956850053934
0 0.6609195402298851 0.8592233009708737 0.05747126436781609 0.0442286947141316
0 0.7945402298850575 0.9282632146709816 0.07758620689655173 0.029126213592233007
0 0.6724137931034483 0.9525350593311758 0.10919540229885058 0.038834951456310676
0 0.8333333333333334 0.9719525350593311 0.08045977011494253 0.02588996763754045