0 0.3449292452830189 0.9627887082976903 0.020047169811320754 0.014542343883661248
0 0.34375 0.9392643284858854 0.020047169811320754 0.011976047904191616
0 0.2841981132075472 0.8960650128314799 0.025943396226415092 0.017964071856287425
0 0.3195754716981132 0.8708297690333618 0.01650943396226415 0.013686911890504704
0 0.2665094339622641 0.8575705731394354 0.01650943396226415 0.01283147989734816
0 0.3089622641509434 0.8430282292557741 0.025943396226415092 0.017964071856287425
0 0.30483490566037735 0.8186484174508126 0.024764150943396224 0.01710863986313088
0 0.25825471698113206 0.8143712574850299 0.023584905660377357 0.015397775876817793
0 0.29481132075471694 0.7861420017108639 0.018867924528301886 0.011976047904191616
0 0.23997641509433962 0.7660393498716852 0.01768867924528302 0.014542343883661248
0 0.2824292452830189 0.7540633019674935 0.02240566037735849 0.014542343883661248
0 0.23172169811320753 0.7322497861420016 0.01768867924528302 0.013686911890504704
0 0.2647405660377358 0.6890504704875962 0.02240566037735849 0.014542343883661248
0 0.21521226415094338 0.6839178785286569 0.02240566037735849 0.009409751924721984
0 0.2588443396226415 0.6539777587681779 0.01768867924528302 0.014542343883661248
0 0.1945754716981132 0.6360136869118904 0.018867924528301886 0.01283147989734816
0 0.24528301886792453 0.6201881950384944 0.02122641509433962 0.013686911890504704
0 0.23054245283018868 0.5936698032506416 0.01768867924528302 0.010265183917878527
0 0.18632075471698112 0.5936698032506416 0.01650943396226415 0.010265183917878527
0 0.21639150943396226 0.5607356715141146 0.02240566037735849 0.016253207869974338
0 0.17806603773584906 0.5530367835757057 0.014150943396226415 0.005988023952095808
0 0.20931603773584906 0.5299401197604791 0.020047169811320754 0.01283147989734816
0 0.16273584905660377 0.5149700598802395 0.014150943396226415 0.015397775876817793
0 0.20577830188679244 0.49144568006843453 0.024764150943396224 0.016253207869974338
0 0.1580188679245283 0.48032506415739945 0.02122641509433962 0.014542343883661248
0 0.1509433962264151 0.4414029084687767 0.018867924528301886 0.015397775876817793
0 0.18160377358490565 0.41916167664670656 0.02830188679245283 0.01710863986313088
0 0.16981132075471697 0.3815226689478186 0.030660377358490566 0.018819503849443968
0 0.12382075471698113 0.3900769888793841 0.018867924528301886 0.013686911890504704
0 0.11615566037735849 0.3498716852010265 0.015330188679245283 0.00855431993156544
0 0.15683962264150944 0.31736526946107785 0.023584905660377357 0.011976047904191616
0 0.11320754716981132 0.3105218135158255 0.014150943396226415 0.00855431993156544
0 0.14740566037735847 0.2831479897348161 0.02122641509433962 0.015397775876817793
0 0.09846698113207547 0.27159965782720275 0.020047169811320754 0.01283147989734816
0 0.13089622641509432 0.2399486740804106 0.023584905660377357 0.016253207869974338
0 0.08608490566037735 0.2309666381522669 0.023584905660377357 0.011976047904191616
0 0.12087264150943396 0.20145423438836613 0.02240566037735849 0.016253207869974338
0 0.07429245283018868 0.19503849443969204 0.025943396226415092 0.015397775876817793
0 0.10790094339622641 0.17279726261762188 0.024764150943396224 0.013686911890504704
0 0.0660377358490566 0.16167664670658682 0.02122641509433962 0.013686911890504704
0 0.10436320754716981 0.1377245508982036 0.02712264150943396 0.01710863986313088
0 0.24646226415094338 0.11035072711719418 0.023584905660377357 0.01710863986313088
0 0.29245283018867924 0.10906757912745936 0.02122641509433962 0.011120615911035072
0 0.25648584905660377 0.14627887082976904 0.02240566037735849 0.015397775876817793
0 0.2995283018867924 0.14414029084687766 0.025943396226415092 0.017964071856287425
0 0.267688679245283 0.17621899059024806 0.02830188679245283 0.01710863986313088
0 0.2783018867924528 0.21257485029940118 0.023584905660377357 0.017964071856287425
0 0.2954009433962264 0.26218990590248076 0.02712264150943396 0.016253207869974338
0 0.33490566037735847 0.257912745936698 0.02122641509433962 0.017964071856287425
0 0.30837264150943394 0.30196749358426006 0.02712264150943396 0.015397775876817793
0 0.34964622641509435 0.3041060735671514 0.020047169811320754 0.016253207869974338
0 0.35495283018867924 0.33276304533789564 0.018867924528301886 0.015397775876817793
0 0.30778301886792453 0.3451668092386655 0.023584905660377357 0.017964071856287425
0 0.32429245283018865 0.38537211291702306 0.02122641509433962 0.014542343883661248
0 0.36910377358490565 0.4003421727972626 0.014150943396226415 0.00855431993156544
0 0.33490566037735847 0.4204448246364414 0.02122641509433962 0.01283147989734816
0 0.38266509433962265 0.44054747647562015 0.015330188679245283 0.006843455945252352
0 0.35023584905660377 0.4653550042771599 0.025943396226415092 0.020530367835757055
0 0.35672169811320753 0.5055603079555175 0.0294811320754717 0.020530367835757055
0 0.41804245283018865 0.5119760479041916 0.012971698113207546 0.009409751924721984
0 0.36556603773584906 0.5419161676646707 0.02122641509433962 0.01283147989734816
0 0.4150943396226415 0.5419161676646707 0.014150943396226415 0.011120615911035072
0 0.39504716981132076 0.630453378956373 0.02830188679245283 0.013686911890504704
0 0.39917452830188677 0.6595380667236954 0.02240566037735849 0.013686911890504704
0 0.4534198113207547 0.6612489307100086 0.02240566037735849 0.01710863986313088
0 0.4097877358490566 0.7005988023952096 0.02712264150943396 0.015397775876817793
0 0.4204009433962264 0.7224123182207014 0.0294811320754717 0.017964071856287425
0 0.43396226415094336 0.7604790419161677 0.023584905660377357 0.015397775876817793
0 0.4882075471698113 0.781437125748503 0.02830188679245283 0.011120615911035072
0 0.4428066037735849 0.7946963216424294 0.015330188679245283 0.013686911890504704
0 0.4528301886792453 0.8182207014542343 0.023584905660377357 0.016253207869974338
0 0.5011792452830188 0.816082121471343 0.02122641509433962 0.01710863986313088
0 0.4658018867924528 0.8545765611633874 0.02830188679245283 0.015397775876817793
0 0.4882075471698113 0.8999144568006843 0.025943396226415092 0.015397775876817793
0 0.5229952830188679 0.9080410607356715 0.01768867924528302 0.011120615911035072
0 0.7063679245283019 0.8823781009409751 0.014150943396226415 0.011120615911035072
0 0.6633254716981132 0.8759623609923011 0.02240566037735849 0.010265183917878527
0 0.6945754716981132 0.8520102651839179 0.018867924528301886 0.010265183917878527
0 0.6827830188679245 0.8177929854576561 0.02122641509433962 0.013686911890504704
0 0.6450471698113207 0.811377245508982 0.02830188679245283 0.01283147989734816
0 0.6751179245283019 0.7745936698032506 0.020047169811320754 0.017964071856287425
0 0.629127358490566 0.7724550898203593 0.024764150943396224 0.015397775876817793
0 0.6167452830188679 0.734388366124893 0.023584905660377357 0.016253207869974338
0 0.6568396226415094 0.7356715141146278 0.01650943396226415 0.013686911890504704
0 0.6067216981132075 0.7014542343883661 0.024764150943396224 0.011976047904191616
0 0.6420990566037735 0.688622754491018 0.0294811320754717 0.022241231822070145
0 0.5990566037735848 0.671514114627887 0.018867924528301886 0.020530367835757055
0 0.6297169811320754 0.6531223267750214 0.025943396226415092 0.01967493584260051
0 0.5908018867924528 0.6338751069289991 0.018867924528301886 0.018819503849443968
0 0.6167452830188679 0.6017964071856288 0.025943396226415092 0.014542343883661248
0 0.5760613207547169 0.5846877673224978 0.024764150943396224 0.016253207869974338
0 0.6096698113207547 0.5662959794696322 0.018867924528301886 0.013686911890504704
0 0.5654481132075472 0.5483319076133447 0.02712264150943396 0.015397775876817793
0 0.5972877358490566 0.5307955517536356 0.024764150943396224 0.014542343883661248
0 0.5577830188679245 0.5183917878528657 0.02830188679245283 0.018819503849443968
0 0.5831367924528301 0.4965782720273738 0.02240566037735849 0.01967493584260051
0 0.5507075471698113 0.48460222412318216 0.03537735849056604 0.016253207869974338
0 0.5807783018867925 0.4696321642429427 0.015330188679245283 0.011976047904191616
0 0.539504716981132 0.4495295124037639 0.024764150943396224 0.01967493584260051
0 0.5695754716981132 0.4289991445680068 0.023584905660377357 0.01967493584260051
0 0.5294811320754716 0.4037639007698888 0.030660377358490566 0.015397775876817793
0 0.5660377358490566 0.39520958083832336 0.02122641509433962 0.015397775876817793
0 0.5212264150943396 0.3712574850299401 0.02830188679245283 0.011976047904191616
0 0.5512971698113207 0.35842600513259193 0.02240566037735849 0.011976047904191616
0 0.5023584905660378 0.3374679213002566 0.025943396226415092 0.01283147989734816
0 0.5365566037735849 0.3147989734816082 0.02830188679245283 0.013686911890504704
0 0.5017688679245282 0.3023952095808383 0.02240566037735849 0.016253207869974338
0 0.5318396226415094 0.27245508982035926 0.023584905660377357 0.014542343883661248
0 0.4876179245283019 0.25748502994011974 0.024764150943396224 0.013686911890504704
0 0.5241745283018868 0.23182207014542341 0.024764150943396224 0.013686911890504704
0 0.4758254716981132 0.22198460222412317 0.024764150943396224 0.01283147989734816
0 0.508254716981132 0.19204448246364414 0.018867924528301886 0.01283147989734816
0 0.46521226415094336 0.1804961505560308 0.02712264150943396 0.018819503849443968
0 0.49469339622641506 0.1573994867408041 0.024764150943396224 0.01710863986313088
0 0.4545990566037736 0.1479897348160821 0.031839622641509434 0.015397775876817793
0 0.44516509433962265 0.11163387510692899 0.02712264150943396 0.016253207869974338
0 0.4899764150943396 0.11377245508982035 0.02240566037735849 0.015397775876817793
0 0.47818396226415094 0.07228400342172797 0.024764150943396224 0.014542343883661248
0 0.43691037735849053 0.08083832335329341 0.024764150943396224 0.014542343883661248
0 0.6656839622641509 0.037639007698887936 0.031839622641509434 0.01710863986313088
0 0.6338443396226415 0.07998289136013687 0.02240566037735849 0.016253207869974338
0 0.6550707547169811 0.11804961505560307 0.03419811320754717 0.018819503849443968
0 0.6951650943396226 0.11976047904191617 0.015330188679245283 0.010265183917878527
0 0.6521226415094339 0.16295979469632163 0.018867924528301886 0.014542343883661248
0 0.7034198113207547 0.15911035072711718 0.012971698113207546 0.006843455945252352
0 0.6656839622641509 0.20145423438836613 0.024764150943396224 0.01283147989734816
0 0.6709905660377358 0.2335329341317365 0.023584905660377357 0.015397775876817793
0 0.6880896226415094 0.2737382378100941 0.024764150943396224 0.015397775876817793
0 0.7311320754716981 0.3053892215568862 0.025943396226415092 0.018819503849443968
0 0.7016509433962264 0.31907613344739094 0.018867924528301886 0.010265183917878527
0 0.7482311320754716 0.3485885372112917 0.024764150943396224 0.01967493584260051
0 0.7110849056603773 0.3661248930710008 0.014150943396226415 0.010265183917878527
0 0.7712264150943396 0.3900769888793841 0.023584905660377357 0.015397775876817793
0 0.7234669811320754 0.4059024807527801 0.02240566037735849 0.016253207869974338
0 0.7635613207547169 0.4255774165953806 0.0294811320754717 0.01283147989734816
0 0.7305424528301887 0.4461077844311377 0.020047169811320754 0.014542343883661248
0 0.785377358490566 0.4615055603079555 0.02830188679245283 0.017964071856287425
0 0.7488207547169811 0.490590248075278 0.014150943396226415 0.011120615911035072
0 0.7912735849056604 0.49443969204448246 0.02830188679245283 0.01710863986313088
0 0.7629716981132075 0.5384944396920445 0.02830188679245283 0.014542343883661248
0 0.8024764150943396 0.5380667236954662 0.020047169811320754 0.018819503849443968
0 0.7753537735849056 0.5799828913601368 0.031839622641509434 0.013686911890504704
0 0.8125 0.5769888793840889 0.025943396226415092 0.017964071856287425
0 0.8219339622641509 0.6120615911035072 0.03537735849056604 0.016253207869974338
0 0.8266509433962264 0.6449957228400341 0.02122641509433962 0.022241231822070145
0 0.8077830188679245 0.6847733105218134 0.025943396226415092 0.014542343883661248
0 0.8525943396226415 0.6847733105218134 0.02122641509433962 0.01967493584260051
0 0.8295990566037735 0.7292557741659538 0.02240566037735849 0.01283147989734816
0 0.8602594339622641 0.7258340461933276 0.020047169811320754 0.016253207869974338
0 0.8820754716981132 0.7698887938408896 0.02122641509433962 0.011976047904191616
0 0.8313679245283019 0.7805816937553464 0.023584905660377357 0.016253207869974338
0 0.8484669811320754 0.8246364414029085 0.0294811320754717 0.022241231822070145
0 0.8962264150943395 0.8130881094952951 0.02122641509433962 0.009409751924721984