0 0.2771295215869311 0.9484797297297298 0.02217036172695449 0.015202702702702704
0 0.31155192532088677 0.9083614864864865 0.025670945157526253 0.01942567567567568
0 0.2683780630105017 0.9134290540540541 0.028004667444574093 0.01942567567567568
0 0.2572928821470245 0.8897804054054055 0.01750291715285881 0.01266891891891892
0 0.29696616102683776 0.8771114864864865 0.024504084014002333 0.01097972972972973
0 0.24912485414235705 0.8711993243243243 0.02217036172695449 0.017736486486486486
0 0.2508751458576429 0.847972972972973 0.028004667444574093 0.02027027027027027
0 0.2438739789964994 0.8272804054054055 0.02100350058343057 0.014358108108108109
0 0.2759626604434072 0.7956081081081081 0.024504084014002333 0.010135135135135136
0 0.22695449241540255 0.7880067567567568 0.024504084014002333 0.015202702702702704
0 0.2572928821470245 0.7495777027027027 0.024504084014002333 0.0160472972972973
0 0.2100350058343057 0.7508445945945946 0.02100350058343057 0.010135135135135136
0 0.24912485414235705 0.715793918918919 0.024504084014002333 0.0160472972972973
0 0.20245040840140022 0.7081925675675677 0.024504084014002333 0.017736486486486486
0 0.20128354725787628 0.671875 0.026837806301050173 0.01942567567567568
0 0.2409568261376896 0.6499155405405406 0.01750291715285881 0.014358108108108109
0 0.18261376896149356 0.6326013513513514 0.02217036172695449 0.011824324324324325
0 0.22870478413068843 0.6157094594594595 0.025670945157526253 0.018581081081081082
0 0.1808634772462077 0.5950168918918919 0.025670945157526253 0.0160472972972973
0 0.21645274212368726 0.575168918918919 0.024504084014002333 0.016891891891891893
0 0.16219369894982497 0.5612331081081081 0.028004667444574093 0.01266891891891892
0 0.2112018669778296 0.5396959459459459 0.025670945157526253 0.02027027027027027
0 0.16219369894982497 0.5316722972972974 0.02333722287047841 0.0160472972972973
0 0.205950991831972 0.5046452702702703 0.029171528588098013 0.017736486486486486
0 0.15169194865810967 0.5021114864864865 0.028004667444574093 0.014358108108108109
0 0.1382730455075846 0.47804054054054057 0.01983663943990665 0.013513513513513514
0 0.19136522753792298 0.4784628378378379 0.02100350058343057 0.01097972972972973
0 0.13360560093348892 0.44467905405405406 0.02217036172695449 0.0160472972972973
0 0.17852975495915985 0.4413006756756757 0.02100350058343057 0.01942567567567568
0 0.16511085180863475 0.4096283783783784 0.02217036172695449 0.016891891891891893
0 0.12018669778296381 0.40287162162162166 0.02100350058343057 0.018581081081081082
0 0.15635939323220535 0.3817567567567568 0.01866977829638273 0.02027027027027027
0 0.10910151691948657 0.3623310810810811 0.02217036172695449 0.015202702702702704
0 0.1540256709451575 0.35430743243243246 0.02333722287047841 0.0160472972972973
0 0.10851808634772461 0.3344594594594595 0.030338389731621934 0.016891891891891893
0 0.14469078179696615 0.31798986486486486 0.02100350058343057 0.0160472972972973
0 0.09218203033838972 0.30658783783783783 0.01633605600933489 0.013513513513513514
0 0.1306884480746791 0.29265202702702703 0.028004667444574093 0.022804054054054057
0 0.08926487747957992 0.28040540540540543 0.01983663943990665 0.013513513513513514
0 0.11260210035005834 0.25886824324324326 0.029171528588098013 0.0160472972972973
0 0.07876312718786464 0.25 0.015169194865810967 0.011824324324324325
0 0.10910151691948657 0.2356418918918919 0.03150525087514586 0.02195945945945946
0 0.073512252042007 0.22888513513513514 0.02100350058343057 0.015202702702702704
0 0.0676779463243874 0.20185810810810811 0.025670945157526253 0.016891891891891893
0 0.10443407234539089 0.19932432432432434 0.026837806301050173 0.02195945945945946
0 0.10268378063010501 0.16554054054054054 0.030338389731621934 0.018581081081081082
0 0.2957992998833139 0.11697635135135136 0.024504084014002333 0.0160472972972973
0 0.2508751458576429 0.16258445945945946 0.02100350058343057 0.017736486486486486
0 0.308051341890315 0.15540540540540543 0.02333722287047841 0.015202702702702704
0 0.3028004667444574 0.18074324324324326 0.01750291715285881 0.010135135135135136
0 0.26079346557759625 0.18412162162162163 0.01750291715285881 0.011824324324324325
0 0.26371061843640603 0.2056587837837838 0.02100350058343057 0.01266891891891892
0 0.3098016336056009 0.19847972972972974 0.01983663943990665 0.013513513513513514
0 0.26721120186697783 0.22677364864864866 0.01633605600933489 0.01266891891891892
0 0.3156359393232205 0.23395270270270271 0.024504084014002333 0.016891891891891893
0 0.2730455075845974 0.24324324324324326 0.014002333722287047 0.011824324324324325
0 0.28179696616102684 0.2850506756756757 0.012835472578763127 0.01097972972972973
0 0.33488914819136517 0.2736486486486487 0.028004667444574093 0.015202702702702704
0 0.2847141190198366 0.30743243243243246 0.01866977829638273 0.011824324324324325
0 0.3418903150525087 0.3137668918918919 0.02100350058343057 0.0160472972972973
0 0.352392065344224 0.33572635135135137 0.02100350058343057 0.01942567567567568
0 0.35355892648774795 0.35684121621621623 0.02100350058343057 0.01266891891891892
0 0.3068844807467911 0.35853040540540543 0.01866977829638273 0.01266891891891892
0 0.31213535589264874 0.3771114864864865 0.01750291715285881 0.014358108108108109
0 0.3640606767794632 0.3779560810810811 0.01866977829638273 0.01097972972972973
0 0.31505250875145857 0.39991554054054057 0.025670945157526253 0.01266891891891892
0 0.37106184364060674 0.39484797297297297 0.02100350058343057 0.014358108108108109
0 0.3763127187864644 0.4125844594594595 0.029171528588098013 0.0160472972972973
0 0.32205367561260206 0.4265202702702703 0.02333722287047841 0.011824324324324325
0 0.3313885647607934 0.44932432432432434 0.02100350058343057 0.018581081081081082
0 0.3803967327887981 0.43538851351351354 0.02100350058343057 0.017736486486486486
0 0.38273045507584597 0.4594594594594595 0.02100350058343057 0.010135135135135136
0 0.33897316219369894 0.4674831081081081 0.02217036172695449 0.009290540540540541
0 0.39148191365227536 0.4733952702702703 0.02217036172695449 0.01097972972972973
0 0.3366394399066511 0.4894425675675676 0.01750291715285881 0.01097972972972973
0 0.40490081680280043 0.4907094594594595 0.02100350058343057 0.013513513513513514
0 0.40256709451575257 0.5130912162162162 0.02333722287047841 0.017736486486486486
0 0.35180863477246205 0.5181587837837838 0.01983663943990665 0.014358108108108109
0 0.352392065344224 0.5426520270270271 0.01633605600933489 0.01266891891891892
0 0.4095682613768961 0.5350506756756757 0.01633605600933489 0.014358108108108109
0 0.41540256709451573 0.5540540540540541 0.025670945157526253 0.015202702702702704
0 0.4224037339556592 0.5743243243243243 0.030338389731621934 0.016891891891891893
0 0.4229871645274212 0.5929054054054055 0.024504084014002333 0.015202702702702704
0 0.35764294049008166 0.5608108108108109 0.01750291715285881 0.011824324324324325
0 0.3716452742123687 0.5975506756756757 0.008168028004667444 0.007601351351351352
0 0.38156359393232203 0.6321790540540541 0.014002333722287047 0.01097972972972973
0 0.43407234539089845 0.6279560810810811 0.01866977829638273 0.01942567567567568
0 0.4434072345390898 0.6630067567567568 0.02333722287047841 0.016891891891891893
0 0.38973162193698946 0.6672297297297297 0.014002333722287047 0.010135135135135136
0 0.4609101516919486 0.6980574324324325 0.01866977829638273 0.0160472972972973
0 0.40198366394399065 0.7098817567567568 0.015169194865810967 0.014358108108108109
0 0.40023337222870475 0.7259290540540541 0.01633605600933489 0.009290540540540541
0 0.46616102683780625 0.7369087837837838 0.024504084014002333 0.01097972972972973
0 0.4124854142357059 0.7461993243243243 0.015169194865810967 0.01266891891891892
0 0.4171528588098016 0.7757601351351352 0.01750291715285881 0.009290540540540541
0 0.4813302217036172 0.7702702702702703 0.01750291715285881 0.016891891891891893
0 0.48949824970828465 0.8019425675675677 0.01750291715285881 0.014358108108108109
0 0.4317386231038506 0.8091216216216217 0.014002333722287047 0.008445945945945946
0 0.4492415402567094 0.8420608108108109 0.01866977829638273 0.013513513513513514
0 0.498833138856476 0.8255912162162162 0.02217036172695449 0.014358108108108109
0 0.4585764294049008 0.8745777027027027 0.01633605600933489 0.007601351351351352
0 0.5005834305717619 0.8509290540540541 0.02100350058343057 0.01266891891891892
0 0.5157526254375728 0.8775337837837839 0.025670945157526253 0.016891891891891893
0 0.4684947491248541 0.90625 0.01983663943990665 0.011824324324324325
0 0.5204200700116686 0.9079391891891893 0.02333722287047841 0.016891891891891893
0 0.660443407234539 0.890625 0.025670945157526253 0.0160472972972973
0 0.7082847141190197 0.8724662162162162 0.025670945157526253 0.016891891891891893
0 0.6505250875145857 0.8614864864864865 0.026837806301050173 0.013513513513513514
0 0.691365227537923 0.8365709459459459 0.026837806301050173 0.0160472972972973
0 0.6371061843640606 0.8302364864864865 0.028004667444574093 0.015202702702702704
0 0.6359393232205367 0.8048986486486487 0.02333722287047841 0.013513513513513514
0 0.6855309218203033 0.809543918918919 0.024504084014002333 0.014358108108108109
0 0.6761960326721119 0.7719594594594595 0.024504084014002333 0.016891891891891893
0 0.6225204200700116 0.7694256756756758 0.02217036172695449 0.015202702702702704
0 0.6184364060676779 0.7347972972972974 0.028004667444574093 0.015202702702702704
0 0.6662777129521587 0.7402871621621622 0.02100350058343057 0.01266891891891892
0 0.6633605600933489 0.7153716216216217 0.024504084014002333 0.013513513513513514
0 0.6085180863477245 0.7065033783783784 0.01750291715285881 0.01942567567567568
0 0.6522753792298716 0.6951013513513514 0.028004667444574093 0.02027027027027027
0 0.6429404900816802 0.6634290540540541 0.028004667444574093 0.01942567567567568
0 0.5822637106184364 0.6440033783783784 0.02333722287047841 0.014358108108108109
0 0.5705950991831972 0.606418918918919 0.025670945157526253 0.016891891891891893
0 0.6266044340723453 0.6216216216216217 0.028004667444574093 0.02027027027027027
0 0.6213535589264877 0.5971283783783784 0.026837806301050173 0.018581081081081082
0 0.6207701283547258 0.5739020270270271 0.025670945157526253 0.0160472972972973
0 0.5635939323220537 0.5654560810810811 0.025670945157526253 0.01097972972972973
0 0.6126021003500582 0.5236486486486487 0.028004667444574093 0.013513513513513514
0 0.5513418903150524 0.5236486486486487 0.02217036172695449 0.016891891891891893
0 0.5443407234539089 0.48353040540540543 0.015169194865810967 0.009290540540540541
0 0.5974329054842473 0.4869087837837838 0.02100350058343057 0.014358108108108109
0 0.5822637106184364 0.4425675675675676 0.025670945157526253 0.016891891891891893
0 0.5297549591598599 0.4472128378378379 0.02100350058343057 0.014358108108108109
0 0.5717619603267211 0.4079391891891892 0.02100350058343057 0.018581081081081082
0 0.5519253208868145 0.36824324324324326 0.025670945157526253 0.011824324324324325
0 0.5058343057176196 0.34923986486486486 0.015169194865810967 0.014358108108108109
0 0.49533255542590426 0.3192567567567568 0.02217036172695449 0.011824324324324325
0 0.5490081680280047 0.3319256756756757 0.01750291715285881 0.015202702702702704
0 0.484247374562427 0.27407094594594594 0.01866977829638273 0.014358108108108109
0 0.46966161026837805 0.23395270270270271 0.01750291715285881 0.013513513513513514
0 0.5210035005834305 0.24451013513513514 0.03150525087514586 0.0160472972972973
0 0.5105017502917153 0.21114864864864866 0.02217036172695449 0.018581081081081082
0 0.45507584597432904 0.1883445945945946 0.01866977829638273 0.013513513513513514
0 0.5035005834305717 0.16765202702702703 0.01983663943990665 0.0160472972972973
0 0.44282380396732784 0.14738175675675677 0.01750291715285881 0.0160472972972973
0 0.48833138856476077 0.13175675675675677 0.029171528588098013 0.02027027027027027
0 0.4334889148191365 0.10768581081081081 0.015169194865810967 0.01266891891891892
0 0.48949824970828465 0.10853040540540541 0.026837806301050173 0.0160472972972973
0 0.4789964994165694 0.0785472972972973 0.02217036172695449 0.018581081081081082
0 0.6178529754959159 0.060810810810810814 0.024504084014002333 0.016891891891891893
0 0.6569428238039673 0.04391891891891892 0.028004667444574093 0.015202702702702704
0 0.6791131855309218 0.10092905405405406 0.02333722287047841 0.017736486486486486
0 0.6441073512252041 0.13048986486486489 0.02333722287047841 0.017736486486486486
0 0.6563593932322053 0.1587837837837838 0.024504084014002333 0.018581081081081082
0 0.7007001166861143 0.16131756756756757 0.029171528588098013 0.013513513513513514
0 0.6534422403733955 0.18412162162162163 0.01633605600933489 0.010135135135135136
0 0.6557759626604434 0.20945945945945948 0.02100350058343057 0.016891891891891893
0 0.7082847141190197 0.20945945945945948 0.028004667444574093 0.016891891891891893
0 0.6697782963827303 0.2377533783783784 0.030338389731621934 0.0160472972972973
0 0.6925320886814469 0.25971283783783783 0.024504084014002333 0.01942567567567568
0 0.7252042007001166 0.2580236486486487 0.024504084014002333 0.021114864864864864
0 0.6936989498249708 0.2875844594594595 0.01983663943990665 0.0160472972972973
0 0.7281213535589264 0.30278716216216217 0.01633605600933489 0.014358108108108109
0 0.6948658109684946 0.3188344594594595 0.02217036172695449 0.0160472972972973
0 0.7053675612602099 0.3467060810810811 0.02217036172695449 0.01097972972972973
0 0.7450408401400233 0.34206081081081086 0.01983663943990665 0.016891891891891893
0 0.7112018669778296 0.37035472972972977 0.024504084014002333 0.0160472972972973
0 0.7129521586931155 0.3914695945945946 0.01866977829638273 0.0160472972972973
0 0.7672112018669778 0.40287162162162166 0.026837806301050173 0.016891891891891893
0 0.7316219369894982 0.4256756756756757 0.030338389731621934 0.018581081081081082
0 0.73512252042007 0.44763513513513514 0.02100350058343057 0.015202702702702704
0 0.7829638273045507 0.44467905405405406 0.01866977829638273 0.0160472972972973
0 0.7386231038506417 0.4852195945945946 0.02333722287047841 0.017736486486486486
0 0.793465577596266 0.48564189189189194 0.025670945157526253 0.015202702702702704
0 0.7432905484247374 0.5097128378378378 0.02333722287047841 0.014358108108108109
0 0.7578763127187864 0.5249155405405406 0.02217036172695449 0.01266891891891892
0 0.7940490081680279 0.5101351351351352 0.012835472578763127 0.008445945945945946
0 0.808051341890315 0.5337837837837838 0.026837806301050173 0.015202702702702704
0 0.8168028004667444 0.5692567567567568 0.028004667444574093 0.015202702702702704
0 0.7660443407234538 0.5460304054054055 0.01983663943990665 0.01097972972972973
0 0.7613768961493581 0.5620777027027027 0.029171528588098013 0.014358108108108109
0 0.7777129521586931 0.6059966216216216 0.02217036172695449 0.014358108108108109
0 0.8255542590431738 0.5912162162162162 0.026837806301050173 0.015202702702702704
0 0.822053675612602 0.6190878378378378 0.02217036172695449 0.016891891891891893
0 0.7864644107351224 0.6321790540540541 0.014002333722287047 0.01266891891891892
0 0.7981330221703616 0.6575168918918919 0.02100350058343057 0.01266891891891892
0 0.8442240373395565 0.6668074324324325 0.024504084014002333 0.01942567567567568
0 0.8103850641773628 0.6879222972972974 0.026837806301050173 0.014358108108108109
0 0.851808634772462 0.6925675675675677 0.025670945157526253 0.018581081081081082
0 0.8150525087514585 0.7162162162162162 0.024504084014002333 0.015202702702702704
0 0.8185530921820303 0.7309966216216217 0.012835472578763127 0.01097972972972973
0 0.8588098016336055 0.7149493243243243 0.01866977829638273 0.01266891891891892
0 0.8733955659276545 0.7432432432432433 0.012835472578763127 0.010135135135135136
0 0.8401400233372228 0.7905405405405406 0.01633605600933489 0.010135135135135136
0 0.8348891481913652 0.8125 0.01983663943990665 0.013513513513513514
0 0.852392065344224 0.8412162162162162 0.012835472578763127 0.013513513513513514
0 0.9014002333722286 0.8264358108108109 0.01750291715285881 0.009290540540540541