0 0.30193905817174516 0.03757225433526012 0.060941828254847646 0.02119460500963391
0 0.1745152354570637 0.054431599229287086 0.055401662049861494 0.018304431599229287
0 0.203601108033241 0.09007707129094412 0.05817174515235457 0.02023121387283237
0 0.33518005540166207 0.07658959537572255 0.060941828254847646 0.016377649325626204
0 0.3254847645429363 0.10549132947976879 0.05817174515235457 0.022157996146435453
0 0.3684210526315789 0.17148362235067438 0.055401662049861494 0.02119460500963391
0 0.2659279778393352 0.1777456647398844 0.07202216066481995 0.02023121387283237
0 0.2756232686980609 0.21820809248554912 0.05817174515235457 0.02023121387283237
0 0.4155124653739612 0.20423892100192678 0.07202216066481995 0.025048169556840076
0 0.4155124653739612 0.2384393063583815 0.060941828254847646 0.016377649325626204
0 0.31301939058171746 0.26252408477842004 0.0664819944598338 0.02023121387283237
0 0.43213296398891965 0.2750481695568401 0.060941828254847646 0.016377649325626204
0 0.35318559556786705 0.3106936416184971 0.08033240997229917 0.02601156069364162
0 0.47229916897506924 0.3126204238921002 0.04709141274238227 0.012524084778420038
0 0.4916897506925208 0.3453757225433526 0.06371191135734072 0.02023121387283237
0 0.3878116343490305 0.3978805394990366 0.04986149584487535 0.019267822736030827
0 0.5193905817174516 0.4171483622350674 0.06371191135734072 0.023121387283236993
0 0.407202216066482 0.43834296724470134 0.0664819944598338 0.025048169556840076
0 0.5706371191135734 0.447495183044316 0.07202216066481995 0.018304431599229287
0 0.4445983379501385 0.47928709055876684 0.05263157894736842 0.022157996146435453
0 0.5817174515235457 0.4865125240847784 0.0443213296398892 0.01348747591522158
0 0.6011080332409973 0.5115606936416185 0.060941828254847646 0.019267822736030827
0 0.47506925207756234 0.5298651252408477 0.06371191135734072 0.02119460500963391
0 0.5055401662049861 0.5722543352601156 0.04155124653739612 0.015414258188824663
0 0.5207756232686981 0.623795761078998 0.0664819944598338 0.014450867052023121
0 0.6426592797783933 0.598747591522158 0.04986149584487535 0.02023121387283237
0 0.6800554016620498 0.6310211946050096 0.05817174515235457 0.017341040462427744
0 0.5692520775623269 0.6647398843930635 0.05817174515235457 0.019267822736030827
0 0.6966759002770083 0.676300578034682 0.06925207756232687 0.02119460500963391
0 0.5761772853185596 0.7124277456647399 0.04986149584487535 0.018304431599229287
0 0.7229916897506925 0.7167630057803468 0.04986149584487535 0.02119460500963391
0 0.7451523545706371 0.7610789980732178 0.055401662049861494 0.015414258188824663
0 0.7686980609418282 0.8005780346820809 0.05817174515235457 0.02119460500963391
0 0.6454293628808865 0.8155105973025049 0.060941828254847646 0.02023121387283237
0 0.7811634349030471 0.8429672447013488 0.07202216066481995 0.017341040462427744
0 0.6814404432132964 0.8660886319845857 0.060941828254847646 0.025048169556840076
0 0.682825484764543 0.9026974951830443 0.05263157894736842 0.015414258188824663
0 0.8088642659279779 0.8877649325626205 0.060941828254847646 0.016377649325626204
0 0.6121883656509696 0.7591522157996147 0.0332409972299169 0.009633911368015413
0 0.8462603878116344 0.9296724470134875 0.04709141274238227 0.015414258188824663
0 0.7174515235457064 0.9566473988439306 0.055401662049861494 0.015414258188824663