0 0.3893939393939394 0.05946291560102302 0.10606060606060606 0.0370843989769821
0 0.23484848484848486 0.06457800511508952 0.08181818181818182 0.029411764705882356
0 0.25303030303030305 0.11508951406649617 0.07575757575757576 0.03324808184143223
0 0.38333333333333336 0.11445012787723786 0.1 0.03964194373401535
0 0.31212121212121213 0.16240409207161127 0.09696969696969697 0.04092071611253197
0 0.42727272727272725 0.1739130434782609 0.08484848484848485 0.04092071611253197
0 0.44696969696969696 0.21419437340153455 0.1 0.03452685421994885
0 0.3212121212121212 0.21675191815856779 0.09090909090909091 0.03964194373401535
0 0.45 0.270460358056266 0.06363636363636363 0.0319693094629156
0 0.353030303030303 0.26790281329923277 0.1303030303030303 0.0421994884910486
0 0.36363636363636365 0.3280051150895141 0.07272727272727272 0.026854219948849106
0 0.4621212121212121 0.319693094629156 0.08181818181818182 0.030690537084398978
0 0.4984848484848485 0.38810741687979544 0.08181818181818182 0.0319693094629156
0 0.3984848484848485 0.3765984654731458 0.11818181818181818 0.03964194373401535
0 0.3939393939393939 0.42647058823529416 0.08484848484848485 0.0319693094629156
0 0.5333333333333333 0.43797953964194375 0.10909090909090909 0.054987212276214836
0 0.556060606060606 0.48273657289002564 0.08787878787878788 0.0319693094629156
0 0.4287878787878788 0.4846547314578005 0.11818181818181818 0.02813299232736573
0 0.45606060606060606 0.5460358056265985 0.11212121212121212 0.03324808184143223
0 0.5727272727272728 0.5249360613810742 0.08484848484848485 0.0370843989769821
0 0.4984848484848485 0.5965473145780051 0.1 0.04731457800511509
0 0.6136363636363636 0.5927109974424553 0.10606060606060606 0.0319693094629156
0 0.6272727272727273 0.641304347826087 0.07272727272727272 0.029411764705882356
0 0.49242424242424243 0.6656010230179029 0.08787878787878788 0.04731457800511509
0 0.6530303030303031 0.6950127877237853 0.0696969696969697 0.0319693094629156
0 0.5106060606060606 0.7269820971867008 0.07575757575757576 0.029411764705882356
0 0.6363636363636364 0.7538363171355499 0.09696969696969697 0.04731457800511509
0 0.553030303030303 0.7762148337595909 0.0696969696969697 0.03324808184143223
0 0.6893939393939394 0.813299232736573 0.1 0.02813299232736573
0 0.5742424242424242 0.8446291560102303 0.09393939393939393 0.04475703324808185
0 0.7151515151515152 0.8868286445012789 0.07878787878787878 0.03452685421994885
0 0.6166666666666667 0.9149616368286446 0.13636363636363635 0.04475703324808185
0 0.75 0.9514066496163683 0.09393939393939393 0.03580562659846548
0 0.6181818181818182 0.969309462915601 0.07272727272727272 0.02813299232736573