0 0.3752955082742317 0.9554794520547945 0.017730496453900707 0.0136986301369863
0 0.32919621749408984 0.949486301369863 0.02955082742316785 0.017123287671232876
0 0.3664302600472813 0.9160958904109588 0.02364066193853428 0.0136986301369863
0 0.3055555555555555 0.9006849315068493 0.02718676122931442 0.0136986301369863
0 0.34278959810874704 0.8630136986301369 0.018912529550827423 0.018835616438356163
0 0.2984633569739953 0.8664383561643835 0.024822695035460994 0.015410958904109588
0 0.3351063829787234 0.8223458904109588 0.02009456264775414 0.014554794520547944
0 0.2919621749408983 0.8296232876712328 0.026004728132387706 0.015410958904109588
0 0.2907801418439716 0.790667808219178 0.026004728132387706 0.014554794520547944
0 0.32092198581560283 0.7889554794520548 0.022458628841607563 0.01797945205479452
0 0.3215130023640662 0.7517123287671232 0.016548463356973995 0.0136986301369863
0 0.27364066193853426 0.7517123287671232 0.022458628841607563 0.017123287671232876
0 0.26182033096926716 0.716181506849315 0.02718676122931442 0.012842465753424657
0 0.3061465721040189 0.7174657534246575 0.02364066193853428 0.015410958904109588
0 0.29728132387706857 0.6823630136986301 0.022458628841607563 0.0136986301369863
0 0.2458628841607565 0.6823630136986301 0.02364066193853428 0.015410958904109588
0 0.28782505910165485 0.6459760273972602 0.02009456264775414 0.014554794520547944
0 0.23758865248226949 0.6455479452054794 0.02364066193853428 0.018835616438356163
0 0.2322695035460993 0.6134417808219178 0.022458628841607563 0.01797945205479452
0 0.26713947990543735 0.5753424657534246 0.02127659574468085 0.018835616438356163
0 0.21749408983451535 0.5761986301369862 0.026004728132387706 0.015410958904109588
0 0.25059101654846333 0.5376712328767123 0.02364066193853428 0.018835616438356163
0 0.20508274231678486 0.5470890410958904 0.02009456264775414 0.008561643835616438
0 0.19917257683215128 0.5081335616438356 0.024822695035460994 0.016267123287671232
0 0.24054373522458627 0.504708904109589 0.024822695035460994 0.016267123287671232
0 0.18085106382978722 0.44905821917808214 0.02127659574468085 0.016267123287671232
0 0.21985815602836878 0.4379280821917808 0.026004728132387706 0.01797945205479452
0 0.1690307328605201 0.4130993150684931 0.02364066193853428 0.012842465753424657
0 0.21453900709219859 0.4032534246575342 0.022458628841607563 0.018835616438356163
0 0.1631205673758865 0.3737157534246575 0.02364066193853428 0.01797945205479452
0 0.200354609929078 0.3651541095890411 0.022458628841607563 0.016267123287671232
0 0.16134751773049644 0.3347602739726027 0.02955082742316785 0.017123287671232876
0 0.19326241134751773 0.31977739726027393 0.024822695035460994 0.01797945205479452
0 0.1400709219858156 0.3013698630136986 0.02718676122931442 0.018835616438356163
0 0.1796690307328605 0.28253424657534243 0.02127659574468085 0.017123287671232876
0 0.13356973995271867 0.2624143835616438 0.026004728132387706 0.019691780821917807
0 0.1731678486997636 0.2461472602739726 0.02718676122931442 0.014554794520547944
0 0.11643026004728133 0.230736301369863 0.031914893617021274 0.014554794520547944
0 0.1619385342789598 0.21018835616438356 0.02127659574468085 0.019691780821917807
0 0.11761229314420804 0.20077054794520546 0.024822695035460994 0.01797945205479452
0 0.1495271867612293 0.17851027397260272 0.022458628841607563 0.01113013698630137
0 0.1495271867612293 0.15325342465753425 0.022458628841607563 0.018835616438356163
0 0.09869976359338062 0.14554794520547945 0.022458628841607563 0.015410958904109588
0 0.28664302600472813 0.1288527397260274 0.02009456264775414 0.014554794520547944
0 0.3268321513002364 0.1523972602739726 0.017730496453900707 0.015410958904109588
0 0.29491725768321514 0.16309931506849315 0.02009456264775414 0.01797945205479452
0 0.3049645390070922 0.1917808219178082 0.02127659574468085 0.015410958904109588
0 0.3126477541371158 0.2285958904109589 0.024822695035460994 0.008561643835616438
0 0.3280141843971631 0.2641267123287671 0.02718676122931442 0.016267123287671232
0 0.36288416075650115 0.2803938356164383 0.026004728132387706 0.014554794520547944
0 0.33865248226950356 0.3026541095890411 0.02009456264775414 0.014554794520547944
0 0.34810874704491723 0.3339041095890411 0.02955082742316785 0.02054794520547945
0 0.3557919621749409 0.3694349315068493 0.02364066193853428 0.012842465753424657
0 0.36583924349881797 0.4066780821917808 0.02009456264775414 0.015410958904109588
0 0.374113475177305 0.4366438356164383 0.022458628841607563 0.017123287671232876
0 0.3806146572104019 0.4708904109589041 0.02364066193853428 0.017123287671232876
0 0.3859338061465721 0.5008561643835616 0.022458628841607563 0.011986301369863013
0 0.4036643026004728 0.5231164383561644 0.02718676122931442 0.017123287671232876
0 0.4119385342789598 0.5603595890410958 0.02718676122931442 0.016267123287671232
0 0.425531914893617 0.5877568493150684 0.02364066193853428 0.014554794520547944
0 0.46158392434988177 0.6048801369863014 0.02009456264775414 0.01113013698630137
0 0.4231678486997636 0.6254280821917808 0.018912529550827423 0.014554794520547944
0 0.4355791962174941 0.6506849315068493 0.022458628841607563 0.018835616438356163
0 0.47517730496453897 0.6660958904109588 0.014184397163120567 0.008561643835616438
0 0.44030732860520094 0.6879280821917808 0.022458628841607563 0.014554794520547944
0 0.4533096926713948 0.7191780821917808 0.022458628841607563 0.0136986301369863
0 0.46631205673758863 0.7461472602739726 0.024822695035460994 0.016267123287671232
0 0.5065011820330969 0.7636986301369862 0.015366430260047281 0.011986301369863013
0 0.47044917257683216 0.78125 0.018912529550827423 0.012842465753424657
0 0.4905437352245863 0.817208904109589 0.02364066193853428 0.016267123287671232
0 0.48877068557919623 0.8535958904109588 0.024822695035460994 0.018835616438356163
0 0.4994089834515366 0.8835616438356164 0.024822695035460994 0.015410958904109588
0 0.5106382978723404 0.9208047945205479 0.026004728132387706 0.016267123287671232
0 0.5372340425531915 0.8518835616438356 0.015366430260047281 0.008561643835616438
0 0.5591016548463357 0.9126712328767123 0.02127659574468085 0.017123287671232876
0 0.7033096926713948 0.8809931506849314 0.018912529550827423 0.011986301369863013
0 0.7464539007092198 0.8758561643835616 0.013002364066193853 0.010273972602739725
0 0.7393617021276595 0.8463184931506849 0.015366430260047281 0.01113013698630137
0 0.6885342789598109 0.845890410958904 0.022458628841607563 0.015410958904109588
0 0.683806146572104 0.824486301369863 0.024822695035460994 0.0136986301369863
0 0.7228132387706856 0.8163527397260274 0.013002364066193853 0.01113013698630137
0 0.716903073286052 0.7902397260273972 0.024822695035460994 0.018835616438356163
0 0.6778959810874704 0.754708904109589 0.03664302600472813 0.019691780821917807
0 0.6625295508274232 0.7294520547945205 0.03664302600472813 0.017123287671232876
0 0.7039007092198581 0.7230308219178082 0.017730496453900707 0.01113013698630137
0 0.7027186761229314 0.6999143835616438 0.02009456264775414 0.014554794520547944
0 0.6885342789598109 0.6725171232876712 0.017730496453900707 0.009417808219178082
0 0.6394799054373522 0.6476883561643835 0.03309692671394799 0.012842465753424657
0 0.6879432624113475 0.6451198630136986 0.016548463356973995 0.0059931506849315065
0 0.6294326241134751 0.6164383561643836 0.02718676122931442 0.017123287671232876
0 0.6323877068557919 0.5886130136986301 0.030732860520094562 0.01797945205479452
0 0.624113475177305 0.5556506849315068 0.028368794326241134 0.025684931506849314
0 0.6052009456264775 0.5278253424657534 0.018912529550827423 0.016267123287671232
0 0.6513002364066194 0.5278253424657534 0.02127659574468085 0.014554794520547944
0 0.6412529550827423 0.4922945205479452 0.022458628841607563 0.017123287671232876
0 0.6052009456264775 0.4884417808219178 0.028368794326241134 0.01797945205479452
0 0.625886524822695 0.4610445205479452 0.022458628841607563 0.019691780821917807
0 0.6158392434988179 0.4178082191780822 0.016548463356973995 0.011986301369863013
0 0.5750591016548463 0.39426369863013694 0.024822695035460994 0.016267123287671232
0 0.6134751773049645 0.3831335616438356 0.02127659574468085 0.016267123287671232
0 0.5644208037825059 0.3660102739726027 0.022458628841607563 0.016267123287671232
0 0.5986997635933806 0.3523116438356164 0.022458628841607563 0.019691780821917807
0 0.5939716312056738 0.3189212328767123 0.008274231678486997 0.009417808219178082
0 0.5390070921985816 0.2958047945205479 0.030732860520094562 0.026541095890410957
0 0.5289598108747045 0.23972602739726026 0.022458628841607563 0.017123287671232876
0 0.5638297872340425 0.2290239726027397 0.02127659574468085 0.014554794520547944
0 0.5177304964539007 0.2054794520547945 0.035460992907801414 0.02054794520547945
0 0.5596926713947991 0.20034246575342465 0.02009456264775414 0.011986301369863013
0 0.508274231678487 0.1643835616438356 0.030732860520094562 0.015410958904109588
0 0.5526004728132388 0.1699486301369863 0.013002364066193853 0.01113013698630137
0 0.5100472813238771 0.13398972602739725 0.02955082742316785 0.021404109589041095
0 0.5520094562647754 0.13227739726027396 0.02127659574468085 0.01113013698630137
0 0.49527186761229314 0.11087328767123288 0.030732860520094562 0.019691780821917807
0 0.48286052009456265 0.07662671232876712 0.02718676122931442 0.021404109589041095
0 0.5254137115839244 0.06892123287671233 0.015366430260047281 0.009417808219178082
0 0.6643026004728132 0.04195205479452055 0.026004728132387706 0.017123287671232876
0 0.7204491725768322 0.0273972602739726 0.02009456264775414 0.0136986301369863
0 0.6897163120567376 0.0976027397260274 0.015366430260047281 0.017123287671232876
0 0.7381796690307328 0.0881849315068493 0.02009456264775414 0.017123287671232876
0 0.6926713947990544 0.1267123287671233 0.016548463356973995 0.011986301369863013
0 0.7440898345153664 0.1211472602739726 0.02009456264775414 0.016267123287671232
0 0.7411347517730497 0.15496575342465752 0.030732860520094562 0.017123287671232876
0 0.7003546099290779 0.1583904109589041 0.022458628841607563 0.017123287671232876
0 0.7092198581560284 0.18664383561643835 0.018912529550827423 0.018835616438356163
0 0.7559101654846335 0.18065068493150685 0.022458628841607563 0.017123287671232876
0 0.7559101654846335 0.2131849315068493 0.022458628841607563 0.02054794520547945
0 0.716903073286052 0.21832191780821916 0.02718676122931442 0.017123287671232876
0 0.7228132387706856 0.2529965753424657 0.02718676122931442 0.014554794520547944
0 0.7706855791962175 0.24700342465753422 0.02127659574468085 0.016267123287671232
0 0.7718676122931442 0.2791095890410959 0.02364066193853428 0.0136986301369863
0 0.7293144208037825 0.2851027397260274 0.018912529550827423 0.017123287671232876
0 0.7393617021276595 0.31763698630136983 0.022458628841607563 0.017123287671232876
0 0.7807328605200945 0.3095034246575342 0.02009456264775414 0.019691780821917807
0 0.7488179669030732 0.3463184931506849 0.022458628841607563 0.012842465753424657
0 0.7884160756501182 0.3369006849315068 0.018912529550827423 0.014554794520547944
0 0.7966903073286051 0.3660102739726027 0.026004728132387706 0.01797945205479452
0 0.7547281323877069 0.3779965753424657 0.02009456264775414 0.014554794520547944
0 0.7984633569739953 0.39212328767123283 0.02718676122931442 0.015410958904109588
0 0.7641843971631206 0.4071061643835616 0.017730496453900707 0.014554794520547944
0 0.7801418439716312 0.4404965753424657 0.026004728132387706 0.01797945205479452
0 0.8073286052009456 0.42722602739726023 0.009456264775413711 0.00684931506849315
0 0.8150118203309692 0.45462328767123283 0.024822695035460994 0.018835616438356163
0 0.8244680851063829 0.4850171232876712 0.017730496453900707 0.014554794520547944
0 0.7937352245862884 0.5059931506849314 0.031914893617021274 0.011986301369863013
0 0.8368794326241135 0.509417808219178 0.018912529550827423 0.017123287671232876
0 0.8102836879432624 0.5462328767123288 0.024822695035460994 0.02054794520547945
0 0.8486997635933806 0.5436643835616438 0.014184397163120567 0.008561643835616438
0 0.8226950354609929 0.5753424657534246 0.028368794326241134 0.017123287671232876
0 0.8569739952718676 0.564640410958904 0.02364066193853428 0.01797945205479452
0 0.8238770685579196 0.5976027397260274 0.02127659574468085 0.0136986301369863
0 0.8652482269503546 0.6005993150684931 0.02127659574468085 0.01113013698630137
0 0.83451536643026 0.622431506849315 0.03309692671394799 0.02054794520547945
0 0.8362884160756501 0.653681506849315 0.024822695035460994 0.012842465753424657
0 0.874113475177305 0.6275684931506849 0.013002364066193853 0.010273972602739725
0 0.8829787234042553 0.6630993150684931 0.02364066193853428 0.016267123287671232
0 0.8451536643026004 0.675513698630137 0.02127659574468085 0.017123287671232876
0 0.8481087470449172 0.716181506849315 0.024822695035460994 0.014554794520547944
0 0.8971631205673759 0.6913527397260274 0.026004728132387706 0.01113013698630137
0 0.9078014184397163 0.7461472602739726 0.014184397163120567 0.01113013698630137
0 0.8652482269503546 0.7778253424657534 0.018912529550827423 0.014554794520547944
0 0.9160756501182032 0.7816780821917808 0.026004728132387706 0.015410958904109588
0 0.9326241134751773 0.8120719178082191 0.026004728132387706 0.019691780821917807
0 0.9397163120567376 0.8381849315068493 0.009456264775413711 0.010273972602739725