0 0.2892561983471074 0.9298245614035088 0.02125147579693034 0.015037593984962405
0 0.34533648170011805 0.9243943191311612 0.02243211334120425 0.01921470342522974
0 0.29515938606847697 0.8959899749373433 0.03305785123966942 0.01921470342522974
0 0.2644628099173554 0.8203842940685045 0.028335301062573787 0.015037593984962405
0 0.31050767414403774 0.8191311612364244 0.025974025974025972 0.01086048454469507
0 0.28630460448642264 0.7564745196324143 0.02243211334120425 0.015873015873015872
0 0.25383707201889016 0.753968253968254 0.02125147579693034 0.014202172096908938
0 0.2449822904368359 0.7276524644945697 0.020070838252656435 0.015037593984962405
0 0.27981109799291615 0.6946532999164577 0.02125147579693034 0.012531328320802004
0 0.2384887839433294 0.695906432748538 0.028335301062573787 0.015037593984962405
0 0.2319952774498229 0.6716791979949874 0.015348288075560802 0.010025062656641603
0 0.2662337662337662 0.6649958228905597 0.020070838252656435 0.018379281537176273
0 0.2550177095631641 0.6319966583124478 0.023612750885478158 0.017543859649122806
0 0.20720188902007083 0.6115288220551378 0.02243211334120425 0.013366750208855471
0 0.20602125147579692 0.5831244778613199 0.024793388429752063 0.01670843776106934
0 0.23966942148760328 0.5693400167084377 0.02125147579693034 0.012531328320802004
0 0.22609208972845335 0.5350877192982456 0.024793388429752063 0.015873015873015872
0 0.18536009445100354 0.5175438596491228 0.023612750885478158 0.014202172096908938
0 0.2190082644628099 0.5066833751044277 0.015348288075560802 0.01086048454469507
0 0.16883116883116883 0.48621553884711777 0.023612750885478158 0.015037593984962405
0 0.20779220779220778 0.46950710108604843 0.014167650531286893 0.011695906432748537
0 0.16174734356552536 0.4603174603174603 0.02125147579693034 0.018379281537176273
0 0.20188902007083825 0.4369256474519632 0.018890200708382526 0.013366750208855471
0 0.1576151121605667 0.42397660818713445 0.02243211334120425 0.015873015873015872
0 0.18654073199527743 0.39766081871345027 0.018890200708382526 0.013366750208855471
0 0.1818181818181818 0.3621553884711779 0.018890200708382526 0.014202172096908938
0 0.13046044864226683 0.3609022556390977 0.024793388429752063 0.01670843776106934
0 0.1729634002361275 0.3312447786131997 0.020070838252656435 0.012531328320802004
0 0.12691853600944508 0.3258145363408521 0.02243211334120425 0.011695906432748537
0 0.16056670602125148 0.3082706766917293 0.02125147579693034 0.013366750208855471
0 0.11688311688311688 0.2982456140350877 0.01652892561983471 0.00835421888053467
0 0.10979929161747343 0.27109440267335005 0.02125147579693034 0.015873015873015872
0 0.14049586776859505 0.2284878863826232 0.018890200708382526 0.015873015873015872
0 0.0974025974025974 0.23976608187134502 0.02243211334120425 0.013366750208855471
0 0.08795749704840614 0.21010860484544694 0.015348288075560802 0.012531328320802004
0 0.07792207792207792 0.17669172932330826 0.01652892561983471 0.014202172096908938
0 0.07260920897284533 0.15162907268170425 0.024793388429752063 0.015873015873015872
0 0.11688311688311688 0.13533834586466165 0.02125147579693034 0.015037593984962405
0 0.25914994096812277 0.10693400167084377 0.020070838252656435 0.018379281537176273
0 0.2662337662337662 0.14243943191311612 0.024793388429752063 0.015873015873015872
0 0.26977567886658793 0.1683375104427736 0.008264462809917356 0.009189640768588136
0 0.3152302243211334 0.15747702589807852 0.01652892561983471 0.009189640768588136
0 0.27744982290436837 0.20509607351712614 0.02125147579693034 0.014202172096908938
0 0.32113341204250295 0.21888053467000834 0.03305785123966942 0.01670843776106934
0 0.33766233766233766 0.252297410192147 0.02125147579693034 0.013366750208855471
0 0.3022432113341204 0.2786131996658312 0.025974025974025972 0.015873015873015872
0 0.34356552538370716 0.27736006683375103 0.025974025974025972 0.015037593984962405
0 0.3122786304604486 0.308688387635756 0.034238488783943324 0.015873015873015872
0 0.3252656434474616 0.3412698412698413 0.02243211334120425 0.014202172096908938
0 0.35832349468713104 0.341687552213868 0.024793388429752063 0.013366750208855471
0 0.3654073199527745 0.3713450292397661 0.020070838252656435 0.014202172096908938
0 0.33766233766233766 0.37969924812030076 0.030696576151121605 0.017543859649122806
0 0.371900826446281 0.4076858813700919 0.02125147579693034 0.01670843776106934
0 0.3412042502951594 0.4156223893065998 0.025974025974025972 0.014202172096908938
0 0.38134592680047225 0.4365079365079365 0.023612750885478158 0.017543859649122806
0 0.3417945690672963 0.45112781954887216 0.020070838252656435 0.011695906432748537
0 0.35714285714285715 0.4757727652464494 0.02243211334120425 0.020885547201336674
0 0.3919716646989374 0.467000835421888 0.023612750885478158 0.015037593984962405
0 0.39610389610389607 0.49331662489557226 0.015348288075560802 0.012531328320802004
0 0.3724911452184179 0.510860484544695 0.020070838252656435 0.012531328320802004
0 0.4049586776859504 0.5246449456975772 0.018890200708382526 0.015037593984962405
0 0.3754427390791027 0.5426065162907268 0.023612750885478158 0.015873015873015872
0 0.41440377804014167 0.556390977443609 0.023612750885478158 0.01670843776106934
0 0.38902007083825263 0.5852130325814536 0.02243211334120425 0.014202172096908938
0 0.39433293978748524 0.6152882205513784 0.018890200708382526 0.012531328320802004
0 0.4344746162927981 0.6169590643274854 0.02125147579693034 0.014202172096908938
0 0.4445100354191263 0.6395154553049289 0.024793388429752063 0.015873015873015872
0 0.4014167650531287 0.6524644945697577 0.018890200708382526 0.010025062656641603
0 0.4214876033057851 0.6850459482038429 0.025974025974025972 0.01670843776106934
0 0.45159386068476975 0.6766917293233082 0.024793388429752063 0.010025062656641603
0 0.461038961038961 0.702172096908939 0.02243211334120425 0.017543859649122806
0 0.41853600944510033 0.7163742690058479 0.02243211334120425 0.017543859649122806
0 0.4698937426210153 0.7393483709273183 0.025974025974025972 0.013366750208855471
0 0.4445100354191263 0.7848788638262322 0.031877213695395513 0.01921470342522974
0 0.4852420306965761 0.802422723475355 0.025974025974025972 0.012531328320802004
0 0.46458087367178275 0.8170426065162907 0.029515938606847696 0.013366750208855471
0 0.4728453364817001 0.8583959899749373 0.020070838252656435 0.01921470342522974
0 0.5118063754427391 0.8696741854636592 0.015348288075560802 0.011695906432748537
0 0.48229043683589135 0.8905597326649958 0.017709563164108617 0.013366750208855471
0 0.5165289256198347 0.8876357560568087 0.017709563164108617 0.01086048454469507
0 0.6617473435655253 0.8533834586466165 0.024793388429752063 0.012531328320802004
0 0.6859504132231404 0.7832080200501252 0.023612750885478158 0.015873015873015872
0 0.6629279811097992 0.70843776106934 0.02243211334120425 0.013366750208855471
0 0.6322314049586777 0.7105263157894737 0.020070838252656435 0.015873015873015872
0 0.6227863046044864 0.6867167919799498 0.029515938606847696 0.01670843776106934
0 0.6576151121605667 0.6804511278195489 0.028335301062573787 0.015873015873015872
0 0.6133412042502951 0.6587301587301587 0.02715466351829988 0.01921470342522974
0 0.652892561983471 0.6482873851294904 0.02125147579693034 0.015037593984962405
0 0.6369539551357732 0.6190476190476191 0.024793388429752063 0.02172096908939014
0 0.6263282172373081 0.5793650793650793 0.024793388429752063 0.014202172096908938
0 0.5926800472255017 0.5802005012531328 0.023612750885478158 0.014202172096908938
0 0.5873671782762692 0.5551378446115288 0.02243211334120425 0.022556390977443608
0 0.5690672963400236 0.5221386800334169 0.018890200708382526 0.015037593984962405
0 0.6127508854781581 0.5091896407685881 0.02125147579693034 0.014202172096908938
0 0.564344746162928 0.4803675856307435 0.023612750885478158 0.020050125313283207
0 0.5968122786304604 0.4753550543024227 0.020070838252656435 0.023391812865497075
0 0.5554899645808736 0.4494569757727652 0.02243211334120425 0.01670843776106934
0 0.5926800472255017 0.4402673350041771 0.028335301062573787 0.013366750208855471
0 0.5425029515938606 0.4143692564745196 0.024793388429752063 0.018379281537176273
0 0.577331759149941 0.40601503759398494 0.014167650531286893 0.013366750208855471
0 0.5667060212514757 0.37050960735171257 0.02125147579693034 0.009189640768588136
0 0.5596221959858323 0.33751044277360065 0.028335301062573787 0.015037593984962405
0 0.5236127508854781 0.34502923976608185 0.024793388429752063 0.018379281537176273
0 0.512987012987013 0.3157894736842105 0.02715466351829988 0.018379281537176273
0 0.5548996458087367 0.3020050125313283 0.023612750885478158 0.012531328320802004
0 0.5017709563164109 0.2731829573934837 0.028335301062573787 0.018379281537176273
0 0.5401416765053129 0.27151211361737676 0.020070838252656435 0.01670843776106934
0 0.5360094451003542 0.23517126148705095 0.02125147579693034 0.017543859649122806
0 0.4881936245572609 0.24143692564745195 0.02243211334120425 0.013366750208855471
0 0.4846517119244392 0.21010860484544694 0.024793388429752063 0.01921470342522974
0 0.4728453364817001 0.1733500417710944 0.02243211334120425 0.015873015873015872
0 0.5106257378984651 0.16123642439431912 0.020070838252656435 0.015037593984962405
0 0.4651711924439197 0.13199665831244778 0.028335301062573787 0.018379281537176273
0 0.448642266824085 0.09774436090225563 0.018890200708382526 0.01670843776106934
0 0.4946871310507674 0.09649122807017543 0.014167650531286893 0.012531328320802004
0 0.44037780401416765 0.06390977443609022 0.018890200708382526 0.01086048454469507
0 0.6316410861865407 0.038011695906432746 0.014167650531286893 0.009189640768588136
0 0.6717827626918536 0.02297410192147034 0.018890200708382526 0.012531328320802004
0 0.6776859504132231 0.05639097744360902 0.023612750885478158 0.014202172096908938
0 0.6475796930342385 0.06808688387635756 0.020070838252656435 0.014202172096908938
0 0.6552538370720189 0.1060985797827903 0.018890200708382526 0.00835421888053467
0 0.6894923258559622 0.09440267335004177 0.02125147579693034 0.010025062656641603
0 0.6670602125147579 0.13951545530492898 0.01652892561983471 0.011695906432748537
0 0.7095631641086186 0.1545530492898914 0.025974025974025972 0.01670843776106934
0 0.6670602125147579 0.16917293233082706 0.018890200708382526 0.01086048454469507
0 0.6735537190082644 0.20133667502088554 0.015348288075560802 0.010025062656641603
0 0.717827626918536 0.18045112781954886 0.023612750885478158 0.015037593984962405
0 0.7219598583234946 0.20927318295739347 0.020070838252656435 0.014202172096908938
0 0.7255017709563164 0.24018379281537175 0.02243211334120425 0.014202172096908938
0 0.7001180637544273 0.2631578947368421 0.011806375442739079 0.011695906432748537
0 0.6989374262101534 0.29114452798663326 0.02125147579693034 0.012531328320802004
0 0.7449822904368358 0.3007518796992481 0.02125147579693034 0.013366750208855471
0 0.7113341204250295 0.32748538011695905 0.015348288075560802 0.011695906432748537
0 0.7597402597402597 0.32957393483709274 0.017709563164108617 0.01086048454469507
0 0.7231404958677685 0.35964912280701755 0.02243211334120425 0.012531328320802004
0 0.7621015348288075 0.3609022556390977 0.015348288075560802 0.013366750208855471
0 0.7331759149940967 0.38554720133667497 0.023612750885478158 0.014202172096908938
0 0.7762691853600944 0.391812865497076 0.015348288075560802 0.010025062656641603
0 0.7373081463990554 0.41687552213868 0.02243211334120425 0.015037593984962405
0 0.7857142857142857 0.4256474519632414 0.024793388429752063 0.014202172096908938
0 0.7532467532467532 0.4519632414369256 0.01652892561983471 0.013366750208855471
0 0.7579693034238488 0.48329156223893066 0.018890200708382526 0.014202172096908938
0 0.7992916174734356 0.48120300751879697 0.01652892561983471 0.013366750208855471
0 0.7621015348288075 0.5167084377610693 0.012987012987012986 0.014202172096908938
0 0.8110979929161747 0.5380116959064327 0.02125147579693034 0.018379281537176273
0 0.8234946871310507 0.5705931495405179 0.02243211334120425 0.01670843776106934
0 0.7839433293978748 0.5835421888053467 0.02125147579693034 0.015873015873015872
0 0.7916174734356553 0.6198830409356725 0.02715466351829988 0.01670843776106934
0 0.8370720188902007 0.6006683375104427 0.02125147579693034 0.018379281537176273
0 0.8022432113341204 0.6591478696741855 0.029515938606847696 0.015037593984962405
0 0.8530106257378984 0.633249791144528 0.02243211334120425 0.013366750208855471
0 0.8530106257378984 0.6608187134502923 0.020070838252656435 0.01670843776106934
0 0.858913813459268 0.6929824561403508 0.020070838252656435 0.014202172096908938
0 0.8128689492325856 0.6963241436925647 0.012987012987012986 0.014202172096908938
0 0.8831168831168831 0.7418546365914787 0.018890200708382526 0.015037593984962405
0 0.8429752066115702 0.7710944026733499 0.02125147579693034 0.013366750208855471
0 0.8406139315230224 0.81328320802005 0.023612750885478158 0.014202172096908938
0 0.8943329397874852 0.8216374269005847 0.02243211334120425 0.015873015873015872