0 0.19429347826086957 0.06747095621090259 0.04076086956521739 0.016979445933869526
0 0.3016304347826087 0.057640750670241284 0.09782608695652173 0.01876675603217158
0 0.3125 0.08042895442359249 0.08152173913043478 0.025022341376228774
0 0.34646739130434784 0.11215370866845398 0.08423913043478261 0.03127792672028597
0 0.21875 0.10679177837354781 0.0733695652173913 0.01876675603217158
0 0.2554347826086956 0.15236818588025022 0.043478260869565216 0.020554066130473638
0 0.358695652173913 0.14745308310991956 0.07608695652173914 0.025022341376228774
0 0.35054347826086957 0.2001787310098302 0.07608695652173914 0.02323503127792672
0 0.37771739130434784 0.2350312779267203 0.07608695652173914 0.03395889186773905
0 0.28804347826086957 0.2448614834673816 0.05434782608695652 0.017873100983020553
0 0.31521739130434784 0.2837354781054513 0.08152173913043478 0.022341376228775692
0 0.41032608695652173 0.2743521000893655 0.08152173913043478 0.035746201966041107
0 0.43070652173913043 0.3145665773011617 0.07880434782608696 0.02323503127792672
0 0.32065217391304346 0.3105451295799821 0.07065217391304347 0.022341376228775692
0 0.3532608695652174 0.3360142984807864 0.07608695652173914 0.021447721179624665
0 0.44021739130434784 0.35075960679177837 0.08152173913043478 0.020554066130473638
0 0.3641304347826087 0.3717605004468275 0.07608695652173914 0.021447721179624665
0 0.389945652173913 0.3958891867739053 0.04619565217391304 0.021447721179624665
0 0.47282608695652173 0.38605898123324395 0.06521739130434782 0.028596961572832886
0 0.48641304347826086 0.4173369079535299 0.08695652173913043 0.028596961572832886
0 0.3980978260869565 0.4231456657730116 0.057065217391304345 0.016979445933869526
0 0.41032608695652173 0.45665773011617516 0.09782608695652173 0.025022341376228774
0 0.5135869565217391 0.45352993744414655 0.06521739130434782 0.020554066130473638
0 0.43070652173913043 0.47899910634495085 0.0625 0.0160857908847185
0 0.5163043478260869 0.49195710455764075 0.06521739130434782 0.029490616621983913
0 0.44565217391304346 0.5160857908847185 0.07065217391304347 0.025915996425379804
0 0.4538043478260869 0.5451295799821269 0.10326086956521739 0.025022341376228774
0 0.5516304347826086 0.5281501340482574 0.05434782608695652 0.02323503127792672
0 0.6100543478260869 0.563449508489723 0.06793478260869565 0.025915996425379804
0 0.47146739130434784 0.5813226094727435 0.08967391304347826 0.022341376228775692
0 0.6182065217391304 0.5951742627345844 0.0625 0.02323503127792672
0 0.49320652173913043 0.613941018766756 0.0951086956521739 0.02323503127792672
0 0.5625 0.6344950848972296 0.11413043478260869 0.032171581769437
0 0.6114130434782609 0.6689008042895442 0.03804347826086957 0.01876675603217158
0 0.5529891304347826 0.6831992850759606 0.07880434782608696 0.025915996425379804
0 0.6385869565217391 0.7068811438784629 0.07065217391304347 0.02323503127792672
0 0.6508152173913043 0.7319034852546916 0.057065217391304345 0.017873100983020553
0 0.5434782608695652 0.7167113494191242 0.10869565217391304 0.02323503127792672
0 0.5584239130434783 0.7462019660411081 0.0733695652173913 0.03038427167113494
0 0.6983695652173912 0.7680965147453083 0.08152173913043478 0.02770330652368186
0 0.5842391304347826 0.7868632707774799 0.09782608695652173 0.020554066130473638
0 0.5964673913043478 0.8127792672028596 0.07880434782608696 0.022341376228775692
0 0.6752717391304348 0.8083109919571045 0.0733695652173913 0.01876675603217158
0 0.6983695652173912 0.823503127792672 0.07608695652173914 0.020554066130473638
0 0.7296195652173912 0.8337801608579088 0.0625 0.028596961572832886
0 0.626358695652174 0.8476318141197497 0.07880434782608696 0.02770330652368186
0 0.6385869565217391 0.8762287756925826 0.07065217391304347 0.025915996425379804
0 0.7527173913043478 0.8762287756925826 0.08152173913043478 0.029490616621983913
0 0.6426630434782609 0.9070598748882931 0.07880434782608696 0.017873100983020553
0 0.7690217391304348 0.9021447721179624 0.06521739130434782 0.01519213583556747
0 0.7717391304347826 0.9213583556747096 0.09239130434782608 0.021447721179624665
0 0.7880434782608695 0.9459338695263628 0.07608695652173914 0.024128686327077747
0 0.6671195652173912 0.9369973190348525 0.0733695652173913 0.01876675603217158
0 0.6752717391304348 0.9611260053619303 0.10597826086956522 0.020554066130473638