0 0.3288393903868698 0.9406354515050167 0.02227432590855803 0.015050167224080268
0 0.27842907385697535 0.947742474916388 0.0246189917936694 0.014214046822742474
0 0.27315357561547476 0.919314381270903 0.021101992966002344 0.017558528428093644
0 0.32473622508792493 0.9163879598662207 0.025791324736225085 0.016722408026755852
0 0.317116060961313 0.8917224080267558 0.0246189917936694 0.017558528428093644
0 0.27139507620164127 0.8862876254180602 0.029308323563892142 0.013377926421404682
0 0.2637749120750293 0.8674749163879598 0.025791324736225085 0.020903010033444816
0 0.29777256740914415 0.8327759197324415 0.01875732708089097 0.015050167224080268
0 0.2596717467760844 0.8344481605351171 0.02227432590855803 0.015050167224080268
0 0.23388042203985931 0.8097826086956521 0.015240328253223915 0.010869565217391304
0 0.22919109026963655 0.7746655518394648 0.031652989449003514 0.01254180602006689
0 0.276084407971864 0.7203177257525083 0.015240328253223915 0.014214046822742474
0 0.22801875732708088 0.737876254180602 0.026963657678780773 0.01254180602006689
0 0.2227432590855803 0.7236622073578595 0.025791324736225085 0.014214046822742474
0 0.216295427901524 0.693561872909699 0.02227432590855803 0.01588628762541806
0 0.26318874560375144 0.685200668896321 0.0246189917936694 0.01588628762541806
0 0.2039859320046893 0.657608695652174 0.03048065650644783 0.01588628762541806
0 0.2532239155920281 0.6459030100334449 0.01875732708089097 0.014214046822742474
0 0.1951934349355217 0.6233277591973244 0.026963657678780773 0.019230769230769232
0 0.18347010550996481 0.5932274247491639 0.0246189917936694 0.014214046822742474
0 0.18112543962485345 0.5543478260869565 0.019929660023446656 0.016722408026755852
0 0.22743259085580303 0.5346989966555183 0.01875732708089097 0.007525083612040134
0 0.15767878077373973 0.5192307692307693 0.0246189917936694 0.015050167224080268
0 0.21512309495896834 0.5033444816053512 0.02227432590855803 0.013377926421404682
0 0.15533411488862836 0.48118729096989965 0.02227432590855803 0.019230769230769232
0 0.20867526377491205 0.46948160535117056 0.028135990621336458 0.019230769230769232
0 0.1477139507620164 0.45652173913043476 0.023446658851113716 0.015050167224080268
0 0.19812426729191088 0.4352006688963211 0.021101992966002344 0.01588628762541806
0 0.13833528722157093 0.41555183946488294 0.01875732708089097 0.011705685618729096
0 0.13012895662368112 0.37165551839464883 0.025791324736225085 0.014214046822742474
0 0.175263774912075 0.36998327759197325 0.02227432590855803 0.014214046822742474
0 0.16881594372801875 0.3382107023411371 0.028135990621336458 0.01588628762541806
0 0.11840562719812425 0.33277591973244147 0.028135990621336458 0.015050167224080268
0 0.10609613130128956 0.3085284280936455 0.017584994138335287 0.011705685618729096
0 0.15709261430246188 0.30518394648829433 0.01875732708089097 0.015050167224080268
0 0.14009378663540445 0.2738294314381271 0.029308323563892142 0.024247491638795988
0 0.13716295427901523 0.2408026755852843 0.025791324736225085 0.016722408026755852
0 0.08499413833528721 0.22282608695652173 0.0246189917936694 0.01588628762541806
0 0.07092614302461898 0.18645484949832775 0.019929660023446656 0.011705685618729096
0 0.12778429073856976 0.20735785953177258 0.028135990621336458 0.016722408026755852
0 0.12485345838218052 0.1801839464882943 0.0246189917936694 0.01588628762541806
0 0.05568581477139507 0.1584448160535117 0.0246189917936694 0.014214046822742474
0 0.11781946072684642 0.15133779264214048 0.0246189917936694 0.015050167224080268
0 0.30128956623681125 0.11454849498327759 0.023446658851113716 0.015050167224080268
0 0.25498241500586166 0.13043478260869565 0.012895662368112543 0.006688963210702341
0 0.3200468933177022 0.14464882943143811 0.023446658851113716 0.018394648829431436
0 0.2626025791324736 0.17265886287625418 0.011723329425556858 0.010869565217391304
0 0.33059788980070337 0.18352842809364547 0.025791324736225085 0.01588628762541806
0 0.27667057444314186 0.20693979933110368 0.0164126611957796 0.010869565217391304
0 0.3300117233294255 0.21279264214046822 0.026963657678780773 0.01588628762541806
0 0.33587338804220396 0.23578595317725753 0.02227432590855803 0.015050167224080268
0 0.2954279015240328 0.270066889632107 0.01875732708089097 0.015050167224080268
0 0.36049237983587334 0.2692307692307692 0.031652989449003514 0.016722408026755852
0 0.30656506447831183 0.3010033444816054 0.02227432590855803 0.016722408026755852
0 0.3686987104337632 0.3047658862876254 0.03399765533411488 0.020903010033444816
0 0.317116060961313 0.3285953177257525 0.02227432590855803 0.015050167224080268
0 0.3786635404454865 0.33319397993311034 0.023446658851113716 0.010869565217391304
0 0.3264947245017585 0.35827759197324416 0.015240328253223915 0.01254180602006689
0 0.3903868698710434 0.37625418060200666 0.028135990621336458 0.020066889632107024
0 0.33470105509964826 0.391304347826087 0.019929660023446656 0.006688963210702341
0 0.40093786635404455 0.4067725752508361 0.03048065650644783 0.014214046822742474
0 0.3352872215709261 0.42098662207357856 0.0164126611957796 0.014214046822742474
0 0.34759671746776083 0.45652173913043476 0.026963657678780773 0.015050167224080268
0 0.4073856975381008 0.44105351170568563 0.026963657678780773 0.019230769230769232
0 0.41500586166471276 0.47575250836120403 0.028135990621336458 0.016722408026755852
0 0.35638921453692846 0.49581939799331104 0.014067995310668229 0.015050167224080268
0 0.3645955451348183 0.5250836120401338 0.01875732708089097 0.011705685618729096
0 0.429073856975381 0.5530936454849498 0.01875732708089097 0.014214046822742474
0 0.36811254396248533 0.5631270903010034 0.01875732708089097 0.009197324414715718
0 0.4390386869871043 0.584866220735786 0.019929660023446656 0.010869565217391304
0 0.3827667057444314 0.6162207357859532 0.017584994138335287 0.013377926421404682
0 0.4413833528722157 0.6195652173913043 0.029308323563892142 0.016722408026755852
0 0.45720984759671746 0.6542642140468228 0.014067995310668229 0.01254180602006689
0 0.42555685814771393 0.7428929765886287 0.025791324736225085 0.014214046822742474
0 0.47655334114888626 0.7290969899665551 0.02227432590855803 0.018394648829431436
0 0.43317702227432586 0.7709030100334449 0.0246189917936694 0.013377926421404682
0 0.48065650644783114 0.762123745819398 0.021101992966002344 0.01588628762541806
0 0.44079718640093785 0.8030936454849498 0.01875732708089097 0.01254180602006689
0 0.492379835873388 0.7934782608695652 0.0328253223915592 0.016722408026755852
0 0.4994138335287221 0.8373745819397993 0.014067995310668229 0.009197324414715718
0 0.5076201641266119 0.862876254180602 0.023446658851113716 0.015050167224080268
0 0.7039859320046893 0.8612040133779264 0.02227432590855803 0.010033444816053512
0 0.6664712778429074 0.8586956521739131 0.02227432590855803 0.011705685618729096
0 0.6611957796014067 0.8352842809364548 0.025791324736225085 0.018394648829431436
0 0.6576787807737396 0.8076923076923077 0.025791324736225085 0.016722408026755852
0 0.6371629542790151 0.782608695652174 0.026963657678780773 0.016722408026755852
0 0.6383352872215708 0.7558528428093645 0.019929660023446656 0.011705685618729096
0 0.6694021101992965 0.7311872909698997 0.014067995310668229 0.007525083612040134
0 0.6236811254396248 0.7286789297658863 0.021101992966002344 0.009197324414715718
0 0.6178194607268463 0.6835284280936454 0.03048065650644783 0.01254180602006689
0 0.611957796014068 0.6592809364548495 0.0164126611957796 0.01588628762541806
0 0.6383352872215708 0.6295986622073578 0.015240328253223915 0.010033444816053512
0 0.6031652989449003 0.6212374581939799 0.017584994138335287 0.006688963210702341
0 0.634232121922626 0.5936454849498327 0.01875732708089097 0.010033444816053512
0 0.596717467760844 0.5794314381270903 0.014067995310668229 0.006688963210702341
0 0.6236811254396248 0.5639632107023411 0.021101992966002344 0.01588628762541806
0 0.6113716295427901 0.5292642140468228 0.026963657678780773 0.018394648829431436
0 0.6096131301289566 0.5008361204013377 0.014067995310668229 0.013377926421404682
0 0.574443141852286 0.48578595317725753 0.025791324736225085 0.013377926421404682
0 0.563305978898007 0.45484949832775917 0.029308323563892142 0.018394648829431436
0 0.5627198124267292 0.42349498327759194 0.025791324736225085 0.010869565217391304
0 0.5480656506447831 0.3804347826086956 0.0246189917936694 0.013377926421404682
0 0.5351699882766705 0.3432274247491639 0.026963657678780773 0.014214046822742474
0 0.566822977725674 0.3248327759197324 0.015240328253223915 0.010869565217391304
0 0.5287221570926143 0.3076923076923077 0.021101992966002344 0.013377926421404682
0 0.5439624853458381 0.25752508361204013 0.0164126611957796 0.008361204013377926
0 0.4953106682297772 0.24289297658862877 0.0246189917936694 0.014214046822742474
0 0.49062133645955447 0.2148829431438127 0.017584994138335287 0.015050167224080268
0 0.4783118405627198 0.17642140468227424 0.023446658851113716 0.015050167224080268
0 0.5169988276670574 0.16429765886287626 0.021101992966002344 0.014214046822742474
0 0.5216881594372802 0.13294314381270902 0.023446658851113716 0.015050167224080268
0 0.4607268464243845 0.10911371237458194 0.028135990621336458 0.014214046822742474
0 0.5041031652989448 0.1020066889632107 0.01875732708089097 0.016722408026755852
0 0.5029308323563891 0.07483277591973243 0.0164126611957796 0.010869565217391304
0 0.451348182883939 0.08277591973244147 0.014067995310668229 0.010033444816053512
0 0.6400937866354044 0.04389632107023411 0.028135990621336458 0.01254180602006689
0 0.686400937866354 0.035535117056856184 0.019929660023446656 0.010869565217391304
0 0.689917936694021 0.06061872909698997 0.026963657678780773 0.019230769230769232
0 0.652989449003517 0.08319397993311037 0.028135990621336458 0.01254180602006689
0 0.6957796014067995 0.08444816053511706 0.02227432590855803 0.013377926421404682
0 0.664126611957796 0.1028428093645485 0.02227432590855803 0.013377926421404682
0 0.6987104337631886 0.10785953177257525 0.028135990621336458 0.020066889632107024
0 0.6652989449003517 0.12207357859531773 0.031652989449003514 0.016722408026755852
0 0.6811254396248534 0.14255852842809363 0.028135990621336458 0.017558528428093644
0 0.7127784290738569 0.13377926421404682 0.01875732708089097 0.015050167224080268
0 0.678780773739742 0.1705685618729097 0.01875732708089097 0.010033444816053512
0 0.719812426729191 0.16304347826086957 0.01875732708089097 0.008361204013377926
0 0.6916764361078546 0.19272575250836121 0.025791324736225085 0.014214046822742474
0 0.727432590855803 0.18896321070234112 0.0246189917936694 0.016722408026755852
0 0.6916764361078546 0.21739130434782608 0.021101992966002344 0.011705685618729096
0 0.7022274325908557 0.23578595317725753 0.0164126611957796 0.008361204013377926
0 0.7250879249706916 0.21948160535117056 0.0246189917936694 0.01254180602006689
0 0.7368112543962485 0.23704013377926422 0.02227432590855803 0.01254180602006689
0 0.7127784290738569 0.25794314381270905 0.021101992966002344 0.009197324414715718
0 0.7432590855803047 0.26881270903010035 0.023446658851113716 0.01588628762541806
0 0.7543962485345838 0.2947324414715719 0.026963657678780773 0.014214046822742474
0 0.7209847596717467 0.3164715719063545 0.023446658851113716 0.010869565217391304
0 0.7631887456037514 0.3294314381270903 0.023446658851113716 0.013377926421404682
0 0.7303634232121922 0.3394648829431438 0.023446658851113716 0.015050167224080268
0 0.7637749120750292 0.35827759197324416 0.02227432590855803 0.020903010033444816
0 0.7368112543962485 0.3616220735785953 0.026963657678780773 0.01254180602006689
0 0.7327080890973036 0.39088628762541805 0.025791324736225085 0.014214046822742474
0 0.7825322391559202 0.39172240802675584 0.02227432590855803 0.01588628762541806
0 0.7473622508792497 0.41304347826086957 0.019929660023446656 0.013377926421404682
0 0.7901524032825322 0.42642140468227424 0.0164126611957796 0.015050167224080268
0 0.7485345838218054 0.44565217391304346 0.019929660023446656 0.013377926421404682
0 0.7960140679953106 0.4498327759197324 0.023446658851113716 0.015050167224080268
0 0.7567409144196952 0.4778428093645485 0.019929660023446656 0.014214046822742474
0 0.8018757327080891 0.4774247491638796 0.021101992966002344 0.016722408026755852
0 0.783118405627198 0.5129598662207357 0.0164126611957796 0.017558528428093644
0 0.82063305978898 0.5037625418060201 0.01875732708089097 0.017558528428093644
0 0.8253223915592027 0.5296822742474916 0.023446658851113716 0.01254180602006689
0 0.7825322391559202 0.5551839464882943 0.019929660023446656 0.015050167224080268
0 0.8388042203985931 0.5618729096989966 0.019929660023446656 0.011705685618729096
0 0.7930832356389214 0.5819397993311036 0.0246189917936694 0.016722408026755852
0 0.8423212192262602 0.5890468227424749 0.0246189917936694 0.020903010033444816
0 0.7989449003516998 0.6095317725752508 0.02227432590855803 0.016722408026755852
0 0.8159437280187573 0.6429765886287625 0.009378663540445486 0.006688963210702341
0 0.8575615474794841 0.6300167224080268 0.015240328253223915 0.01588628762541806
0 0.8640093786635404 0.6609531772575251 0.025791324736225085 0.017558528428093644
0 0.8182883939038686 0.6672240802675585 0.009378663540445486 0.008361204013377926
0 0.817116060961313 0.6910535117056856 0.025791324736225085 0.010869565217391304
0 0.8704572098475967 0.6939799331103679 0.02227432590855803 0.013377926421404682
0 0.8851113716295427 0.7324414715719063 0.023446658851113716 0.016722408026755852
0 0.8341148886283704 0.7541806020066889 0.012895662368112543 0.013377926421404682
0 0.8305978898007034 0.7775919732441472 0.012895662368112543 0.008361204013377926
0 0.8874560375146541 0.7617056856187291 0.025791324736225085 0.013377926421404682
0 0.9003516998827666 0.794314381270903 0.021101992966002344 0.011705685618729096