0 0.21321695760598502 0.07268951194184839 0.057356608478802994 0.018691588785046728
0 0.35037406483790523 0.07009345794392523 0.06733167082294264 0.02388369678089304
0 0.3491271820448878 0.1043613707165109 0.06982543640897755 0.03426791277258567
0 0.2456359102244389 0.10747663551401869 0.08229426433915212 0.02596053997923157
0 0.26683291770573564 0.15109034267912771 0.07481296758104738 0.032191069574247146
0 0.28428927680798005 0.1853582554517134 0.0798004987531172 0.032191069574247146
0 0.36408977556109723 0.15316718587746625 0.08478802992518703 0.028037383177570093
0 0.3877805486284289 0.195742471443406 0.09725685785536159 0.02596053997923157
0 0.28428927680798005 0.23208722741433022 0.07481296758104738 0.028037383177570093
0 0.39526184538653364 0.23260643821391486 0.06733167082294264 0.03115264797507788
0 0.32418952618453867 0.2767393561786085 0.0798004987531172 0.021806853582554516
0 0.32668329177057354 0.3094496365524403 0.08478802992518703 0.035306334371754934
0 0.4239401496259351 0.2803738317757009 0.06982543640897755 0.024922118380062305
0 0.4314214463840399 0.3364485981308411 0.0798004987531172 0.029075804776739357
0 0.37281795511221943 0.3598130841121495 0.10224438902743142 0.02388369678089304
0 0.48129675810473815 0.37850467289719625 0.06982543640897755 0.036344755970924195
0 0.35910224438902744 0.3909657320872274 0.08478802992518703 0.032191069574247146
0 0.47880299251870323 0.4179646936656282 0.05486284289276808 0.03426791277258567
0 0.39900249376558605 0.4371754932502596 0.06982543640897755 0.033229491173416406
0 0.4713216957605985 0.45430944963655245 0.07481296758104738 0.032191069574247146
0 0.5199501246882793 0.4937694704049844 0.057356608478802994 0.01557632398753894
0 0.42643391521197005 0.5321910695742471 0.05486284289276808 0.02388369678089304
0 0.543640897755611 0.543613707165109 0.06483790523690773 0.03426791277258567
0 0.4688279301745636 0.559190031152648 0.07481296758104738 0.028037383177570093
0 0.4713216957605985 0.6048805815160955 0.08478802992518703 0.03426791277258567
0 0.5660847880299251 0.5939771547248183 0.07481296758104738 0.024922118380062305
0 0.47880299251870323 0.6422637590861889 0.0798004987531172 0.030114226375908618
0 0.600997506234414 0.6422637590861889 0.06982543640897755 0.021806853582554516
0 0.5074812967581047 0.6806853582554517 0.07231920199501246 0.032191069574247146
0 0.6134663341645885 0.681723779854621 0.06982543640897755 0.02388369678089304
0 0.6122194513715711 0.719626168224299 0.05236907730673317 0.029075804776739357
0 0.5349127182044887 0.7284527518172378 0.0773067331670823 0.032191069574247146
0 0.5423940149625935 0.7627206645898235 0.062344139650872814 0.030114226375908618
0 0.6172069825436409 0.7720664589823468 0.05236907730673317 0.01557632398753894
0 0.6446384039900249 0.7980269989615784 0.08229426433915212 0.028037383177570093
0 0.5698254364089775 0.8032191069574247 0.05236907730673317 0.032191069574247146
0 0.557356608478803 0.8400830737279336 0.062344139650872814 0.02699896157840083
0 0.6334164588528678 0.8468328141225338 0.08478802992518703 0.030114226375908618
0 0.5910224438902743 0.885773624091381 0.06483790523690773 0.02699896157840083
0 0.6733167082294265 0.8899273104880582 0.08478802992518703 0.02284527518172378
0 0.600997506234414 0.9210799584631361 0.07481296758104738 0.03115264797507788
0 0.7069825436408977 0.9480789200415368 0.05236907730673317 0.018691588785046728
0 0.6134663341645885 0.9610591900311526 0.06982543640897755 0.030114226375908618