0 0.6971649484536082 0.9419811320754717 0.059278350515463915 0.02169811320754717
0 0.7731958762886598 0.9132075471698113 0.04639175257731959 0.016981132075471698
0 0.6649484536082474 0.9047169811320754 0.05670103092783505 0.018867924528301886
0 0.7783505154639175 0.8726415094339622 0.061855670103092786 0.022641509433962266
0 0.6559278350515464 0.8735849056603774 0.05412371134020619 0.016981132075471698
0 0.7371134020618556 0.8330188679245283 0.06701030927835051 0.020754716981132074
0 0.6353092783505154 0.8325471698113207 0.059278350515463915 0.02169811320754717
0 0.6095360824742267 0.7985849056603773 0.06958762886597938 0.02358490566037736
0 0.7255154639175257 0.7919811320754717 0.059278350515463915 0.02169811320754717
0 0.7048969072164948 0.7608490566037736 0.06958762886597938 0.02169811320754717
0 0.5914948453608248 0.7650943396226415 0.05412371134020619 0.020754716981132074
0 0.5837628865979382 0.7283018867924529 0.05412371134020619 0.018867924528301886
0 0.6791237113402062 0.7141509433962264 0.06443298969072164 0.020754716981132074
0 0.5489690721649484 0.6863207547169812 0.05670103092783505 0.02169811320754717
0 0.6610824742268041 0.6783018867924528 0.059278350515463915 0.020754716981132074
0 0.5347938144329897 0.6457547169811321 0.059278350515463915 0.02169811320754717
0 0.6172680412371134 0.6325471698113208 0.059278350515463915 0.017924528301886792
0 0.5141752577319587 0.6094339622641509 0.04381443298969072 0.013207547169811321
0 0.6108247422680412 0.595754716981132 0.05154639175257732 0.016037735849056604
0 0.5077319587628866 0.569811320754717 0.061855670103092786 0.022641509433962266
0 0.5902061855670103 0.559433962264151 0.05154639175257732 0.016981132075471698
0 0.5682989690721649 0.5334905660377358 0.05412371134020619 0.01981132075471698
0 0.4845360824742268 0.530188679245283 0.05154639175257732 0.016981132075471698
0 0.4574742268041237 0.4985849056603774 0.06958762886597938 0.01981132075471698
0 0.5502577319587629 0.4938679245283019 0.059278350515463915 0.02358490566037736
0 0.4304123711340206 0.455188679245283 0.05670103092783505 0.02169811320754717
0 0.5167525773195876 0.4547169811320755 0.059278350515463915 0.020754716981132074
0 0.5012886597938144 0.4047169811320755 0.05412371134020619 0.020754716981132074
0 0.42010309278350516 0.41415094339622643 0.06701030927835051 0.020754716981132074
0 0.3853092783505155 0.3688679245283019 0.04896907216494845 0.022641509433962266
0 0.4922680412371134 0.3721698113207547 0.05154639175257732 0.01981132075471698
0 0.4484536082474227 0.330188679245283 0.05670103092783505 0.018867924528301886
0 0.3634020618556701 0.33254716981132076 0.061855670103092786 0.01981132075471698
0 0.3530927835051546 0.29150943396226414 0.06701030927835051 0.020754716981132074
0 0.44458762886597936 0.28537735849056606 0.05412371134020619 0.01981132075471698
0 0.4162371134020618 0.2504716981132076 0.07474226804123711 0.02169811320754717
0 0.3208762886597938 0.25518867924528305 0.04896907216494845 0.017924528301886792
0 0.3002577319587629 0.20943396226415095 0.05412371134020619 0.018867924528301886
0 0.375 0.20613207547169812 0.04896907216494845 0.01981132075471698
0 0.3530927835051546 0.16367924528301886 0.05670103092783505 0.017924528301886792
0 0.2706185567010309 0.16462264150943395 0.05670103092783505 0.017924528301886792
0 0.2422680412371134 0.1259433962264151 0.061855670103092786 0.014150943396226415
0 0.3376288659793814 0.11132075471698114 0.07216494845360824 0.016981132075471698
0 0.3286082474226804 0.07547169811320754 0.04896907216494845 0.016981132075471698
0 0.20103092783505155 0.08867924528301886 0.05154639175257732 0.016981132075471698
0 0.20876288659793815 0.04481132075471698 0.05670103092783505 0.017924528301886792
0 0.31443298969072164 0.03490566037735849 0.04639175257731959 0.020754716981132074