0 0.8297872340425532 0.9267485822306238 0.05319148936170213 0.014177693761814745
0 0.7007978723404256 0.9291115311909263 0.06648936170212766 0.020793950850661626
0 0.6582446808510638 0.8865784499054821 0.061170212765957445 0.022684310018903593
0 0.8045212765957447 0.8761814744801513 0.05585106382978723 0.017013232514177693
0 0.6449468085106382 0.8440453686200379 0.061170212765957445 0.022684310018903593
0 0.7553191489361702 0.8312854442344045 0.06914893617021277 0.019848771266540645
0 0.6183510638297872 0.8029300567107751 0.06648936170212766 0.021739130434782608
0 0.7446808510638298 0.7920604914933838 0.06382978723404255 0.022684310018903593
0 0.5797872340425532 0.7485822306238186 0.05851063829787234 0.015122873345935728
0 0.7034574468085106 0.751890359168242 0.061170212765957445 0.01606805293005671
0 0.5465425531914894 0.6999054820415879 0.06648936170212766 0.017958412098298678
0 0.6609042553191489 0.698960302457467 0.07180851063829786 0.023629489603024575
0 0.523936170212766 0.6479206049149339 0.05851063829787234 0.021739130434782608
0 0.6210106382978723 0.6479206049149339 0.05585106382978723 0.017958412098298678
0 0.6023936170212766 0.5968809073724007 0.05585106382978723 0.017958412098298678
0 0.5026595744680851 0.583648393194707 0.06914893617021277 0.017958412098298678
0 0.5718085106382979 0.5571833648393195 0.06382978723404255 0.021739130434782608
0 0.4640957446808511 0.5236294896030246 0.061170212765957445 0.017013232514177693
0 0.5372340425531915 0.5212665406427222 0.05851063829787234 0.023629489603024575
0 0.42420212765957444 0.4815689981096408 0.05585106382978723 0.019848771266540645
0 0.5132978723404256 0.46408317580340264 0.0797872340425532 0.022684310018903593
0 0.48936170212765956 0.42344045368620037 0.07446808510638298 0.01890359168241966
0 0.37898936170212766 0.41871455576559546 0.061170212765957445 0.020793950850661626
0 0.375 0.3714555765595463 0.06382978723404255 0.01890359168241966
0 0.4601063829787234 0.38185255198487716 0.07446808510638298 0.015122873345935728
0 0.44148936170212766 0.34168241965973534 0.07446808510638298 0.02551984877126654
0 0.3404255319148936 0.31521739130434784 0.06382978723404255 0.023629489603024575
0 0.41223404255319146 0.30198487712665406 0.06382978723404255 0.021739130434782608
0 0.39095744680851063 0.25330812854442347 0.06382978723404255 0.017013232514177693
0 0.3058510638297872 0.25897920604914937 0.06382978723404255 0.013232514177693762
0 0.2726063829787234 0.20652173913043478 0.061170212765957445 0.01606805293005671
0 0.4015957446808511 0.21361058601134217 0.05319148936170213 0.022684310018903593
0 0.3523936170212766 0.16824196597353497 0.08244680851063829 0.022684310018903593
0 0.23138297872340424 0.16020793950850662 0.05319148936170213 0.01606805293005671
0 0.32978723404255317 0.13752362948960303 0.06382978723404255 0.017958412098298678
0 0.19414893617021275 0.11011342155009451 0.06914893617021277 0.017958412098298678
0 0.2925531914893617 0.0949905482041588 0.07446808510638298 0.017958412098298678
0 0.18484042553191488 0.07466918714555766 0.05585106382978723 0.01890359168241966
0 0.29388297872340424 0.06049149338374291 0.05585106382978723 0.020793950850661626
0 0.2553191489361702 0.03213610586011342 0.06382978723404255 0.022684310018903593