0 0.23478260869565218 0.06395995550611791 0.11014492753623188 0.03670745272525028
0 0.363768115942029 0.06896551724137931 0.0782608695652174 0.03781979977753059
0 0.26666666666666666 0.10734149054505006 0.09855072463768116 0.030033370411568408
0 0.38115942028985506 0.13681868743047831 0.10144927536231885 0.05561735261401557
0 0.29130434782608694 0.14349276974416017 0.07246376811594203 0.03337041156840934
0 0.3130434782608696 0.1946607341490545 0.08695652173913043 0.026696329254727473
0 0.4072463768115942 0.20133481646273638 0.07246376811594203 0.028921023359288096
0 0.32753623188405795 0.228587319243604 0.08115942028985507 0.02335928809788654
0 0.4318840579710145 0.24527252502780866 0.07536231884057971 0.025583982202447165
0 0.3333333333333333 0.27308120133481645 0.06956521739130435 0.021134593993325918
0 0.45507246376811594 0.2942157953281424 0.07536231884057971 0.02335928809788654
0 0.3739130434782609 0.3081201334816463 0.07536231884057971 0.026696329254727473
0 0.3869565217391304 0.3470522803114572 0.08405797101449275 0.04004449388209121
0 0.47101449275362317 0.3364849833147942 0.0782608695652174 0.02335928809788654
0 0.5101449275362319 0.37764182424916576 0.06956521739130435 0.027808676307007785
0 0.41304347826086957 0.3971078976640712 0.06086956521739131 0.026696329254727473
0 0.5260869565217391 0.41434927697441604 0.08405797101449275 0.030033370411568408
0 0.4072463768115942 0.43437152391546163 0.08405797101449275 0.025583982202447165
0 0.5391304347826087 0.4510567296996663 0.057971014492753624 0.027808676307007785
0 0.45507246376811594 0.47274749721913234 0.09855072463768116 0.035595105672969966
0 0.5434782608695652 0.5116796440489433 0.08405797101449275 0.03337041156840934
0 0.4652173913043478 0.5155728587319244 0.05507246376811594 0.012235817575083427
0 0.5710144927536231 0.5539488320355951 0.06956521739130435 0.024471635150166853
0 0.5014492753623189 0.5667408231368187 0.06956521739130435 0.034482758620689655
0 0.48405797101449277 0.6040044493882091 0.09855072463768116 0.035595105672969966
0 0.5869565217391305 0.6090100111234705 0.07246376811594203 0.025583982202447165
0 0.6217391304347826 0.6401557285873193 0.08405797101449275 0.025583982202447165
0 0.48695652173913045 0.6529477196885428 0.06376811594202898 0.026696329254727473
0 0.6434782608695653 0.67853170189099 0.12753623188405797 0.026696329254727473
0 0.5 0.6879866518353727 0.10144927536231885 0.027808676307007785
0 0.6594202898550725 0.728587319243604 0.08985507246376812 0.04671857619577308
0 0.5463768115942029 0.7258064516129032 0.08985507246376812 0.030033370411568408
0 0.5739130434782609 0.7703003337041157 0.08115942028985507 0.034482758620689655
0 0.6797101449275362 0.7764182424916574 0.07246376811594203 0.026696329254727473
0 0.7144927536231884 0.8259176863181312 0.05507246376811594 0.02335928809788654
0 0.591304347826087 0.8209121245828699 0.08695652173913043 0.026696329254727473
0 0.7347826086956522 0.864293659621802 0.06086956521739131 0.028921023359288096
0 0.5942028985507246 0.8687430478309233 0.08695652173913043 0.028921023359288096
0 0.6318840579710145 0.9204671857619577 0.0927536231884058 0.034482758620689655
0 0.7579710144927536 0.9171301446051168 0.10144927536231885 0.030033370411568408
0 0.7666666666666667 0.957174638487208 0.05507246376811594 0.025583982202447165