0 0.32935560859188545 0.933930093776641 0.01909307875894988 0.017902813299232736
0 0.29653937947494036 0.9462915601023018 0.027446300715990454 0.015345268542199489
0 0.3204057279236277 0.8947144075021313 0.01551312649164678 0.01278772378516624
0 0.308472553699284 0.8584825234441603 0.017899761336515514 0.01875532821824382
0 0.2690930787589499 0.8533674339300937 0.025059665871121718 0.011935208866155157
0 0.2983293556085919 0.8307757885763001 0.026252983293556086 0.021312872975277068
0 0.2583532219570406 0.8192668371696504 0.027446300715990454 0.017050298380221655
0 0.25477326968973746 0.7855924978687127 0.025059665871121718 0.01278772378516624
0 0.2428400954653938 0.7536231884057971 0.027446300715990454 0.015345268542199489
0 0.26789976133651555 0.7348678601875532 0.025059665871121718 0.015345268542199489
0 0.22315035799522673 0.7122762148337596 0.01909307875894988 0.01278772378516624
0 0.25715990453460624 0.6994884910485933 0.02028639618138425 0.014492753623188406
0 0.21599045346062054 0.6820119352088662 0.01909307875894988 0.010230179028132991
0 0.24821002386634847 0.6705029838022165 0.021479713603818618 0.011082693947144074
0 0.21181384248210025 0.6419437340153452 0.01551312649164678 0.010230179028132991
0 0.23508353221957043 0.6074168797953964 0.023866348448687354 0.01278772378516624
0 0.1957040572792363 0.6035805626598465 0.026252983293556086 0.017050298380221655
0 0.17601431980906923 0.5677749360613811 0.02983293556085919 0.013640238704177323
0 0.22374701670644392 0.5686274509803921 0.027446300715990454 0.013640238704177323
0 0.21300715990453462 0.5426257459505541 0.027446300715990454 0.01619778346121057
0 0.16706443914081145 0.53154305200341 0.01909307875894988 0.011082693947144074
0 0.21241050119331742 0.5068201193520887 0.021479713603818618 0.01619778346121057
0 0.20047732696897375 0.4744245524296675 0.01909307875894988 0.011082693947144074
0 0.1467780429594272 0.4578005115089514 0.023866348448687354 0.013640238704177323
0 0.19093078758949883 0.4420289855072464 0.021479713603818618 0.0196078431372549
0 0.14140811455847255 0.42455242966751916 0.02983293556085919 0.01875532821824382
0 0.17899761336515513 0.40451832907075874 0.01909307875894988 0.017902813299232736
0 0.16766109785202865 0.37468030690537085 0.022673031026252986 0.0196078431372549
0 0.15692124105011934 0.34484228473998296 0.017899761336515514 0.01619778346121057
0 0.1032219570405728 0.3256606990622336 0.02028639618138425 0.015345268542199489
0 0.1545346062052506 0.3167092924126172 0.022673031026252986 0.01278772378516624
0 0.10381861575178998 0.2949701619778346 0.028639618138424822 0.01875532821824382
0 0.14021479713603818 0.2830349531116795 0.017899761336515514 0.015345268542199489
0 0.1360381861575179 0.24893435635123615 0.014319809069212411 0.01875532821824382
0 0.07935560859188545 0.216538789428815 0.022673031026252986 0.017050298380221655
0 0.07279236276849642 0.1837169650468883 0.023866348448687354 0.014492753623188406
0 0.10799522673031027 0.1837169650468883 0.02028639618138425 0.014492753623188406
0 0.25059665871121717 0.12190963341858482 0.01909307875894988 0.0068201193520886615
0 0.3031026252983294 0.0959079283887468 0.026252983293556086 0.011082693947144074
0 0.29952267303102625 0.14194373401534527 0.023866348448687354 0.014492753623188406
0 0.2684964200477327 0.159846547314578 0.028639618138424822 0.011082693947144074
0 0.318019093078759 0.1867007672634271 0.02028639618138425 0.017050298380221655
0 0.2810262529832936 0.22549019607843138 0.025059665871121718 0.014492753623188406
0 0.2971360381861575 0.2553282182438193 0.028639618138424822 0.014492753623188406
0 0.34844868735083534 0.3009377664109122 0.01909307875894988 0.013640238704177323
0 0.3168257756563246 0.3209718670076726 0.022673031026252986 0.014492753623188406
0 0.35918854415274465 0.3320545609548167 0.021479713603818618 0.01619778346121057
0 0.3192124105011933 0.35805626598465473 0.022673031026252986 0.013640238704177323
0 0.37708830548926014 0.3618925831202046 0.01909307875894988 0.014492753623188406
0 0.3287589498806683 0.3878942881500426 0.027446300715990454 0.013640238704177323
0 0.3735083532219571 0.39258312020460356 0.01909307875894988 0.011082693947144074
0 0.34069212410501193 0.4215686274509804 0.02028639618138425 0.011082693947144074
0 0.38126491646778043 0.42838874680306904 0.02983293556085919 0.0196078431372549
0 0.3418854415274463 0.4518329070758738 0.02028639618138425 0.011935208866155157
0 0.3943914081145585 0.4650468883205456 0.02983293556085919 0.01619778346121057
0 0.4164677804295943 0.5426257459505541 0.021479713603818618 0.017902813299232736
0 0.3872315035799523 0.5643648763853367 0.02028639618138425 0.017050298380221655
0 0.42840095465393796 0.577152600170503 0.01909307875894988 0.015345268542199489
0 0.3937947494033413 0.597612958226769 0.023866348448687354 0.013640238704177323
0 0.4421241050119332 0.6121057118499573 0.017899761336515514 0.008525149190110827
0 0.44331742243436756 0.644075021312873 0.025059665871121718 0.017902813299232736
0 0.4194510739856802 0.6743393009377664 0.022673031026252986 0.011935208866155157
0 0.45942720763723155 0.6807331628303496 0.01909307875894988 0.01278772378516624
0 0.4307875894988067 0.710997442455243 0.021479713603818618 0.01875532821824382
0 0.46658711217183774 0.7169650468883205 0.023866348448687354 0.017050298380221655
0 0.4385441527446301 0.7404092071611253 0.022673031026252986 0.017902813299232736
0 0.47613365155131265 0.7502131287297528 0.023866348448687354 0.015345268542199489
0 0.5035799522673031 0.8213981244671782 0.023866348448687354 0.01278772378516624
0 0.46658711217183774 0.8371696504688833 0.021479713603818618 0.01875532821824382
0 0.46957040572792363 0.8691389599317988 0.022673031026252986 0.014492753623188406
0 0.5262529832935561 0.8721227621483376 0.021479713603818618 0.020460358056265983
0 0.4821002386634845 0.8998294970161977 0.021479713603818618 0.017902813299232736
0 0.5304295942720764 0.9049445865302643 0.027446300715990454 0.01619778346121057
0 0.7082338902147972 0.8584825234441603 0.022673031026252986 0.01875532821824382
0 0.6706443914081146 0.8508098891730606 0.014319809069212411 0.010230179028132991
0 0.66527446300716 0.8154305200341005 0.02983293556085919 0.017902813299232736
0 0.6992840095465395 0.815004262574595 0.01909307875894988 0.015345268542199489
0 0.6921241050119332 0.7838874680306905 0.023866348448687354 0.01278772378516624
0 0.6575178997613366 0.7791986359761296 0.023866348448687354 0.015345268542199489
0 0.6455847255369929 0.7519181585677749 0.021479713603818618 0.013640238704177323
0 0.6831742243436755 0.7536231884057971 0.025059665871121718 0.010230179028132991
0 0.6342482100238663 0.7203751065643649 0.02983293556085919 0.01875532821824382
0 0.6700477326968974 0.717391304347826 0.027446300715990454 0.017902813299232736
0 0.616945107398568 0.6871270247229326 0.021479713603818618 0.011935208866155157
0 0.662291169451074 0.6798806479113384 0.021479713603818618 0.0196078431372549
0 0.6211217183770883 0.6611253196930946 0.02028639618138425 0.01619778346121057
0 0.6121718377088305 0.6295822676896846 0.023866348448687354 0.011082693947144074
0 0.6402147971360382 0.6184995737425405 0.017899761336515514 0.017902813299232736
0 0.5924821002386635 0.592071611253197 0.022673031026252986 0.01278772378516624
0 0.5853221957040573 0.5592497868712702 0.02028639618138425 0.015345268542199489
0 0.6050119331742244 0.5021312872975277 0.023866348448687354 0.015345268542199489
0 0.568019093078759 0.4906223358908781 0.023866348448687354 0.014492753623188406
0 0.5584725536992841 0.453537936913896 0.026252983293556086 0.01875532821824382
0 0.5847255369928401 0.43265132139812446 0.023866348448687354 0.01619778346121057
0 0.5542959427207638 0.4194373401534527 0.02028639618138425 0.013640238704177323
0 0.5393794749403341 0.3887468030690537 0.026252983293556086 0.017050298380221655
0 0.5626491646778043 0.36061381074168797 0.02028639618138425 0.017050298380221655
0 0.5608591885441527 0.32438192668371696 0.023866348448687354 0.011082693947144074
0 0.5184964200477328 0.32011935208866155 0.025059665871121718 0.01278772378516624
0 0.5489260143198091 0.2885763000852515 0.026252983293556086 0.01278772378516624
0 0.5113365155131265 0.2864450127877238 0.02028639618138425 0.013640238704177323
0 0.4946300715990454 0.25191815856777494 0.025059665871121718 0.01619778346121057
0 0.5381861575178998 0.2536231884057971 0.026252983293556086 0.021312872975277068
0 0.49642004773269693 0.2216538789428815 0.01909307875894988 0.013640238704177323
0 0.5238663484486874 0.2246376811594203 0.016706443914081145 0.00937766410912191
0 0.5149164677804297 0.18797953964194372 0.022673031026252986 0.017902813299232736
0 0.4785202863961814 0.18499573742540495 0.021479713603818618 0.013640238704177323
0 0.5119331742243437 0.1504688832054561 0.023866348448687354 0.01278772378516624
0 0.45823389021479716 0.11423699914748509 0.023866348448687354 0.013640238704177323
0 0.662291169451074 0.09335038363171355 0.023866348448687354 0.014492753623188406
0 0.4492840095465394 0.0763000852514919 0.010739856801909309 0.00937766410912191
0 0.6348448687350836 0.03410059676044331 0.01909307875894988 0.013640238704177323
0 0.6891408114558473 0.07672634271099744 0.01551312649164678 0.013640238704177323
0 0.6921241050119332 0.10443307757885763 0.023866348448687354 0.017902813299232736
0 0.6676610978520287 0.12702472293265132 0.02028639618138425 0.011935208866155157
0 0.6957040572792363 0.13895993179880647 0.021479713603818618 0.015345268542199489
0 0.6736276849642006 0.1534526854219949 0.022673031026252986 0.011935208866155157
0 0.6825775656324583 0.17647058823529413 0.01909307875894988 0.010230179028132991
0 0.7136038186157518 0.17817561807331628 0.01909307875894988 0.013640238704177323
0 0.6927207637231504 0.20886615515771526 0.025059665871121718 0.015345268542199489
0 0.727326968973747 0.20801364023870417 0.027446300715990454 0.013640238704177323
0 0.701073985680191 0.23529411764705882 0.027446300715990454 0.015345268542199489
0 0.7326968973747017 0.24296675191815856 0.023866348448687354 0.01875532821824382
0 0.717183770883055 0.2932651321398124 0.021479713603818618 0.013640238704177323
0 0.7482100238663485 0.27578857630008524 0.023866348448687354 0.01619778346121057
0 0.7565632458233891 0.31202046035805625 0.021479713603818618 0.015345268542199489
0 0.7583532219570406 0.3452685421994885 0.017899761336515514 0.020460358056265983
0 0.7297136038186158 0.3627450980392157 0.0369928400954654 0.01278772378516624
0 0.7673031026252983 0.3832054560954817 0.023866348448687354 0.014492753623188406
0 0.7326968973747017 0.3998294970161978 0.026252983293556086 0.015345268542199489
0 0.7798329355608592 0.4164535379369139 0.022673031026252986 0.014492753623188406
0 0.7476133651551313 0.4300937766410912 0.025059665871121718 0.014492753623188406
0 0.7846062052505967 0.4458653026427962 0.022673031026252986 0.017050298380221655
0 0.7702863961813843 0.4914748508098892 0.022673031026252986 0.017902813299232736
0 0.8060859188544153 0.5093776641091219 0.022673031026252986 0.01278772378516624
0 0.7756563245823389 0.5166240409207161 0.026252983293556086 0.015345268542199489
0 0.8198090692124106 0.5404944586530265 0.023866348448687354 0.020460358056265983
0 0.7846062052505967 0.5571184995737425 0.02028639618138425 0.01278772378516624
0 0.8162291169451075 0.5763000852514919 0.026252983293556086 0.017050298380221655
0 0.8335322195704058 0.6138107416879796 0.025059665871121718 0.015345268542199489
0 0.8054892601431981 0.6491901108269394 0.026252983293556086 0.0196078431372549
0 0.8162291169451075 0.6790281329923273 0.021479713603818618 0.01619778346121057
0 0.85381861575179 0.6786018755328218 0.02983293556085919 0.015345268542199489
0 0.8192124105011933 0.7080136402387042 0.022673031026252986 0.011082693947144074
0 0.8687350835322196 0.7127024722932651 0.021479713603818618 0.01875532821824382
0 0.8770883054892602 0.7408354646206309 0.023866348448687354 0.011935208866155157
0 0.8424821002386635 0.7800511508951407 0.023866348448687354 0.015345268542199489
0 0.8812649164677805 0.7728047740835464 0.02983293556085919 0.01619778346121057
0 0.8514319809069213 0.8158567774936062 0.02028639618138425 0.015345268542199489
0 0.8967780429594272 0.8034953111679455 0.022673031026252986 0.01619778346121057