0 0.2919753086419753 0.9548167092924126 0.025925925925925925 0.01875532821824382
0 0.32839506172839505 0.9454390451832907 0.024691358024691357 0.015345268542199489
0 0.3154320987654321 0.9173060528559249 0.023456790123456788 0.01875532821824382
0 0.31419753086419755 0.8917306052855924 0.018518518518518517 0.015345268542199489
0 0.2728395061728395 0.8981244671781756 0.02962962962962963 0.01619778346121057
0 0.2598765432098765 0.8716965046888321 0.030864197530864196 0.0196078431372549
0 0.29074074074074074 0.8380221653878943 0.020987654320987655 0.015345268542199489
0 0.25555555555555554 0.8358908780903666 0.02962962962962963 0.01619778346121057
0 0.25555555555555554 0.815004262574595 0.02962962962962963 0.01875532821824382
0 0.295679012345679 0.8120204603580563 0.025925925925925925 0.017902813299232736
0 0.24567901234567902 0.7894288150042625 0.024691358024691357 0.013640238704177323
0 0.27839506172839507 0.7800511508951407 0.023456790123456788 0.01875532821824382
0 0.23580246913580247 0.7600170502983802 0.02962962962962963 0.021312872975277068
0 0.23271604938271603 0.7327365728900256 0.025925925925925925 0.017902813299232736
0 0.25925925925925924 0.731457800511509 0.019753086419753086 0.015345268542199489
0 0.25864197530864197 0.6982097186700768 0.023456790123456788 0.015345268542199489
0 0.2234567901234568 0.7033248081841432 0.024691358024691357 0.01875532821824382
0 0.2185185185185185 0.6743393009377664 0.027160493827160494 0.01875532821824382
0 0.24876543209876542 0.6747655583972719 0.020987654320987655 0.014492753623188406
0 0.2037037037037037 0.6453537936913896 0.02962962962962963 0.01875532821824382
0 0.23271604938271603 0.618073316283035 0.023456790123456788 0.015345268542199489
0 0.2006172839506173 0.6150895140664961 0.028395061728395062 0.01619778346121057
0 0.18950617283950616 0.5882352941176471 0.023456790123456788 0.015345268542199489
0 0.23209876543209876 0.5856777493606138 0.024691358024691357 0.017050298380221655
0 0.21419753086419752 0.5532821824381927 0.023456790123456788 0.015345268542199489
0 0.18148148148148147 0.5562659846547314 0.02962962962962963 0.0196078431372549
0 0.17716049382716048 0.5242966751918159 0.025925925925925925 0.015345268542199489
0 0.21419753086419752 0.5255754475703325 0.020987654320987655 0.011082693947144074
0 0.16790123456790124 0.4914748508098892 0.027160493827160494 0.0196078431372549
0 0.204320987654321 0.48891730605285594 0.023456790123456788 0.01278772378516624
0 0.15617283950617283 0.4629156010230179 0.030864197530864196 0.020460358056265983
0 0.1962962962962963 0.4578005115089514 0.014814814814814815 0.013640238704177323
0 0.14320987654320988 0.4309462915601023 0.02962962962962963 0.011082693947144074
0 0.13333333333333333 0.3972719522591645 0.027160493827160494 0.020460358056265983
0 0.10864197530864197 0.2928388746803069 0.027160493827160494 0.017902813299232736
0 0.14876543209876542 0.29965899403239554 0.016049382716049384 0.014492753623188406
0 0.14135802469135803 0.2625745950554135 0.020987654320987655 0.013640238704177323
0 0.10061728395061728 0.25788576300085253 0.025925925925925925 0.0196078431372549
0 0.1259259259259259 0.22335890878090367 0.03209876543209877 0.013640238704177323
0 0.07962962962962963 0.2208013640238704 0.028395061728395062 0.015345268542199489
0 0.06481481481481481 0.14876385336743392 0.023456790123456788 0.0196078431372549
0 0.24691358024691357 0.12020460358056266 0.022222222222222223 0.017050298380221655
0 0.28703703703703703 0.11508951406649616 0.023456790123456788 0.013640238704177323
0 0.2611111111111111 0.15004262574595056 0.016049382716049384 0.015345268542199489
0 0.2679012345679012 0.18286445012787725 0.03209876543209877 0.0196078431372549
0 0.3197530864197531 0.1990622335890878 0.024691358024691357 0.011082693947144074
0 0.2876543209876543 0.2216538789428815 0.024691358024691357 0.015345268542199489
0 0.29876543209876544 0.25404944586530265 0.027160493827160494 0.017050298380221655
0 0.3080246913580247 0.2855924978687127 0.023456790123456788 0.011935208866155157
0 0.30925925925925923 0.319693094629156 0.025925925925925925 0.015345268542199489
0 0.3475308641975309 0.3205456095481671 0.018518518518518517 0.010230179028132991
0 0.3234567901234568 0.3533674339300938 0.02962962962962963 0.01278772378516624
0 0.35617283950617284 0.34612105711849955 0.020987654320987655 0.011935208866155157
0 0.33209876543209876 0.3878942881500426 0.02962962962962963 0.015345268542199489
0 0.37407407407407406 0.3998294970161978 0.03209876543209877 0.017050298380221655
0 0.3388888888888889 0.42028985507246375 0.025925925925925925 0.011935208866155157
0 0.34259259259259256 0.4514066496163683 0.025925925925925925 0.014492753623188406
0 0.3617283950617284 0.4961636828644501 0.02962962962962963 0.01875532821824382
0 0.3709876543209876 0.5277067348678602 0.020987654320987655 0.017050298380221655
0 0.3790123456790123 0.5583972719522592 0.02962962962962963 0.017050298380221655
0 0.3888888888888889 0.5912190963341859 0.027160493827160494 0.017902813299232736
0 0.39814814814814814 0.6295822676896846 0.028395061728395062 0.01619778346121057
0 0.40802469135802466 0.6619778346121057 0.025925925925925925 0.014492753623188406
0 0.4191358024691358 0.6922421142369991 0.025925925925925925 0.017050298380221655
0 0.42530864197530865 0.7578857630008525 0.023456790123456788 0.015345268542199489
0 0.4574074074074074 0.8576300085251491 0.028395061728395062 0.015345268542199489
0 0.46172839506172836 0.8840579710144928 0.024691358024691357 0.013640238704177323
0 0.6574074074074074 0.8772378516624041 0.028395061728395062 0.017050298380221655
0 0.7055555555555555 0.8734015345268542 0.018518518518518517 0.01619778346121057
0 0.7 0.8405797101449275 0.022222222222222223 0.013640238704177323
0 0.6475308641975308 0.8222506393861893 0.025925925925925925 0.01619778346121057
0 0.6845679012345679 0.7953964194373402 0.025925925925925925 0.013640238704177323
0 0.6246913580246913 0.7540494458653026 0.019753086419753086 0.0076726342710997444
0 0.6598765432098765 0.7242114236999148 0.023456790123456788 0.017902813299232736
0 0.6259259259259259 0.7178175618073316 0.024691358024691357 0.015345268542199489
0 0.6537037037037037 0.6722080136402387 0.020987654320987655 0.0247229326513214
0 0.6104938271604938 0.6585677749360613 0.023456790123456788 0.01278772378516624
0 0.6376543209876543 0.6329923273657289 0.018518518518518517 0.01619778346121057
0 0.5938271604938271 0.6210571184995738 0.024691358024691357 0.01278772378516624
0 0.6333333333333333 0.5993179880647911 0.022222222222222223 0.017050298380221655
0 0.5839506172839506 0.5980392156862745 0.019753086419753086 0.01619778346121057
0 0.578395061728395 0.5686274509803921 0.013580246913580247 0.011935208866155157
0 0.6166666666666667 0.5579710144927537 0.023456790123456788 0.017902813299232736
0 0.567283950617284 0.53154305200341 0.025925925925925925 0.014492753623188406
0 0.5969135802469135 0.49957374254049447 0.028395061728395062 0.01875532821824382
0 0.5444444444444444 0.47485080988917305 0.027160493827160494 0.015345268542199489
0 0.5882716049382716 0.4714407502131287 0.023456790123456788 0.017050298380221655
0 0.5740740740740741 0.43307757885763 0.027160493827160494 0.01875532821824382
0 0.5351851851851852 0.417306052855925 0.028395061728395062 0.01619778346121057
0 0.567283950617284 0.40238704177323104 0.023456790123456788 0.015345268542199489
0 0.5234567901234568 0.38491048593350385 0.02962962962962963 0.0196078431372549
0 0.5604938271604938 0.3567774936061381 0.024691358024691357 0.017902813299232736
0 0.5074074074074074 0.34995737425404944 0.019753086419753086 0.014492753623188406
0 0.49876543209876545 0.3213981244671782 0.024691358024691357 0.011935208866155157
0 0.5358024691358024 0.3137254901960784 0.024691358024691357 0.013640238704177323
0 0.4919753086419753 0.28815004262574595 0.023456790123456788 0.010230179028132991
0 0.5382716049382716 0.28175618073316283 0.02962962962962963 0.01278772378516624
0 0.5253086419753086 0.24168797953964194 0.025925925925925925 0.0196078431372549
0 0.47469135802469137 0.22122762148337596 0.023456790123456788 0.01619778346121057
0 0.5117283950617284 0.21312872975277067 0.018518518518518517 0.017050298380221655
0 0.508641975308642 0.18286445012787725 0.019753086419753086 0.017902813299232736
0 0.4666666666666667 0.1845694799658994 0.022222222222222223 0.0196078431372549
0 0.49753086419753084 0.1547314578005115 0.024691358024691357 0.017902813299232736
0 0.4487654320987654 0.149616368286445 0.023456790123456788 0.014492753623188406
0 0.48950617283950615 0.12745098039215685 0.028395061728395062 0.0196078431372549
0 0.48148148148148145 0.10315430520034101 0.024691358024691357 0.015345268542199489
0 0.42530864197530865 0.08482523444160273 0.023456790123456788 0.01278772378516624
0 0.48209876543209873 0.07289002557544758 0.023456790123456788 0.014492753623188406
0 0.6345679012345679 0.04305200341005968 0.03209876543209877 0.01619778346121057
0 0.645679012345679 0.07075873827791987 0.024691358024691357 0.015345268542199489
0 0.6777777777777778 0.06479113384484228 0.01728395061728395 0.017050298380221655
0 0.6796296296296296 0.20460358056265984 0.030864197530864196 0.015345268542199489
0 0.7018518518518518 0.2659846547314578 0.028395061728395062 0.01875532821824382
0 0.7117283950617284 0.3103154305200341 0.028395061728395062 0.017050298380221655
0 0.7265432098765432 0.340153452685422 0.023456790123456788 0.015345268542199489
0 0.7438271604938271 0.4117647058823529 0.020987654320987655 0.017050298380221655
0 0.7919753086419753 0.41304347826086957 0.025925925925925925 0.01278772378516624
0 0.7518518518518519 0.4411764705882353 0.02962962962962963 0.017902813299232736
0 0.8043209876543209 0.44501278772378516 0.020987654320987655 0.020460358056265983
0 0.7574074074074074 0.47698209718670076 0.028395061728395062 0.017902813299232736
0 0.8049382716049382 0.4799658994032396 0.019753086419753086 0.017050298380221655
0 0.7746913580246914 0.5042625745950554 0.020987654320987655 0.01278772378516624
0 0.7790123456790123 0.5400682011935208 0.022222222222222223 0.014492753623188406
0 0.7833333333333333 0.5758738277919864 0.025925925925925925 0.01619778346121057
0 0.7981481481481482 0.6001705029838023 0.028395061728395062 0.01875532821824382
0 0.8080246913580247 0.6300085251491901 0.025925925925925925 0.015345268542199489
0 0.817283950617284 0.6717817561807332 0.027160493827160494 0.01875532821824382
0 0.8419753086419753 0.742540494458653 0.03209876543209877 0.01875532821824382
0 0.8524691358024691 0.7787723785166241 0.025925925925925925 0.01619778346121057
0 0.8635802469135803 0.8184143222506394 0.023456790123456788 0.015345268542199489
0 0.8691358024691358 0.8542199488491049 0.03950617283950617 0.017050298380221655