0 0.24538745387453872 0.09097421203438395 0.1143911439114391 0.03868194842406877
0 0.44649446494464945 0.11819484240687679 0.1033210332103321 0.024355300859598854
0 0.27121771217712176 0.14828080229226362 0.07749077490774907 0.0329512893982808
0 0.488929889298893 0.17335243553008595 0.07749077490774907 0.022922636103151862
0 0.49815498154981547 0.21275071633237821 0.11808118081180811 0.04154727793696275
0 0.3191881918819188 0.20487106017191978 0.1070110701107011 0.045845272206303724
0 0.35239852398523985 0.2614613180515759 0.0996309963099631 0.055873925501432664
0 0.5202952029520295 0.27363896848137537 0.11808118081180811 0.034383954154727794
0 0.3726937269372694 0.32951289398280803 0.1033210332103321 0.05157593123209169
0 0.533210332103321 0.33810888252148996 0.07749077490774907 0.028653295128939826
0 0.3985239852398524 0.3961318051575931 0.12546125461254612 0.03581661891117478
0 0.5608856088560885 0.38825214899713467 0.09594095940959409 0.03724928366762178
0 0.5738007380073801 0.4455587392550143 0.0996309963099631 0.04297994269340974
0 0.6346863468634686 0.48782234957020054 0.05166051660516605 0.02148997134670487
0 0.4409594095940959 0.4670487106017192 0.1070110701107011 0.040114613180515755
0 0.45940959409594095 0.5358166189111747 0.1070110701107011 0.03724928366762178
0 0.6439114391143911 0.5408309455587392 0.12915129151291513 0.03868194842406877
0 0.5 0.583810888252149 0.0996309963099631 0.03581661891117478
0 0.6402214022140221 0.5902578796561604 0.13653136531365312 0.040114613180515755
0 0.496309963099631 0.646131805157593 0.1143911439114391 0.04871060171919771
0 0.5313653136531366 0.6912607449856734 0.11808118081180811 0.04154727793696275
0 0.6826568265682657 0.6425501432664756 0.05904059040590406 0.03581661891117478
0 0.7121771217712177 0.6926934097421203 0.08118081180811808 0.044412607449856735
0 0.570110701107011 0.7521489971346704 0.1070110701107011 0.040114613180515755
0 0.7140221402214022 0.7478510028653295 0.09225092250922509 0.04871060171919771
0 0.7656826568265682 0.8001432664756447 0.09225092250922509 0.03868194842406877
0 0.61070110701107 0.832378223495702 0.1143911439114391 0.04297994269340974
0 0.7785977859778598 0.8624641833810888 0.11070110701107011 0.03151862464183381
0 0.6199261992619925 0.8832378223495702 0.12546125461254612 0.04154727793696275
0 0.7933579335793358 0.9097421203438395 0.13284132841328414 0.045845272206303724
0 0.6568265682656826 0.9591690544412607 0.1033210332103321 0.03868194842406877