0 0.343607305936073 0.93938127090301 0.02054794520547945 0.01588628762541806
0 0.2985159817351598 0.93938127090301 0.021689497716894976 0.014214046822742474
0 0.2808219178082192 0.8996655518394648 0.0273972602739726 0.015050167224080268
0 0.33105022831050224 0.8946488294314381 0.0228310502283105 0.020066889632107024
0 0.2791095890410959 0.8770903010033445 0.026255707762557076 0.018394648829431436
0 0.319634703196347 0.8666387959866221 0.0228310502283105 0.014214046822742474
0 0.26712328767123283 0.8444816053511706 0.03424657534246575 0.015050167224080268
0 0.30536529680365293 0.8285953177257525 0.028538812785388126 0.018394648829431436
0 0.2608447488584475 0.8219063545150501 0.021689497716894976 0.021739130434782608
0 0.3002283105022831 0.7938963210702341 0.0273972602739726 0.014214046822742474
0 0.24885844748858446 0.7846989966555183 0.0319634703196347 0.01254180602006689
0 0.2888127853881278 0.7663043478260869 0.02968036529680365 0.01254180602006689
0 0.24429223744292236 0.757943143812709 0.02968036529680365 0.017558528428093644
0 0.2865296803652968 0.7336956521739131 0.02968036529680365 0.017558528428093644
0 0.2317351598173516 0.7190635451505016 0.0228310502283105 0.018394648829431436
0 0.2791095890410959 0.7044314381270903 0.019406392694063926 0.01588628762541806
0 0.22602739726027396 0.6923076923076923 0.0182648401826484 0.013377926421404682
0 0.271689497716895 0.6793478260869565 0.01598173515981735 0.014214046822742474
0 0.21689497716894976 0.6542642140468228 0.02511415525114155 0.01588628762541806
0 0.2071917808219178 0.6279264214046822 0.023972602739726026 0.020066889632107024
0 0.204337899543379 0.5957357859531772 0.0273972602739726 0.017558528428093644
0 0.24486301369863012 0.5861204013377926 0.026255707762557076 0.016722408026755852
0 0.23687214611872145 0.5551839464882943 0.021689497716894976 0.011705685618729096
0 0.182648401826484 0.5330267558528428 0.02511415525114155 0.020903010033444816
0 0.228310502283105 0.520066889632107 0.02054794520547945 0.016722408026755852
0 0.16952054794520546 0.5004180602006689 0.010273972602739725 0.009197324414715718
0 0.16666666666666666 0.4653010033444816 0.0273972602739726 0.020903010033444816
0 0.2054794520547945 0.4260033444816053 0.02511415525114155 0.014214046822742474
0 0.1461187214611872 0.4013377926421405 0.03424657534246575 0.016722408026755852
0 0.19691780821917806 0.39548494983277593 0.012557077625570776 0.013377926421404682
0 0.14726027397260272 0.37918060200668896 0.01598173515981735 0.007525083612040134
0 0.19121004566210045 0.3704013377926421 0.017123287671232876 0.011705685618729096
0 0.13926940639269406 0.3419732441471572 0.0228310502283105 0.013377926421404682
0 0.18378995433789952 0.338628762541806 0.01141552511415525 0.006688963210702341
0 0.12842465753424656 0.3110367892976589 0.019406392694063926 0.018394648829431436
0 0.12271689497716895 0.2801003344481605 0.030821917808219176 0.023411371237458192
0 0.1626712328767123 0.25376254180602004 0.019406392694063926 0.009197324414715718
0 0.10273972602739725 0.24832775919732442 0.0273972602739726 0.015050167224080268
0 0.1569634703196347 0.2261705685618729 0.007990867579908675 0.005852842809364548
0 0.0958904109589041 0.21237458193979933 0.03424657534246575 0.020066889632107024
0 0.08618721461187215 0.18645484949832775 0.021689497716894976 0.010033444816053512
0 0.07705479452054795 0.1588628762541806 0.023972602739726026 0.016722408026755852
0 0.11643835616438356 0.1475752508361204 0.0228310502283105 0.01588628762541806
0 0.2682648401826484 0.13377926421404682 0.02054794520547945 0.013377926421404682
0 0.27796803652968033 0.15426421404682275 0.014840182648401826 0.009197324414715718
0 0.3202054794520548 0.13210702341137123 0.026255707762557076 0.018394648829431436
0 0.28538812785388123 0.18645484949832775 0.01598173515981735 0.013377926421404682
0 0.3384703196347032 0.16513377926421405 0.028538812785388126 0.014214046822742474
0 0.3458904109589041 0.19648829431438128 0.02968036529680365 0.015050167224080268
0 0.3538812785388128 0.22909698996655517 0.02968036529680365 0.016722408026755852
0 0.30365296803652964 0.25 0.01598173515981735 0.008361204013377926
0 0.3116438356164383 0.2809364548494983 0.0136986301369863 0.013377926421404682
0 0.3635844748858447 0.2721571906354515 0.021689497716894976 0.01254180602006689
0 0.3270547945205479 0.3181438127090301 0.021689497716894976 0.014214046822742474
0 0.33105022831050224 0.3658026755852843 0.0182648401826484 0.01588628762541806
0 0.3915525114155251 0.3695652173913043 0.0228310502283105 0.016722408026755852
0 0.341324200913242 0.39924749163879597 0.0182648401826484 0.009197324414715718
0 0.40296803652968033 0.4159698996655518 0.02968036529680365 0.01254180602006689
0 0.3578767123287671 0.4310200668896321 0.019406392694063926 0.01254180602006689
0 0.41210045662100453 0.4469063545150502 0.0273972602739726 0.01588628762541806
0 0.4309360730593607 0.5075250836120401 0.017123287671232876 0.013377926421404682
0 0.4366438356164383 0.5464046822742474 0.026255707762557076 0.01588628762541806
0 0.4520547945205479 0.5831939799331104 0.02511415525114155 0.017558528428093644
0 0.4023972602739726 0.6149665551839465 0.021689497716894976 0.01588628762541806
0 0.4600456621004566 0.625 0.02511415525114155 0.017558528428093644
0 0.410958904109589 0.649247491638796 0.0182648401826484 0.01254180602006689
0 0.42237442922374424 0.6760033444816054 0.0228310502283105 0.01588628762541806
0 0.468607305936073 0.68561872909699 0.026255707762557076 0.02508361204013378
0 0.43036529680365293 0.7123745819397993 0.02511415525114155 0.013377926421404682
0 0.4845890410958904 0.7123745819397993 0.033105022831050226 0.013377926421404682
0 0.44063926940639264 0.7495819397993311 0.0228310502283105 0.019230769230769232
0 0.4965753424657534 0.7675585284280936 0.02968036529680365 0.021739130434782608
0 0.5074200913242009 0.8118729096989966 0.021689497716894976 0.015050167224080268
0 0.5285388127853881 0.8674749163879598 0.0136986301369863 0.014214046822742474
0 0.4748858447488584 0.8683110367892977 0.01141552511415525 0.009197324414715718
0 0.5468036529680365 0.9051003344481605 0.01141552511415525 0.009197324414715718
0 0.6695205479452054 0.8520066889632106 0.019406392694063926 0.013377926421404682
0 0.70662100456621 0.8382107023411371 0.0273972602739726 0.0225752508361204
0 0.7037671232876712 0.8039297658862876 0.019406392694063926 0.014214046822742474
0 0.6569634703196346 0.7959866220735786 0.019406392694063926 0.011705685618729096
0 0.6889269406392694 0.7692307692307692 0.023972602739726026 0.016722408026755852
0 0.617579908675799 0.6994147157190636 0.0182648401826484 0.01254180602006689
0 0.6655251141552511 0.6684782608695652 0.0228310502283105 0.01588628762541806
0 0.6118721461187214 0.6521739130434783 0.0182648401826484 0.010033444816053512
0 0.6478310502283104 0.6300167224080268 0.021689497716894976 0.017558528428093644
0 0.634703196347032 0.5944816053511706 0.02968036529680365 0.020066889632107024
0 0.6341324200913242 0.56061872909699 0.030821917808219176 0.020903010033444816
0 0.6204337899543378 0.5259197324414716 0.026255707762557076 0.023411371237458192
0 0.5833333333333333 0.5020903010033445 0.02511415525114155 0.017558528428093644
0 0.6124429223744292 0.4845317725752508 0.021689497716894976 0.01254180602006689
0 0.5662100456621004 0.46028428093645485 0.02511415525114155 0.014214046822742474
0 0.5998858447488584 0.4506688963210702 0.021689497716894976 0.013377926421404682
0 0.5941780821917808 0.4188963210702341 0.028538812785388126 0.015050167224080268
0 0.5605022831050228 0.41722408026755853 0.0182648401826484 0.011705685618729096
0 0.5844748858447488 0.3841973244147157 0.02054794520547945 0.017558528428093644
0 0.5485159817351598 0.36914715719063546 0.021689497716894976 0.01588628762541806
0 0.571917808219178 0.3457357859531773 0.0228310502283105 0.01254180602006689
0 0.523972602739726 0.32232441471571904 0.0182648401826484 0.010869565217391304
0 0.5616438356164384 0.306438127090301 0.02511415525114155 0.014214046822742474
0 0.5159817351598173 0.2830267558528428 0.0136986301369863 0.010869565217391304
0 0.5570776255707762 0.26797658862876256 0.01598173515981735 0.01588628762541806
0 0.5410958904109588 0.22784280936454848 0.0136986301369863 0.010869565217391304
0 0.4931506849315068 0.19816053511705686 0.0136986301369863 0.010033444816053512
0 0.5308219178082192 0.18436454849498327 0.02511415525114155 0.01588628762541806
0 0.5182648401826484 0.15468227424749165 0.02511415525114155 0.020066889632107024
0 0.4817351598173516 0.15468227424749165 0.0182648401826484 0.008361204013377926
0 0.5136986301369862 0.11789297658862877 0.02968036529680365 0.021739130434782608
0 0.5051369863013698 0.08277591973244147 0.028538812785388126 0.015050167224080268
0 0.4571917808219178 0.08570234113712374 0.005707762557077625 0.005852842809364548
0 0.6329908675799086 0.03260869565217391 0.023972602739726026 0.016722408026755852
0 0.639269406392694 0.06647157190635451 0.0136986301369863 0.014214046822742474
0 0.6678082191780822 0.06229096989966555 0.0273972602739726 0.017558528428093644
0 0.6740867579908676 0.028846153846153844 0.026255707762557076 0.017558528428093644
0 0.6438356164383561 0.09239130434782608 0.0182648401826484 0.009197324414715718
0 0.684931506849315 0.09155518394648829 0.02968036529680365 0.017558528428093644
0 0.6700913242009132 0.1471571906354515 0.0228310502283105 0.010033444816053512
0 0.7014840182648402 0.15551839464882944 0.028538812785388126 0.021739130434782608
0 0.7117579908675798 0.18603678929765885 0.023972602739726026 0.017558528428093644
0 0.6815068493150684 0.20819397993311037 0.0182648401826484 0.013377926421404682
0 0.7117579908675798 0.2157190635451505 0.030821917808219176 0.016722408026755852
0 0.6883561643835616 0.23411371237458192 0.02511415525114155 0.013377926421404682
0 0.7288812785388128 0.2399665551839465 0.021689497716894976 0.015050167224080268
0 0.738013698630137 0.27884615384615385 0.026255707762557076 0.017558528428093644
0 0.7060502283105022 0.3072742474916388 0.021689497716894976 0.01588628762541806
0 0.7482876712328766 0.3139632107023411 0.026255707762557076 0.017558528428093644
0 0.7180365296803652 0.338628762541806 0.0273972602739726 0.013377926421404682
0 0.7597031963470319 0.3566053511705686 0.023972602739726026 0.017558528428093644
0 0.7368721461187214 0.3959030100334448 0.023972602739726026 0.019230769230769232
0 0.7734018264840182 0.3896321070234114 0.026255707762557076 0.015050167224080268
0 0.7853881278538812 0.4205685618729097 0.0273972602739726 0.020066889632107024
0 0.7414383561643835 0.4222408026755853 0.023972602739726026 0.015050167224080268
0 0.7574200913242009 0.4535953177257525 0.019406392694063926 0.014214046822742474
0 0.7990867579908676 0.46112040133779264 0.0228310502283105 0.017558528428093644
0 0.7562785388127854 0.4882943143812709 0.014840182648401826 0.013377926421404682
0 0.800228310502283 0.49289297658862874 0.02511415525114155 0.020903010033444816
0 0.807648401826484 0.5271739130434783 0.028538812785388126 0.019230769230769232
0 0.7825342465753424 0.5681438127090301 0.019406392694063926 0.014214046822742474
0 0.8236301369863013 0.5702341137123745 0.026255707762557076 0.018394648829431436
0 0.7922374429223744 0.6066053511705686 0.02054794520547945 0.010869565217391304
0 0.8321917808219178 0.6137123745819398 0.0273972602739726 0.015050167224080268
0 0.8493150684931506 0.6559364548494984 0.0273972602739726 0.01588628762541806
0 0.809931506849315 0.6780936454849498 0.021689497716894976 0.013377926421404682
0 0.853310502283105 0.7023411371237458 0.026255707762557076 0.016722408026755852
0 0.8727168949771689 0.7399665551839465 0.028538812785388126 0.020066889632107024
0 0.829337899543379 0.762123745819398 0.017123287671232876 0.01254180602006689
0 0.879566210045662 0.7801003344481605 0.026255707762557076 0.021739130434782608
0 0.8481735159817351 0.8127090301003345 0.01598173515981735 0.011705685618729096
0 0.898972602739726 0.8127090301003345 0.021689497716894976 0.013377926421404682