0 0.7194444444444444 0.9629629629629629 0.07222222222222223 0.01949317738791423
0 0.8444444444444444 0.9493177387914229 0.022222222222222223 0.007797270955165692
0 0.6777777777777778 0.9176413255360624 0.06666666666666667 0.018518518518518517
0 0.7805555555555556 0.9088693957115009 0.061111111111111116 0.014619883040935672
0 0.7791666666666667 0.8742690058479532 0.05277777777777778 0.015594541910331383
0 0.7569444444444444 0.837719298245614 0.058333333333333334 0.018518518518518517
0 0.6347222222222223 0.8406432748538011 0.04722222222222222 0.018518518518518517
0 0.7555555555555555 0.800682261208577 0.05555555555555556 0.010721247563352826
0 0.6180555555555556 0.769980506822612 0.058333333333333334 0.017543859649122806
0 0.6041666666666667 0.73635477582846 0.05277777777777778 0.014619883040935672
0 0.5916666666666667 0.6998050682261208 0.07222222222222223 0.017543859649122806
0 0.6944444444444444 0.6905458089668616 0.05 0.014619883040935672
0 0.5680555555555555 0.6271929824561403 0.04722222222222222 0.016569200779727095
0 0.5236111111111111 0.5886939571150097 0.058333333333333334 0.01949317738791423
0 0.5041666666666667 0.550682261208577 0.06944444444444445 0.01949317738791423
0 0.6055555555555556 0.5180311890838206 0.03888888888888889 0.012670565302144249
0 0.46944444444444444 0.513157894736842 0.05555555555555556 0.018518518518518517
0 0.46805555555555556 0.48050682261208577 0.05277777777777778 0.01364522417153996
0 0.5805555555555556 0.47709551656920074 0.06666666666666667 0.016569200779727095
0 0.5486111111111112 0.44395711500974655 0.058333333333333334 0.018518518518518517
0 0.4277777777777778 0.44395711500974655 0.061111111111111116 0.02046783625730994
0 0.4166666666666667 0.40253411306042886 0.05 0.015594541910331383
0 0.5097222222222222 0.4074074074074074 0.04166666666666667 0.011695906432748537
0 0.41250000000000003 0.35818713450292394 0.05277777777777778 0.016569200779727095
0 0.49722222222222223 0.341130604288499 0.07222222222222223 0.021442495126705652
0 0.30972222222222223 0.23830409356725146 0.05277777777777778 0.014619883040935672
0 0.29444444444444445 0.2022417153996101 0.05555555555555556 0.014619883040935672
0 0.2611111111111111 0.15350877192982454 0.061111111111111116 0.02046783625730994
0 0.3902777777777778 0.14717348927875243 0.058333333333333334 0.01364522417153996
0 0.2388888888888889 0.10623781676413255 0.05555555555555556 0.01949317738791423
0 0.3472222222222222 0.10477582846003898 0.03888888888888889 0.012670565302144249
0 0.2013888888888889 0.05701754385964912 0.0638888888888889 0.02046783625730994