0 0.43238434163701067 0.03645116918844567 0.07473309608540925 0.037138927097661624
0 0.46085409252669035 0.08184319119669876 0.0889679715302491 0.03988995873452545
0 0.20284697508896796 0.07427785419532325 0.1494661921708185 0.030261348005502064
0 0.2900355871886121 0.12723521320495185 0.11743772241992882 0.02888583218707015
0 0.46441281138790036 0.1609353507565337 0.11743772241992882 0.04951856946354883
0 0.4590747330960854 0.20839064649243466 0.11387900355871886 0.02888583218707015
0 0.27580071174377224 0.1891334250343879 0.11032028469750889 0.04264099037138927
0 0.32028469750889677 0.2544704264099037 0.07117437722419928 0.030261348005502064
0 0.5427046263345195 0.2585969738651995 0.09608540925266904 0.03301237964236589
0 0.5427046263345195 0.30261348005502064 0.09608540925266904 0.04676753782668501
0 0.32562277580071175 0.31292984869325996 0.12455516014234874 0.03988995873452545
0 0.37722419928825623 0.3624484181568088 0.12811387900355872 0.04264099037138927
0 0.5782918149466192 0.3500687757909216 0.11743772241992882 0.0343878954607978
0 0.5604982206405693 0.39614855570839064 0.0889679715302491 0.052269601100412656
0 0.38967971530249107 0.4229711141678129 0.11743772241992882 0.048143053645116916
0 0.597864768683274 0.44910591471801925 0.10676156583629892 0.03988995873452545
0 0.37722419928825623 0.47386519944979366 0.13523131672597863 0.03988995873452545
0 0.4359430604982206 0.5268225584594223 0.11032028469750889 0.04951856946354883
0 0.6352313167259787 0.5536451169188445 0.08185053380782918 0.0453920220082531
0 0.47153024911032027 0.5832187070151307 0.10320284697508897 0.052269601100412656
0 0.5 0.6279229711141678 0.10320284697508897 0.03163686382393398
0 0.6797153024911031 0.6045392022008254 0.12099644128113879 0.02888583218707015
0 0.6494661921708185 0.6609353507565338 0.10320284697508897 0.0343878954607978
0 0.5320284697508897 0.6767537826685007 0.11743772241992882 0.04401650618982118
0 0.6690391459074733 0.7090784044016506 0.11387900355871886 0.048143053645116916
0 0.5800711743772242 0.7386519944979367 0.11387900355871886 0.04401650618982118
0 0.7295373665480427 0.7647867950481431 0.10676156583629892 0.03576341127922971
0 0.5658362989323843 0.797799174690509 0.13523131672597863 0.03851444291609354
0 0.7348754448398576 0.8177441540577717 0.10320284697508897 0.037138927097661624
0 0.5782918149466192 0.8466299862448419 0.10320284697508897 0.037138927097661624
0 0.6103202846975089 0.9009628610729024 0.08185053380782918 0.03576341127922971
0 0.599644128113879 0.9656121045392022 0.09608540925266904 0.030261348005502064
0 0.7597864768683273 0.8844566712517195 0.12455516014234874 0.04676753782668501
0 0.7900355871886121 0.9312242090784044 0.12099644128113879 0.04676753782668501