0 0.4697508896797153 0.06704361873990307 0.08540925266903915 0.033925686591276254
0 0.22241992882562275 0.07754442649434573 0.11032028469750889 0.038772213247172865
0 0.27580071174377224 0.14054927302100162 0.11743772241992882 0.05815831987075929
0 0.25622775800711745 0.20597738287560582 0.09252669039145907 0.053311793214862686
0 0.2669039145907473 0.25767366720516965 0.11387900355871886 0.037156704361873995
0 0.5 0.13489499192245558 0.09608540925266904 0.050080775444264945
0 0.4893238434163701 0.1938610662358643 0.08185053380782918 0.051696284329563816
0 0.5373665480427046 0.2560581583198708 0.11387900355871886 0.05654281098546042
0 0.33985765124555156 0.3247172859450727 0.11032028469750889 0.0420032310177706
0 0.5640569395017794 0.3424878836833603 0.11032028469750889 0.051696284329563816
0 0.34519572953736655 0.40064620355411956 0.10676156583629892 0.038772213247172865
0 0.5907473309608541 0.40710823909531507 0.11387900355871886 0.051696284329563816
0 0.6192170818505338 0.46042003231017775 0.10676156583629892 0.051696284329563816
0 0.6654804270462633 0.507269789983845 0.12811387900355872 0.038772213247172865
0 0.4270462633451957 0.4644588045234249 0.12811387900355872 0.053311793214862686
0 0.4306049822064057 0.5339256865912763 0.099644128113879 0.04684975767366721
0 0.4501779359430605 0.598546042003231 0.11743772241992882 0.053311793214862686
0 0.6476868327402134 0.5856219709208401 0.12811387900355872 0.04361873990306947
0 0.695729537366548 0.6292407108239095 0.07473309608540925 0.037156704361873995
0 0.48042704626334515 0.6623586429725364 0.11387900355871886 0.06138933764135703
0 0.5462633451957295 0.7197092084006462 0.15302491103202845 0.050080775444264945
0 0.7206405693950177 0.6882067851373183 0.12455516014234874 0.04523424878836834
0 0.7188612099644128 0.7358642972536349 0.099644128113879 0.04684975767366721
0 0.46441281138790036 0.784329563812601 0.07473309608540925 0.04038772213247173
0 0.5444839857651246 0.7738287560581584 0.099644128113879 0.035541195476575124
0 0.7686832740213523 0.7964458804523425 0.08540925266903915 0.035541195476575124
0 0.5516014234875445 0.8731825525040389 0.12099644128113879 0.04038772213247173
0 0.7615658362989324 0.8602584814216478 0.099644128113879 0.0630048465266559
0 0.7758007117437722 0.9159935379644588 0.13523131672597863 0.0420032310177706
0 0.5729537366548042 0.9426494345718902 0.11387900355871886 0.04361873990306947