0 0.3296969696969697 0.959493670886076 0.014545454545454545 0.01350210970464135
0 0.32 0.9270042194092827 0.019393939393939394 0.014345991561181435
0 0.2884848484848485 0.9253164556962026 0.03151515151515152 0.014345991561181435
0 0.2721212121212121 0.889873417721519 0.027878787878787878 0.019409282700421943
0 0.31212121212121213 0.8873417721518988 0.01818181818181818 0.014345991561181435
0 0.29757575757575755 0.8535864978902954 0.025454545454545455 0.017721518987341773
0 0.2866666666666667 0.8286919831223629 0.02303030303030303 0.01518987341772152
0 0.25515151515151513 0.8308016877637131 0.020606060606060607 0.012658227848101266
0 0.24424242424242423 0.7991561181434599 0.030303030303030304 0.01518987341772152
0 0.2721212121212121 0.7915611814345992 0.01818181818181818 0.01350210970464135
0 0.2387878787878788 0.769620253164557 0.019393939393939394 0.018565400843881856
0 0.26121212121212123 0.7586497890295358 0.020606060606060607 0.01687763713080169
0 0.23333333333333334 0.740084388185654 0.025454545454545455 0.01687763713080169
0 0.263030303030303 0.7248945147679325 0.019393939393939394 0.021940928270042195
0 0.25333333333333335 0.6966244725738396 0.026666666666666665 0.017721518987341773
0 0.21393939393939393 0.7113924050632912 0.01818181818181818 0.01350210970464135
0 0.20484848484848484 0.6805907172995781 0.026666666666666665 0.017721518987341773
0 0.23696969696969697 0.659915611814346 0.01818181818181818 0.01518987341772152
0 0.2387878787878788 0.6282700421940929 0.016969696969696968 0.014345991561181435
0 0.19090909090909092 0.619409282700422 0.02303030303030303 0.020253164556962026
0 0.18484848484848485 0.590295358649789 0.020606060606060607 0.016033755274261603
0 0.23030303030303031 0.5856540084388185 0.016969696969696968 0.01687763713080169
0 0.1806060606060606 0.5556962025316455 0.024242424242424242 0.02109704641350211
0 0.15757575757575756 0.49240506329113926 0.033939393939393936 0.017721518987341773
0 0.1903030303030303 0.4759493670886076 0.019393939393939394 0.01181434599156118
0 0.14727272727272728 0.4649789029535865 0.027878787878787878 0.01687763713080169
0 0.18424242424242424 0.43966244725738396 0.019393939393939394 0.01350210970464135
0 0.1393939393939394 0.40717299578059074 0.019393939393939394 0.014345991561181435
0 0.15575757575757576 0.37468354430379747 0.025454545454545455 0.020253164556962026
0 0.12 0.3687763713080169 0.026666666666666665 0.01687763713080169
0 0.1503030303030303 0.3434599156118143 0.024242424242424242 0.018565400843881856
0 0.11696969696969697 0.33839662447257385 0.02303030303030303 0.018565400843881856
0 0.13696969696969696 0.3037974683544304 0.012121212121212121 0.010126582278481013
0 0.10545454545454545 0.30168776371308015 0.026666666666666665 0.017721518987341773
0 0.1006060606060606 0.2767932489451477 0.02181818181818182 0.01687763713080169
0 0.13636363636363635 0.2767932489451477 0.013333333333333332 0.01181434599156118
0 0.09272727272727273 0.24556962025316456 0.020606060606060607 0.01687763713080169
0 0.08484848484848485 0.21181434599156118 0.02909090909090909 0.02362869198312236
0 0.11818181818181818 0.21054852320675105 0.01818181818181818 0.012658227848101266
0 0.10545454545454545 0.1831223628691983 0.019393939393939394 0.01181434599156118
0 0.07333333333333333 0.1831223628691983 0.025454545454545455 0.01687763713080169
0 0.06181818181818182 0.16666666666666666 0.024242424242424242 0.014345991561181435
0 0.1 0.1540084388185654 0.01575757575757576 0.009282700421940928
0 0.24848484848484848 0.12320675105485232 0.033939393939393936 0.01181434599156118
0 0.29393939393939394 0.12278481012658228 0.020606060606060607 0.012658227848101266
0 0.26121212121212123 0.15654008438818565 0.027878787878787878 0.014345991561181435
0 0.2993939393939394 0.15527426160337554 0.026666666666666665 0.01181434599156118
0 0.30727272727272725 0.1911392405063291 0.02303030303030303 0.016033755274261603
0 0.2703030303030303 0.1949367088607595 0.024242424242424242 0.01518987341772152
0 0.28 0.23037974683544304 0.019393939393939394 0.01518987341772152
0 0.31636363636363635 0.2358649789029536 0.024242424242424242 0.014345991561181435
0 0.2909090909090909 0.26919831223628693 0.03151515151515152 0.01687763713080169
0 0.3278787878787879 0.2683544303797468 0.01818181818181818 0.01687763713080169
0 0.30242424242424243 0.3358649789029536 0.027878787878787878 0.01687763713080169
0 0.34484848484848485 0.330379746835443 0.02303030303030303 0.017721518987341773
0 0.35333333333333333 0.3649789029535865 0.02303030303030303 0.016033755274261603
0 0.31757575757575757 0.3767932489451477 0.02181818181818182 0.014345991561181435
0 0.3193939393939394 0.41054852320675106 0.02303030303030303 0.012658227848101266
0 0.3696969696969697 0.4029535864978903 0.016969696969696968 0.014345991561181435
0 0.33636363636363636 0.43713080168776375 0.01818181818181818 0.01181434599156118
0 0.3781818181818182 0.43333333333333335 0.02181818181818182 0.016033755274261603
0 0.33515151515151514 0.47552742616033755 0.025454545454545455 0.012658227848101266
0 0.38545454545454544 0.4704641350210971 0.02909090909090909 0.017721518987341773
0 0.39575757575757575 0.5084388185654009 0.027878787878787878 0.016033755274261603
0 0.35393939393939394 0.5113924050632912 0.02181818181818182 0.01181434599156118
0 0.3690909090909091 0.5438818565400844 0.027878787878787878 0.012658227848101266
0 0.40424242424242424 0.5375527426160338 0.020606060606060607 0.01181434599156118
0 0.37393939393939396 0.5835443037974684 0.025454545454545455 0.017721518987341773
0 0.38727272727272727 0.6109704641350211 0.025454545454545455 0.01518987341772152
0 0.39454545454545453 0.6468354430379747 0.020606060606060607 0.012658227848101266
0 0.43575757575757573 0.6417721518987342 0.020606060606060607 0.012658227848101266
0 0.40060606060606063 0.6864978902953587 0.02303030303030303 0.014345991561181435
0 0.4412121212121212 0.6746835443037975 0.024242424242424242 0.017721518987341773
0 0.4503030303030303 0.7113924050632912 0.020606060606060607 0.01518987341772152
0 0.4072727272727273 0.7185654008438819 0.012121212121212121 0.010970464135021098
0 0.42424242424242425 0.7476793248945148 0.02181818181818182 0.01518987341772152
0 0.46484848484848484 0.7409282700421941 0.025454545454545455 0.01181434599156118
0 0.4763636363636364 0.7670886075949367 0.02181818181818182 0.01350210970464135
0 0.4351515151515152 0.7789029535864979 0.024242424242424242 0.01687763713080169
0 0.43393939393939396 0.8109704641350212 0.02181818181818182 0.01350210970464135
0 0.4575757575757576 0.8746835443037975 0.02303030303030303 0.012658227848101266
0 0.5024242424242424 0.8590717299578059 0.020606060606060607 0.01518987341772152
0 0.47333333333333333 0.9059071729957806 0.02303030303030303 0.012658227848101266
0 0.4793939393939394 0.929957805907173 0.020606060606060607 0.01518987341772152
0 0.7121212121212122 0.8822784810126583 0.02303030303030303 0.017721518987341773
0 0.6721212121212121 0.8810126582278481 0.02303030303030303 0.01350210970464135
0 0.6527272727272727 0.8485232067510549 0.025454545454545455 0.014345991561181435
0 0.6539393939393939 0.8160337552742616 0.02303030303030303 0.01687763713080169
0 0.6854545454545454 0.8194092827004219 0.02303030303030303 0.01350210970464135
0 0.6787878787878788 0.7843881856540085 0.026666666666666665 0.017721518987341773
0 0.6381818181818182 0.779746835443038 0.030303030303030304 0.01350210970464135
0 0.6260606060606061 0.7459915611814346 0.025454545454545455 0.01181434599156118
0 0.6648484848484848 0.7506329113924051 0.02303030303030303 0.014345991561181435
0 0.6581818181818182 0.7109704641350211 0.026666666666666665 0.017721518987341773
0 0.62 0.7143459915611814 0.025454545454545455 0.016033755274261603
0 0.6042424242424242 0.6848101265822785 0.020606060606060607 0.014345991561181435
0 0.6315151515151515 0.6476793248945147 0.024242424242424242 0.014345991561181435
0 0.6236363636363637 0.610548523206751 0.01575757575757576 0.016033755274261603
0 0.593939393939394 0.6177215189873417 0.026666666666666665 0.01518987341772152
0 0.6133333333333333 0.5856540084388185 0.024242424242424242 0.020253164556962026
0 0.5763636363636364 0.5481012658227848 0.020606060606060607 0.014345991561181435
0 0.6066666666666667 0.5417721518987342 0.020606060606060607 0.01350210970464135
0 0.5878787878787879 0.5059071729957806 0.02181818181818182 0.014345991561181435
0 0.556969696969697 0.5118143459915612 0.027878787878787878 0.016033755274261603
0 0.5533333333333333 0.4869198312236287 0.01818181818181818 0.01518987341772152
0 0.5375757575757576 0.45316455696202534 0.02303030303030303 0.01350210970464135
0 0.5690909090909091 0.40717299578059074 0.020606060606060607 0.019409282700421943
0 0.5563636363636364 0.379746835443038 0.026666666666666665 0.01687763713080169
0 0.5272727272727272 0.3831223628691983 0.02181818181818182 0.01687763713080169
0 0.5145454545454545 0.3438818565400844 0.02303030303030303 0.017721518987341773
0 0.5478787878787879 0.34219409282700425 0.026666666666666665 0.014345991561181435
0 0.5387878787878788 0.3046413502109705 0.03272727272727273 0.01687763713080169
0 0.4915151515151515 0.27974683544303797 0.027878787878787878 0.017721518987341773
0 0.5296969696969697 0.2687763713080169 0.024242424242424242 0.017721518987341773
0 0.52 0.2388185654008439 0.02909090909090909 0.01518987341772152
0 0.48303030303030303 0.24725738396624472 0.02303030303030303 0.01350210970464135
0 0.47575757575757577 0.2139240506329114 0.020606060606060607 0.014345991561181435
0 0.5127272727272727 0.20421940928270044 0.016969696969696968 0.01181434599156118
0 0.5 0.17552742616033756 0.03272727272727273 0.018565400843881856
0 0.4593939393939394 0.14852320675105485 0.02181818181818182 0.01350210970464135
0 0.49575757575757573 0.14514767932489453 0.026666666666666665 0.01181434599156118
0 0.4896969696969697 0.11265822784810127 0.016969696969696968 0.009282700421940928
0 0.4478787878787879 0.11054852320675106 0.027878787878787878 0.018565400843881856
0 0.42666666666666664 0.08734177215189874 0.016969696969696968 0.016033755274261603
0 0.4775757575757576 0.08270042194092828 0.02181818181818182 0.01518987341772152
0 0.6272727272727273 0.048945147679324896 0.02303030303030303 0.018565400843881856
0 0.6709090909090909 0.042616033755274264 0.030303030303030304 0.010970464135021098
0 0.6866666666666666 0.08227848101265824 0.01818181818181818 0.012658227848101266
0 0.6557575757575758 0.1168776371308017 0.026666666666666665 0.016033755274261603
0 0.696969696969697 0.12067510548523207 0.009696969696969697 0.01181434599156118
0 0.6630303030303031 0.15316455696202533 0.019393939393939394 0.016033755274261603
0 0.7103030303030303 0.18945147679324895 0.016969696969696968 0.014345991561181435
0 0.7169696969696969 0.21814345991561182 0.01575757575757576 0.014345991561181435
0 0.6933333333333334 0.21434599156118145 0.016969696969696968 0.01181434599156118
0 0.6945454545454546 0.2510548523206751 0.019393939393939394 0.012658227848101266
0 0.7224242424242424 0.3464135021097047 0.026666666666666665 0.014345991561181435
0 0.7551515151515151 0.3489451476793249 0.016969696969696968 0.017721518987341773
0 0.7630303030303031 0.3793248945147679 0.020606060606060607 0.010970464135021098
0 0.7345454545454545 0.4118143459915612 0.02181818181818182 0.01687763713080169
0 0.7733333333333333 0.40421940928270045 0.024242424242424242 0.01181434599156118
0 0.7503030303030302 0.4459915611814346 0.016969696969696968 0.014345991561181435
0 0.7751515151515151 0.44303797468354433 0.02303030303030303 0.01350210970464135
0 0.7587878787878788 0.4738396624472574 0.02181818181818182 0.017721518987341773
0 0.7660606060606061 0.5151898734177215 0.02909090909090909 0.014345991561181435
0 0.7812121212121212 0.5561181434599156 0.025454545454545455 0.018565400843881856
0 0.8181818181818182 0.5603375527426161 0.016969696969696968 0.01518987341772152
0 0.8212121212121212 0.5915611814345991 0.025454545454545455 0.01687763713080169
0 0.793939393939394 0.5915611814345991 0.014545454545454545 0.008438818565400845
0 0.7957575757575758 0.6257383966244726 0.025454545454545455 0.014345991561181435
0 0.8054545454545454 0.6552742616033755 0.020606060606060607 0.017721518987341773
0 0.8503030303030303 0.6877637130801688 0.01575757575757576 0.010126582278481013
0 0.8187878787878788 0.6928270042194093 0.020606060606060607 0.01350210970464135
0 0.8284848484848485 0.7232067510548523 0.020606060606060607 0.01518987341772152
0 0.8666666666666667 0.7253164556962025 0.019393939393939394 0.010970464135021098
0 0.8345454545454546 0.7586497890295358 0.020606060606060607 0.01181434599156118
0 0.8466666666666667 0.7856540084388186 0.02303030303030303 0.018565400843881856
0 0.8606060606060606 0.8240506329113925 0.024242424242424242 0.016033755274261603
0 0.8612121212121212 0.8493670886075949 0.02303030303030303 0.014345991561181435