0 0.14766839378238342 0.037758346581876 0.07253886010362695 0.023052464228934817
0 0.27849740932642486 0.03934817170111288 0.04922279792746114 0.01987281399046105
0 0.1528497409326425 0.06717011128775835 0.05699481865284974 0.021462639109697933
0 0.30310880829015546 0.06041335453100159 0.06217616580310881 0.014308426073131956
0 0.15544041450777202 0.09419713831478538 0.06735751295336788 0.0246422893481717
0 0.3316062176165803 0.10453100158982513 0.06217616580310881 0.018282988871224166
0 0.18264248704663213 0.12758346581875996 0.08031088082901555 0.023052464228934817
0 0.23186528497409328 0.15818759936406995 0.09067357512953368 0.02702702702702703
0 0.34974093264248707 0.13950715421303658 0.06735751295336788 0.018282988871224166
0 0.38601036269430056 0.16494435612082672 0.07772020725388601 0.0246422893481717
0 0.36139896373056996 0.19395866454689986 0.05958549222797928 0.020667726550079493
0 0.23963730569948188 0.1947535771065183 0.07512953367875648 0.03497615262321145
0 0.2422279792746114 0.22575516693163752 0.07512953367875648 0.022257551669316377
0 0.3989637305699482 0.22416534181240064 0.06217616580310881 0.014308426073131956
0 0.26813471502590674 0.2591414944356121 0.09067357512953368 0.02702702702702703
0 0.41839378238341973 0.2599364069952305 0.06476683937823835 0.020667726550079493
0 0.44041450777202074 0.2857710651828299 0.04145077720207254 0.018282988871224166
0 0.2772020725388601 0.2901430842607313 0.06217616580310881 0.025437201907790145
0 0.29533678756476683 0.32114467408585057 0.07253886010362695 0.02384737678855326
0 0.45595854922279794 0.31677265500794916 0.046632124352331605 0.021462639109697933
0 0.4740932642487047 0.3481717011128776 0.06217616580310881 0.02384737678855326
0 0.3134715025906736 0.35333863275039745 0.07772020725388601 0.01987281399046105
0 0.4883419689119171 0.3755961844197139 0.054404145077720206 0.02623211446740859
0 0.3536269430051814 0.3910969793322735 0.10103626943005181 0.020667726550079493
0 0.4935233160621762 0.40779014308426076 0.08031088082901555 0.02702702702702703
0 0.383419689119171 0.41335453100158986 0.06735751295336788 0.015898251192368842
0 0.3847150259067358 0.44952305246422897 0.07512953367875648 0.015103338632750398
0 0.5362694300518135 0.43799682034976156 0.07253886010362695 0.02384737678855326
0 0.41709844559585496 0.4753577106518283 0.07253886010362695 0.028616852146263912
0 0.5518134715025907 0.4650238473767886 0.05699481865284974 0.014308426073131956
0 0.5453367875647669 0.49443561208267095 0.06994818652849741 0.017488076311605726
0 0.4119170984455959 0.5063593004769475 0.07253886010362695 0.025437201907790145
0 0.42875647668393785 0.5361685214626392 0.06476683937823835 0.0246422893481717
0 0.5569948186528497 0.5266295707472178 0.06735751295336788 0.021462639109697933
0 0.5854922279792746 0.5540540540540541 0.06735751295336788 0.022257551669316377
0 0.4533678756476684 0.5767090620031797 0.07253886010362695 0.027821939586645472
0 0.6049222797927462 0.5850556438791733 0.05958549222797928 0.02384737678855326
0 0.4585492227979275 0.6108903020667726 0.07253886010362695 0.029411764705882356
0 0.6062176165803109 0.6172496025437202 0.06735751295336788 0.023052464228934817
0 0.6347150259067358 0.6458664546899842 0.05699481865284974 0.027821939586645472
0 0.48186528497409326 0.6462639109697934 0.07772020725388601 0.02384737678855326
0 0.5064766839378239 0.6772655007949127 0.08031088082901555 0.02384737678855326
0 0.6489637305699482 0.6800476947535772 0.06994818652849741 0.021462639109697933
0 0.5401554404145078 0.7150238473767886 0.09067357512953368 0.02623211446740859
0 0.6619170984455959 0.7142289348171702 0.05958549222797928 0.0246422893481717
0 0.5453367875647669 0.75 0.08031088082901555 0.027821939586645472
0 0.6800518134715026 0.7503974562798092 0.07512953367875648 0.020667726550079493
0 0.6968911917098446 0.7790143084260732 0.08290155440414508 0.022257551669316377
0 0.5764248704663213 0.787758346581876 0.07512953367875648 0.033386327503974564
0 0.5932642487046632 0.8207472178060414 0.06735751295336788 0.027821939586645472
0 0.7370466321243524 0.8104133545310016 0.06994818652849741 0.023052464228934817
0 0.7240932642487047 0.8461844197138315 0.09067357512953368 0.023052464228934817
0 0.6347150259067358 0.8628775834658188 0.09844559585492228 0.01987281399046105
0 0.7681347150259068 0.8724165341812401 0.06476683937823835 0.023052464228934817
0 0.6295336787564767 0.8978537360890303 0.06735751295336788 0.021462639109697933
0 0.7694300518134716 0.9085850556438793 0.06735751295336788 0.02384737678855326
0 0.822538860103627 0.9352146263910971 0.08031088082901555 0.021462639109697933
0 0.6541450777202072 0.9379968203497616 0.09585492227979275 0.022257551669316377
0 0.6787564766839379 0.9709856915739269 0.07772020725388601 0.023052464228934817
0 0.805699481865285 0.9666136724960255 0.06217616580310881 0.02702702702702703