0 0.26129032258064516 0.05726872246696036 0.08387096774193549 0.024229074889867842
0 0.48870967741935484 0.04955947136563877 0.08064516129032258 0.030837004405286347
0 0.2967741935483871 0.10297356828193834 0.10967741935483871 0.03193832599118943
0 0.4774193548387097 0.09416299559471367 0.09032258064516129 0.03854625550660793
0 0.4645161290322581 0.13546255506607932 0.09032258064516129 0.03524229074889868
0 0.3 0.15143171806167402 0.08387096774193549 0.027533039647577095
0 0.3193548387096774 0.18447136563876654 0.11612903225806452 0.034140969162995596
0 0.36129032258064514 0.2208149779735683 0.10967741935483871 0.03193832599118943
0 0.49193548387096775 0.17566079295154186 0.1064516129032258 0.02312775330396476
0 0.4935483870967742 0.2263215859030837 0.05806451612903226 0.02312775330396476
0 0.36612903225806454 0.2720264317180617 0.1 0.02863436123348018
0 0.5177419354838709 0.26486784140969166 0.054838709677419356 0.016519823788546256
0 0.38225806451612904 0.3177312775330397 0.0935483870967742 0.03634361233480177
0 0.5838709677419355 0.30837004405286345 0.09032258064516129 0.019823788546255508
0 0.38225806451612904 0.3551762114537445 0.08709677419354839 0.027533039647577095
0 0.6016129032258064 0.3562775330396476 0.07419354838709677 0.03854625550660793
0 0.41451612903225804 0.39647577092511016 0.11290322580645161 0.03524229074889868
0 0.6209677419354839 0.4151982378854626 0.07419354838709677 0.03524229074889868
0 0.4564516129032258 0.4460352422907489 0.0935483870967742 0.03524229074889868
0 0.6209677419354839 0.4598017621145375 0.11290322580645161 0.029735682819383262
0 0.4435483870967742 0.48678414096916306 0.08709677419354839 0.04185022026431719
0 0.4774193548387097 0.5231277533039648 0.09032258064516129 0.02863436123348018
0 0.6403225806451613 0.506057268722467 0.08064516129032258 0.029735682819383262
0 0.682258064516129 0.5539647577092511 0.054838709677419356 0.022026431718061675
0 0.5145161290322581 0.5770925110132159 0.0935483870967742 0.024229074889867842
0 0.5129032258064516 0.6205947136563877 0.08387096774193549 0.020925110132158593
0 0.5790322580645161 0.6591409691629957 0.08709677419354839 0.03854625550660793
0 0.6919354838709677 0.6552863436123348 0.08064516129032258 0.024229074889867842
0 0.7354838709677419 0.6943832599118943 0.10967741935483871 0.027533039647577095
0 0.5741935483870968 0.7087004405286345 0.04516129032258064 0.018722466960352426
0 0.5806451612903226 0.7588105726872247 0.07741935483870968 0.022026431718061675
0 0.7403225806451613 0.7472466960352424 0.02903225806451613 0.009911894273127754
0 0.8032258064516129 0.7857929515418502 0.07741935483870968 0.025330396475770928
0 0.6225806451612903 0.7962555066079295 0.07741935483870968 0.02863436123348018
0 0.6161290322580645 0.8320484581497798 0.07741935483870968 0.03193832599118943
0 0.8338709677419355 0.835352422907489 0.06129032258064516 0.025330396475770928
0 0.646774193548387 0.879955947136564 0.0935483870967742 0.030837004405286347
0 0.867741935483871 0.8788546255506609 0.06451612903225806 0.03524229074889868
0 0.8516129032258064 0.9240088105726874 0.09032258064516129 0.02863436123348018
0 0.6612903225806451 0.9300660792951543 0.1032258064516129 0.03854625550660793
0 0.7 0.9735682819383261 0.07741935483870968 0.01762114537444934
0 0.8709677419354839 0.9801762114537446 0.10967741935483871 0.030837004405286347