0 0.04467564259485924 0.16623150565709313 0.023255813953488372 0.010443864229765013
0 0.08996328029375764 0.1557876414273281 0.023255813953488372 0.01392515230635335
0 0.10648714810281516 0.20583115752828546 0.026927784577723376 0.02175805047867711
0 0.07037943696450427 0.21583986074847694 0.028151774785801713 0.01392515230635335
0 0.08567931456548347 0.25239338555265445 0.03182374541003671 0.015665796344647518
0 0.12301101591187269 0.23977371627502175 0.03059975520195838 0.014795474325500435
0 0.12729498164014685 0.2750217580504787 0.026927784577723376 0.017406440382941687
0 0.09608323133414932 0.2928633594429939 0.028151774785801713 0.02175805047867711
0 0.13953488372093023 0.3115752828546562 0.022031823745410035 0.01392515230635335
0 0.10709914320685433 0.3363794604003481 0.028151774785801713 0.014795474325500435
0 0.14871481028151773 0.34203655352480417 0.028151774785801713 0.015665796344647518
0 0.11689106487148102 0.3742384682332463 0.023255813953488372 0.012184508268059181
0 0.13219094247246022 0.418189730200174 0.026927784577723376 0.02001740644038294
0 0.17135862913096694 0.4216710182767624 0.009791921664626682 0.009573542210617928
0 0.13341493268053856 0.45691906005221933 0.022031823745410035 0.01392515230635335
0 0.1909424724602203 0.47476066144473456 0.024479804161566705 0.02001740644038294
0 0.15789473684210525 0.5047867711053089 0.019583843329253364 0.015665796344647518
0 0.2025703794369645 0.5143603133159269 0.020807833537331698 0.012184508268059181
0 0.16340269277845776 0.5330722367275892 0.02570379436964504 0.016536118363794605
0 0.1701346389228886 0.5683202785030461 0.022031823745410035 0.010443864229765013
0 0.1811505507955936 0.6170583115752828 0.03182374541003671 0.01392515230635335
0 0.19216646266829865 0.6536118363794604 0.029375764993880046 0.015665796344647518
0 0.24357405140758873 0.665361183637946 0.019583843329253364 0.013054830287206266
0 0.25826193390452873 0.7040905134899913 0.024479804161566705 0.01392515230635335
0 0.26744186046511625 0.7384682332463011 0.02570379436964504 0.016536118363794605
0 0.28457772337821297 0.7732811140121845 0.020807833537331698 0.013054830287206266
0 0.2362301101591187 0.799390774586597 0.017135862913096694 0.011314186248912098
0 0.2851897184822521 0.8059181897302001 0.022031823745410035 0.015665796344647518
0 0.2527539779681762 0.8459530026109661 0.023255813953488372 0.012184508268059181
0 0.2931456548347613 0.8485639686684073 0.020807833537331698 0.017406440382941687
0 0.2625458996328029 0.8829416884247171 0.023255813953488372 0.02001740644038294
0 0.30905752753977966 0.8885987815491732 0.020807833537331698 0.017406440382941687
0 0.26988984088127294 0.9164490861618799 0.02570379436964504 0.01392515230635335
0 0.32190942472460216 0.9255874673629243 0.029375764993880046 0.013054830287206266
0 0.2796817625458996 0.9477806788511749 0.03059975520195838 0.017406440382941687
0 0.32741738066095466 0.9556135770234987 0.028151774785801713 0.015665796344647518
0 0.47307221542227657 0.9055700609225413 0.028151774785801713 0.013054830287206266
0 0.4522643818849449 0.8694516971279374 0.028151774785801713 0.017406440382941687
0 0.5030599755201958 0.8629242819843341 0.017135862913096694 0.011314186248912098
0 0.48102815177478575 0.8272410791993037 0.024479804161566705 0.011314186248912098
0 0.4742962056303549 0.7941688424717145 0.028151774785801713 0.014795474325500435
0 0.4406364749082007 0.7837249782419495 0.029375764993880046 0.009573542210617928
0 0.45899632802937573 0.7615317667536988 0.022031823745410035 0.01392515230635335
0 0.42594859241126065 0.7445604873803306 0.024479804161566705 0.013054830287206266
0 0.4504283965728274 0.7241079199303743 0.022031823745410035 0.019147084421235857
0 0.4026927784577723 0.7110530896431679 0.014687882496940023 0.01392515230635335
0 0.4008567931456548 0.68059181897302 0.023255813953488372 0.01392515230635335
0 0.4461444308445532 0.6823324630113141 0.03059975520195838 0.017406440382941687
0 0.4443084455324357 0.6518711923411662 0.022031823745410035 0.020887728459530026
0 0.3873929008567931 0.6470844212358573 0.02570379436964504 0.02001740644038294
0 0.38310893512851896 0.6170583115752828 0.03182374541003671 0.015665796344647518
0 0.42594859241126065 0.6122715404699739 0.024479804161566705 0.011314186248912098
0 0.41860465116279066 0.5726718885987815 0.024479804161566705 0.017406440382941687
0 0.35495716034271724 0.5443864229765013 0.026927784577723376 0.016536118363794605
0 0.40391676866585063 0.5404699738903395 0.024479804161566705 0.015665796344647518
0 0.34700122399020805 0.5113141862489121 0.023255813953488372 0.013054830287206266
0 0.39657282741738065 0.5117493472584856 0.024479804161566705 0.01392515230635335
0 0.3384332925336597 0.46997389033942555 0.023255813953488372 0.017406440382941687
0 0.37515299877600977 0.4691035683202785 0.015911872705018357 0.010443864229765013
0 0.3255813953488372 0.438207136640557 0.022031823745410035 0.016536118363794605
0 0.37698898408812725 0.4247171453437772 0.017135862913096694 0.010443864229765013
0 0.3182374541003672 0.3907745865970409 0.029375764993880046 0.017406440382941687
0 0.3610771113831089 0.38555265448215836 0.029375764993880046 0.01392515230635335
0 0.3072215422276621 0.3494342906875544 0.026927784577723376 0.014795474325500435
0 0.3518971848225214 0.3442123585726719 0.028151774785801713 0.013054830287206266
0 0.2937576499388005 0.31940818102698 0.026927784577723376 0.015665796344647518
0 0.3310893512851897 0.2793733681462141 0.01835985312117503 0.012184508268059181
0 0.31946144430844553 0.2484769364664926 0.022031823745410035 0.013054830287206266
0 0.27845777233782126 0.2445604873803307 0.02570379436964504 0.017406440382941687
0 0.2662178702570379 0.2123585726718886 0.02570379436964504 0.015665796344647518
0 0.2478580171358629 0.16971279373368145 0.020807833537331698 0.017406440382941687
0 0.295593635250918 0.17493472584856395 0.015911872705018357 0.008703220191470844
0 0.2833537331701346 0.14882506527415143 0.015911872705018357 0.012184508268059181
0 0.24235006119951039 0.14577893820713664 0.029375764993880046 0.018276762402088774
0 0.23745410036719705 0.1114012184508268 0.024479804161566705 0.01392515230635335
0 0.4473684210526315 0.06875543951261967 0.02570379436964504 0.008703220191470844
0 0.4804161566707466 0.06657963446475196 0.028151774785801713 0.013054830287206266
0 0.4553243574051407 0.09704090513489991 0.026927784577723376 0.016536118363794605
0 0.4987760097919216 0.10922541340295909 0.028151774785801713 0.016536118363794605
0 0.47001223990208074 0.1309834638816362 0.029375764993880046 0.013054830287206266
0 0.5152998776009792 0.1536118363794604 0.024479804161566705 0.013054830287206266
0 0.4724602203182374 0.16579634464751958 0.024479804161566705 0.018276762402088774
0 0.48470012239902077 0.20278503046127067 0.03182374541003671 0.019147084421235857
0 0.5244798041615667 0.19756309834638816 0.01835985312117503 0.015665796344647518
0 0.52937576499388 0.23324630113141862 0.023255813953488372 0.017406440382941687
0 0.5006119951040391 0.242384682332463 0.024479804161566705 0.02175805047867711
0 0.5067319461444308 0.2724107919930374 0.03182374541003671 0.017406440382941687
0 0.5446756425948592 0.2711053089643168 0.019583843329253364 0.018276762402088774
0 0.5507955936352509 0.30765883376849434 0.014687882496940023 0.011314186248912098
0 0.5177478580171359 0.31940818102698 0.024479804161566705 0.010443864229765013
0 0.525703794369645 0.3498694516971279 0.02570379436964504 0.019147084421235857
0 0.5709914320685434 0.34899912967798086 0.023255813953488372 0.01392515230635335
0 0.5250917992656058 0.3777197563098346 0.03182374541003671 0.017406440382941687
0 0.5807833537331701 0.38120104438642294 0.023255813953488372 0.019147084421235857
0 0.5452876376988983 0.418189730200174 0.028151774785801713 0.02001740644038294
0 0.5887392900856793 0.418189730200174 0.022031823745410035 0.02175805047867711
0 0.55875152998776 0.45953002610966054 0.03549571603427172 0.019147084421235857
0 0.6034271725826192 0.46083550913838117 0.019583843329253364 0.016536118363794605
0 0.555079559363525 0.48738033072236725 0.023255813953488372 0.015665796344647518
0 0.6077111383108934 0.4939077458659704 0.023255813953488372 0.014795474325500435
0 0.5740514075887393 0.5113141862489121 0.029375764993880046 0.014795474325500435
0 0.620563035495716 0.5326370757180157 0.024479804161566705 0.017406440382941687
0 0.5820073439412484 0.5448215839860748 0.02570379436964504 0.017406440382941687
0 0.5942472460220317 0.577023498694517 0.01835985312117503 0.012184508268059181
0 0.6370869033047735 0.5791993037423847 0.01835985312117503 0.009573542210617928
0 0.6009791921664626 0.6153176675369887 0.029375764993880046 0.015665796344647518
0 0.6456548347613219 0.6222802436901653 0.02570379436964504 0.015665796344647518
0 0.613219094247246 0.6501305483028721 0.029375764993880046 0.015665796344647518
0 0.6560587515299877 0.6488250652741514 0.024479804161566705 0.016536118363794605
0 0.6236230110159118 0.6849434290687554 0.03059975520195838 0.017406440382941687
0 0.6670746634026927 0.6897302001740644 0.026927784577723376 0.016536118363794605
0 0.6291309669522643 0.7197563098346388 0.029375764993880046 0.012184508268059181
0 0.6370869033047735 0.7436901653611836 0.03059975520195838 0.016536118363794605
0 0.6774785801713585 0.7336814621409922 0.02570379436964504 0.017406440382941687
0 0.6921664626682986 0.7715404699738904 0.02570379436964504 0.018276762402088774
0 0.6401468788249693 0.7806788511749347 0.026927784577723376 0.01392515230635335
0 0.6597307221542227 0.8189730200174065 0.026927784577723376 0.017406440382941687
0 0.7001223990208078 0.8111401218450827 0.024479804161566705 0.015665796344647518
0 0.6634026927784578 0.8481288076588337 0.024479804161566705 0.014795474325500435
0 0.7123623011015912 0.8489991296779809 0.03182374541003671 0.016536118363794605
0 0.6744186046511628 0.8807658833768494 0.03182374541003671 0.012184508268059181
0 0.7221542227662178 0.8920800696257615 0.026927784577723376 0.015665796344647518
0 0.8684210526315789 0.8481288076588337 0.028151774785801713 0.013054830287206266
0 0.9112607099143206 0.8433420365535248 0.028151774785801713 0.012184508268059181
0 0.861689106487148 0.7989556135770235 0.024479804161566705 0.015665796344647518
0 0.8500611995104038 0.7650130548302871 0.023255813953488372 0.010443864229765013
0 0.8910648714810281 0.7602262837249782 0.022031823745410035 0.016536118363794605
0 0.8304773561811505 0.7293298520452567 0.028151774785801713 0.015665796344647518
0 0.876376988984088 0.7210617928633595 0.024479804161566705 0.014795474325500435
0 0.872705018359853 0.6927763272410792 0.024479804161566705 0.012184508268059181
0 0.8261933904528763 0.6914708442123586 0.026927784577723376 0.016536118363794605
0 0.8059975520195838 0.6518711923411662 0.02570379436964504 0.01392515230635335
0 0.8488372093023255 0.655787641427328 0.02570379436964504 0.016536118363794605
0 0.7876376988984087 0.6135770234986945 0.023255813953488372 0.01392515230635335
0 0.8317013463892288 0.6122715404699739 0.020807833537331698 0.018276762402088774
0 0.7833537331701346 0.5822454308093995 0.017135862913096694 0.012184508268059181
0 0.8317013463892288 0.5752828546562228 0.020807833537331698 0.017406440382941687
0 0.7815177478580171 0.5435161009573543 0.023255813953488372 0.014795474325500435
0 0.8115055079559362 0.5339425587467362 0.029375764993880046 0.018276762402088774
0 0.7717258261933904 0.5082680591818973 0.020807833537331698 0.015665796344647518
0 0.8023255813953488 0.4930374238468233 0.03059975520195838 0.013054830287206266
0 0.755813953488372 0.4734551784160139 0.02570379436964504 0.01392515230635335
0 0.7888616891064871 0.4617058311575283 0.023255813953488372 0.018276762402088774
0 0.7423500611995103 0.4390774586597041 0.02570379436964504 0.014795474325500435
0 0.7717258261933904 0.4216710182767624 0.023255813953488372 0.014795474325500435
0 0.7392900856793145 0.4116623150565709 0.03182374541003671 0.017406440382941687
0 0.7753977968176254 0.38250652741514357 0.02570379436964504 0.014795474325500435
0 0.7588739290085679 0.34464751958224543 0.026927784577723376 0.015665796344647518
0 0.7154222766217869 0.33463881636205395 0.020807833537331698 0.011314186248912098
0 0.7490820073439411 0.30983463881636203 0.017135862913096694 0.010443864229765013
0 0.711750305997552 0.3020017406440383 0.023255813953488372 0.01392515230635335
0 0.7399020807833536 0.2711053089643168 0.020807833537331698 0.016536118363794605
0 0.7037943696450428 0.26762402088772846 0.024479804161566705 0.014795474325500435
0 0.7282741738066095 0.2341166231505657 0.026927784577723376 0.017406440382941687
0 0.6848225214198286 0.23150565709312446 0.02570379436964504 0.015665796344647518
0 0.6811505507955936 0.1949521322889469 0.028151774785801713 0.019147084421235857
0 0.722766217870257 0.1949521322889469 0.023255813953488372 0.017406440382941687
0 0.6750305997552019 0.1536118363794604 0.02570379436964504 0.016536118363794605
0 0.7068543451652386 0.1505657093124456 0.023255813953488372 0.019147084421235857
0 0.6548347613219093 0.11488250652741513 0.017135862913096694 0.012184508268059181
0 0.6915544675642594 0.11314186248912098 0.03427172582619339 0.015665796344647518
0 0.6389228886168911 0.0783289817232376 0.017135862913096694 0.017406440382941687
0 0.6817625458996327 0.0670147954743255 0.019583843329253364 0.01392515230635335
0 0.6768665850673194 0.0391644908616188 0.022031823745410035 0.01392515230635335
0 0.6285189718482251 0.03698868581375109 0.023255813953488372 0.013054830287206266