0 0.3516284680337756 0.9484402079722704 0.02533172496984318 0.01993067590987868
0 0.31242460796139926 0.9493067590987868 0.026537997587454763 0.018197573656845753
0 0.29312424607961396 0.9077123050259965 0.02895054282267792 0.02166377816291161
0 0.3437876960193003 0.9111785095320624 0.024125452352231604 0.014731369150779895
0 0.3365500603136309 0.8873483535528596 0.024125452352231604 0.01386481802426343
0 0.2834740651387213 0.8717504332755632 0.02895054282267792 0.01733102253032929
0 0.32388419782870925 0.8622183708838821 0.030156815440289503 0.019064124783362217
0 0.2738238841978287 0.8453206239168111 0.02171290711700844 0.016464471403812825
0 0.31966224366706875 0.8288561525129983 0.02171290711700844 0.016464471403812825
0 0.26839565741857657 0.8149913344887348 0.0180940892641737 0.011265164644714037
0 0.304583835946924 0.7959272097053726 0.022919179734620022 0.01993067590987868
0 0.2539203860072376 0.7759965337954939 0.030156815440289503 0.02339688041594454
0 0.2907117008443908 0.7538994800693241 0.026537997587454763 0.01733102253032929
0 0.2750301568154403 0.6863084922010398 0.02171290711700844 0.015597920277296359
0 0.2243667068757539 0.6971403812824957 0.016887816646562123 0.009532062391681109
0 0.2189384800965018 0.6659445407279029 0.027744270205066344 0.018197573656845753
0 0.26477683956574183 0.6516464471403812 0.022919179734620022 0.015597920277296359
0 0.2056694813027744 0.6360485268630849 0.0180940892641737 0.010398613518197573
0 0.2551266586248492 0.626949740034662 0.022919179734620022 0.01993067590987868
0 0.19963811821471653 0.5992201039861351 0.020506634499396863 0.014731369150779895
0 0.25090470446320867 0.5957538994800693 0.024125452352231604 0.016464471403812825
0 0.19300361881785283 0.5654246100519931 0.02171290711700844 0.016464471403812825
0 0.2255729794933655 0.5333622183708838 0.026537997587454763 0.014731369150779895
0 0.18033775633293123 0.5303292894280762 0.02533172496984318 0.015597920277296359
0 0.17129071170084437 0.5060658578856152 0.02171290711700844 0.01733102253032929
0 0.1646562123039807 0.47703639514731366 0.020506634499396863 0.012998266897746967
0 0.2050663449939686 0.4436741767764298 0.02171290711700844 0.01733102253032929
0 0.1875753920386007 0.40597920277296357 0.02533172496984318 0.014731369150779895
0 0.17430639324487332 0.37218370883882146 0.022919179734620022 0.014731369150779895
0 0.17189384800965016 0.3427209705372617 0.0180940892641737 0.014731369150779895
0 0.14957780458383593 0.3024263431542461 0.024125452352231604 0.01733102253032929
0 0.10554885404101326 0.2820623916811092 0.02533172496984318 0.012998266897746967
0 0.14656212303980698 0.2729636048526863 0.015681544028950542 0.012131715771230503
0 0.13811821471652594 0.24176776429809357 0.022919179734620022 0.01733102253032929
0 0.08504221954161639 0.2261698440207972 0.02533172496984318 0.015597920277296359
0 0.13510253317249699 0.21577123050259964 0.024125452352231604 0.01733102253032929
0 0.07177322074788901 0.18847487001733101 0.0180940892641737 0.014731369150779895
0 0.11580217129071169 0.1603119584055459 0.024125452352231604 0.015597920277296359
0 0.059710494571773215 0.15987868284228768 0.022919179734620022 0.012998266897746967
0 0.26357056694813025 0.1360485268630849 0.030156815440289503 0.019064124783362217
0 0.28226779252110973 0.17244367417677642 0.024125452352231604 0.020797227036395145
0 0.29433051869722554 0.24306759098786826 0.02171290711700844 0.014731369150779895
0 0.3365500603136309 0.23916811091854417 0.024125452352231604 0.015597920277296359
0 0.3480096501809409 0.2729636048526863 0.020506634499396863 0.010398613518197573
0 0.2979493365500603 0.2772963604852686 0.024125452352231604 0.01386481802426343
0 0.316043425814234 0.3119584055459272 0.02171290711700844 0.015597920277296359
0 0.3540410132689988 0.3089254766031196 0.022919179734620022 0.012998266897746967
0 0.32267792521109767 0.3591854419410745 0.0180940892641737 0.012998266897746967
0 0.37092882991556086 0.37998266897746963 0.022919179734620022 0.018197573656845753
0 0.34016887816646557 0.4116117850953206 0.016887816646562123 0.015597920277296359
0 0.38118214716525933 0.40771230502599654 0.01447527141133896 0.011265164644714037
0 0.3848009650180941 0.4397746967071057 0.02171290711700844 0.012998266897746967
0 0.3630880579010856 0.47010398613518195 0.024125452352231604 0.016464471403812825
0 0.402291917973462 0.47357019064124783 0.02533172496984318 0.014731369150779895
0 0.37273823884197826 0.4991334488734835 0.02171290711700844 0.01386481802426343
0 0.4131483715319662 0.4948006932409012 0.013268998793727381 0.010398613518197573
0 0.37394451145958985 0.5342287694974003 0.019300361881785282 0.014731369150779895
0 0.425211097708082 0.5346620450606585 0.02533172496984318 0.01733102253032929
0 0.4318455971049457 0.5658578856152513 0.01447527141133896 0.010398613518197573
0 0.3926417370325693 0.5680242634315424 0.013268998793727381 0.006065857885615251
0 0.4439083232810615 0.6278162911611784 0.02895054282267792 0.018197573656845753
0 0.41495778045838355 0.6395147313691507 0.016887816646562123 0.010398613518197573
0 0.42219541616405304 0.6637781629116117 0.019300361881785282 0.012131715771230503
0 0.4583835946924005 0.6611785095320624 0.024125452352231604 0.015597920277296359
0 0.43365500603136303 0.7036395147313691 0.02533172496984318 0.01386481802426343
0 0.47708082026537996 0.7240034662045061 0.02533172496984318 0.014731369150779895
0 0.44752714113389624 0.7603986135181975 0.019300361881785282 0.014731369150779895
0 0.4620024125452352 0.8249566724436741 0.02171290711700844 0.01733102253032929
0 0.5138721351025332 0.8570190641247833 0.024125452352231604 0.015597920277296359
0 0.4849215922798552 0.8921143847487001 0.026537997587454763 0.014731369150779895
0 0.5253317249698432 0.8925476603119583 0.022919179734620022 0.01733102253032929
0 0.4819059107358263 0.9202772963604852 0.02533172496984318 0.01733102253032929
0 0.7316043425814234 0.8847487001733102 0.0180940892641737 0.008665511265164644
0 0.6899879372738238 0.8847487001733102 0.026537997587454763 0.015597920277296359
0 0.6718938480096501 0.8422876949740035 0.026537997587454763 0.019064124783362217
0 0.6574185765983112 0.8123916811091854 0.02171290711700844 0.009532062391681109
0 0.6942098914354644 0.7794627383015598 0.022919179734620022 0.01993067590987868
0 0.6417370325693607 0.7543327556325823 0.02895054282267792 0.018197573656845753
0 0.6821471652593486 0.7469670710571923 0.020506634499396863 0.01386481802426343
0 0.62605548854041 0.7248700173310225 0.02895054282267792 0.016464471403812825
0 0.6718938480096501 0.7092720970537262 0.019300361881785282 0.012998266897746967
0 0.62605548854041 0.6902079722703639 0.01447527141133896 0.011265164644714037
0 0.6682750301568154 0.6750433275563258 0.02171290711700844 0.015597920277296359
0 0.6513872135102533 0.6451473136915078 0.024125452352231604 0.014731369150779895
0 0.6019300361881785 0.6191507798960139 0.024125452352231604 0.014731369150779895
0 0.6447527141133896 0.6148180242634315 0.02533172496984318 0.016464471403812825
0 0.5850422195416164 0.5563258232235702 0.02895054282267792 0.015597920277296359
0 0.6170084439083232 0.5212305025996533 0.027744270205066344 0.014731369150779895
0 0.5802171290711701 0.5281629116117851 0.019300361881785282 0.014731369150779895
0 0.5675512665862484 0.49393414211438474 0.020506634499396863 0.01733102253032929
0 0.5645355850422195 0.46187175043327555 0.026537997587454763 0.01733102253032929
0 0.6007237635705669 0.4493067590987868 0.019300361881785282 0.01993067590987868
0 0.5880579010856453 0.42417677642980933 0.02533172496984318 0.02166377816291161
0 0.54583835946924 0.4267764298093587 0.020506634499396863 0.012998266897746967
0 0.5422195416164053 0.3929809358752166 0.022919179734620022 0.018197573656845753
0 0.5784077201447527 0.37694974003466203 0.022919179734620022 0.01733102253032929
0 0.5301568154402895 0.3539861351819757 0.02533172496984318 0.01993067590987868
0 0.5168878166465621 0.31845753899480067 0.027744270205066344 0.01993067590987868
0 0.5048250904704463 0.2833622183708839 0.02533172496984318 0.01733102253032929
0 0.5500603136308806 0.2837954939341421 0.031363088057901084 0.02166377816291161
0 0.49577804583835944 0.24306759098786826 0.016887816646562123 0.012998266897746967
0 0.5277442702050663 0.20667244367417675 0.030156815440289503 0.02166377816291161
0 0.48250904704463204 0.18110918544194107 0.024125452352231604 0.015597920277296359
0 0.4674306393244873 0.14211438474870017 0.022919179734620022 0.01733102253032929
0 0.45958986731001206 0.10615251299826689 0.026537997587454763 0.016464471403812825
0 0.51145958986731 0.1035528596187175 0.019300361881785282 0.012998266897746967
0 0.4487334137515078 0.08188908145580588 0.02895054282267792 0.018197573656845753
0 0.4933655006031363 0.07149046793760831 0.02171290711700844 0.014731369150779895
0 0.9161640530759951 0.8479202772963604 0.027744270205066344 0.018197573656845753
0 0.8606755126658624 0.817157712305026 0.02533172496984318 0.015597920277296359
0 0.9089264173703256 0.8167244367417678 0.02533172496984318 0.016464471403812825
0 0.8902291917973462 0.7508665511265165 0.031363088057901084 0.014731369150779895
0 0.8437876960193003 0.7487001733102253 0.020506634499396863 0.01733102253032929
0 0.8317249698431846 0.7136048526863085 0.020506634499396863 0.011265164644714037
0 0.8745476477683956 0.7140381282495667 0.019300361881785282 0.015597920277296359
0 0.8250904704463208 0.6798093587521663 0.02171290711700844 0.01993067590987868
0 0.8775633293124245 0.6763431542461005 0.020506634499396863 0.009532062391681109
0 0.8226779252110976 0.6464471403812825 0.02171290711700844 0.01386481802426343
0 0.850422195416164 0.6031195840554593 0.033775633293124246 0.015597920277296359
0 0.8033775633293123 0.5875216637781628 0.009650180940892641 0.006932409012131715
0 0.7937273823884198 0.5511265164644714 0.016887816646562123 0.01733102253032929
0 0.8413751507840771 0.5506932409012132 0.02533172496984318 0.014731369150779895
0 0.7822677925211097 0.5216637781629115 0.015681544028950542 0.012131715771230503
0 0.770205066344994 0.48526863084922006 0.015681544028950542 0.012131715771230503
0 0.8250904704463208 0.48526863084922006 0.01447527141133896 0.012131715771230503
0 0.8178528347406513 0.44974003466204504 0.024125452352231604 0.019064124783362217
0 0.7605548854041013 0.4475736568457539 0.015681544028950542 0.014731369150779895
0 0.8075995174909529 0.41594454072790293 0.02533172496984318 0.019064124783362217
0 0.7424607961399275 0.3886481802426343 0.013268998793727381 0.009532062391681109
0 0.738238841978287 0.36091854419410746 0.01447527141133896 0.009532062391681109
0 0.7889022919179735 0.3509532062391681 0.02171290711700844 0.01386481802426343
0 0.7285886610373944 0.3310225303292894 0.019300361881785282 0.015597920277296359
0 0.7744270205066345 0.32192374350086655 0.019300361881785282 0.012998266897746967
0 0.7177322074788902 0.30069324090121313 0.016887816646562123 0.01386481802426343
0 0.7647768395657418 0.2902946273830156 0.024125452352231604 0.01386481802426343
0 0.7629674306393245 0.2586655112651646 0.02533172496984318 0.014731369150779895
0 0.7038600723763571 0.22140381282495666 0.02533172496984318 0.018197573656845753
0 0.7370325693606755 0.19150779896013864 0.031363088057901084 0.01733102253032929
0 0.6773220747889023 0.1572790294627383 0.020506634499396863 0.014731369150779895
0 0.7285886610373944 0.14991334488734834 0.02171290711700844 0.015597920277296359
0 0.7080820265379976 0.11611785095320623 0.024125452352231604 0.015597920277296359
0 0.6634499396863691 0.11221837088388215 0.019300361881785282 0.014731369150779895
0 0.7008443908323281 0.08708838821490468 0.02171290711700844 0.012998266897746967