0 0.36520376175548586 0.042238648363252376 0.05329153605015674 0.01900739176346357
0 0.3714733542319749 0.07655755015839492 0.09090909090909091 0.028511087645195353
0 0.26489028213166144 0.10348468848996831 0.10344827586206896 0.02956705385427666
0 0.2335423197492163 0.13463569165786693 0.08463949843260188 0.028511087645195353
0 0.2695924764890282 0.1710665258711721 0.07523510971786834 0.03590285110876452
0 0.38714733542319746 0.12882787750791974 0.07210031347962383 0.0337909186906019
0 0.4231974921630094 0.17423442449841603 0.0877742946708464 0.027455121436114043
0 0.29780564263322884 0.2143611404435058 0.12539184952978055 0.03167898627243928
0 0.43573667711598746 0.21383315733896513 0.06269592476489028 0.024287222808870114
0 0.3275862068965517 0.26610348468848993 0.09717868338557993 0.0337909186906019
0 0.47962382445141066 0.2988384371700105 0.06896551724137931 0.03590285110876452
0 0.3949843260188088 0.30200633579725444 0.10031347962382445 0.023231256599788804
0 0.3683385579937304 0.35374868004223864 0.06583072100313479 0.023231256599788804
0 0.5062695924764891 0.3437170010559662 0.08463949843260188 0.028511087645195353
0 0.5109717868338558 0.3748680042238648 0.050156739811912224 0.021119324181626188
0 0.40282131661442006 0.3901795142555438 0.07210031347962383 0.026399155227032733
0 0.4012539184952978 0.42555438225976766 0.0877742946708464 0.03590285110876452
0 0.5454545454545454 0.42555438225976766 0.0877742946708464 0.027455121436114043
0 0.45141065830721 0.46145723336853217 0.07523510971786834 0.021119324181626188
0 0.5658307210031348 0.4662090813093981 0.04702194357366771 0.022175290390707494
0 0.46394984326018807 0.5068637803590285 0.07523510971786834 0.03590285110876452
0 0.5924764890282131 0.510559662090813 0.09404388714733541 0.03273495248152059
0 0.603448275862069 0.5506863780359028 0.08463949843260188 0.026399155227032733
0 0.5094043887147335 0.5596620908130939 0.09090909090909091 0.03590285110876452
0 0.5031347962382445 0.5997888067581837 0.10971786833855798 0.03167898627243928
0 0.6316614420062696 0.585533262935586 0.06583072100313479 0.024287222808870114
0 0.6551724137931034 0.629883843717001 0.0877742946708464 0.01795142555438226
0 0.5219435736677116 0.64519535374868 0.09717868338557993 0.023231256599788804
0 0.6880877742946708 0.6858500527983104 0.07836990595611285 0.01795142555438226
0 0.5815047021943573 0.6979936642027454 0.10971786833855798 0.025343189017951424
0 0.6880877742946708 0.7148891235480465 0.07210031347962383 0.03167898627243928
0 0.7163009404388715 0.7634635691657866 0.10344827586206896 0.025343189017951424
0 0.5830721003134796 0.7576557550158395 0.08150470219435736 0.039070749736008444
0 0.6316614420062696 0.7861668426610348 0.09090909090909091 0.024287222808870114
0 0.7539184952978056 0.8099260823653642 0.10971786833855798 0.027455121436114043
0 0.615987460815047 0.8357972544878564 0.09090909090909091 0.028511087645195353
0 0.6394984326018809 0.8717001055966208 0.1128526645768025 0.026399155227032733
0 0.7523510971786833 0.8690601900739175 0.08150470219435736 0.027455121436114043
0 0.8040752351097178 0.9044350580781414 0.08463949843260188 0.022175290390707494
0 0.6567398119122256 0.9208025343189017 0.08463949843260188 0.03590285110876452
0 0.6802507836990596 0.964625131995776 0.07523510971786834 0.02006335797254488