0 0.28387850467289716 0.9447236180904522 0.02102803738317757 0.010050251256281407
0 0.32476635514018687 0.9388609715242882 0.018691588785046728 0.01507537688442211
0 0.2739485981308411 0.9078726968174204 0.01985981308411215 0.01340033500837521
0 0.31834112149532706 0.9061976549413735 0.017523364485981307 0.008375209380234505
0 0.3066588785046729 0.8773031825795645 0.017523364485981307 0.01423785594639866
0 0.2628504672897196 0.8739530988274707 0.02102803738317757 0.01256281407035176
0 0.25408878504672894 0.8404522613065327 0.017523364485981307 0.01423785594639866
0 0.29906542056074764 0.8425460636515913 0.02336448598130841 0.01507537688442211
0 0.2891355140186916 0.8119765494137353 0.02219626168224299 0.01423785594639866
0 0.24240654205607476 0.8031825795644891 0.02219626168224299 0.01340033500837521
0 0.28154205607476634 0.7805695142378559 0.018691588785046728 0.01340033500837521
0 0.2342289719626168 0.7738693467336684 0.015186915887850466 0.01172529313232831
0 0.2739485981308411 0.7504187604690118 0.02219626168224299 0.01172529313232831
0 0.23481308411214952 0.7470686767169179 0.02336448598130841 0.01340033500837521
0 0.25292056074766356 0.714824120603015 0.026869158878504672 0.01423785594639866
0 0.2231308411214953 0.7173366834170855 0.02102803738317757 0.010887772194304857
0 0.24707943925233644 0.681323283082077 0.01985981308411215 0.01423785594639866
0 0.21261682242990654 0.6796482412060302 0.02102803738317757 0.01256281407035176
0 0.1985981308411215 0.6503350083752094 0.02102803738317757 0.009212730318257957
0 0.24357476635514017 0.6457286432160804 0.03387850467289719 0.018425460636515914
0 0.23072429906542055 0.6126465661641541 0.01985981308411215 0.022613065326633167
0 0.18749999999999997 0.6130653266331658 0.01985981308411215 0.01675041876046901
0 0.18574766355140185 0.5799832495812396 0.02102803738317757 0.009212730318257957
0 0.21320093457943923 0.5783082077051926 0.015186915887850466 0.01423785594639866
0 0.21203271028037382 0.5414572864321608 0.01985981308411215 0.01423785594639866
0 0.17523364485981308 0.5456448911222781 0.02102803738317757 0.009212730318257957
0 0.1717289719626168 0.5196817420435511 0.02570093457943925 0.01256281407035176
0 0.20443925233644858 0.5163316582914573 0.02102803738317757 0.01423785594639866
0 0.16179906542056074 0.4865996649916248 0.02219626168224299 0.01507537688442211
0 0.14661214953271026 0.45603015075376885 0.01985981308411215 0.010887772194304857
0 0.18457943925233644 0.4463986599664992 0.02570093457943925 0.01507537688442211
0 0.17640186915887848 0.4120603015075377 0.03271028037383177 0.01675041876046901
0 0.12675233644859812 0.3898659966499163 0.02219626168224299 0.01256281407035176
0 0.1606308411214953 0.3785594639865997 0.026869158878504672 0.01340033500837521
0 0.11740654205607476 0.3555276381909548 0.017523364485981307 0.01423785594639866
0 0.15595794392523363 0.3463149078726968 0.01985981308411215 0.015912897822445562
0 0.1483644859813084 0.31993299832495814 0.02570093457943925 0.01340033500837521
0 0.09521028037383177 0.28726968174204354 0.017523364485981307 0.01172529313232831
0 0.13376168224299065 0.2864321608040201 0.026869158878504672 0.01675041876046901
0 0.12733644859813084 0.25125628140703515 0.02336448598130841 0.01675041876046901
0 0.11857476635514018 0.22068676716917923 0.017523364485981307 0.01256281407035176
0 0.08235981308411214 0.22152428810720268 0.017523364485981307 0.015912897822445562
0 0.06950934579439252 0.18299832495812396 0.012850467289719626 0.009212730318257957
0 0.06249999999999999 0.15159128978224456 0.01985981308411215 0.01172529313232831
0 0.10221962616822429 0.14991624790619765 0.012850467289719626 0.01172529313232831
0 0.3025700934579439 0.09757118927973199 0.02336448598130841 0.017587939698492462
0 0.30549065420560745 0.11976549413735343 0.02219626168224299 0.01340033500837521
0 0.2587616822429906 0.12520938023450587 0.02219626168224299 0.01423785594639866
0 0.27745327102803735 0.17127303182579565 0.01985981308411215 0.01423785594639866
0 0.3148364485981308 0.16499162479061977 0.01985981308411215 0.01507537688442211
0 0.28212616822429903 0.21231155778894473 0.01985981308411215 0.010887772194304857
0 0.3323598130841121 0.23450586264656617 0.017523364485981307 0.010050251256281407
0 0.2967289719626168 0.25041876046901174 0.014018691588785045 0.01172529313232831
0 0.3107476635514018 0.28852596314907875 0.02803738317757009 0.015912897822445562
0 0.3358644859813084 0.2646566164154104 0.02453271028037383 0.01675041876046901
0 0.31600467289719625 0.32202680067001677 0.017523364485981307 0.015912897822445562
0 0.3545560747663551 0.33291457286432163 0.017523364485981307 0.009212730318257957
0 0.33119158878504673 0.34840871021775544 0.02219626168224299 0.01340033500837521
0 0.3358644859813084 0.38484087102177555 0.01985981308411215 0.01423785594639866
0 0.3755841121495327 0.3706030150753769 0.026869158878504672 0.01423785594639866
0 0.40654205607476634 0.44472361809045224 0.02102803738317757 0.01340033500837521
0 0.35630841121495327 0.45226130653266333 0.02570093457943925 0.01340033500837521
0 0.36857476635514014 0.4794807370184255 0.01985981308411215 0.015912897822445562
0 0.4042056074766355 0.48576214405360135 0.02102803738317757 0.018425460636515914
0 0.37441588785046725 0.5469011725293133 0.012850467289719626 0.01172529313232831
0 0.4269859813084112 0.5506700167504188 0.02219626168224299 0.015912897822445562
0 0.38317757009345793 0.5795644891122278 0.018691588785046728 0.01340033500837521
0 0.39193925233644855 0.6101340033500837 0.017523364485981307 0.01256281407035176
0 0.44334112149532706 0.6185092127303182 0.026869158878504672 0.015912897822445562
0 0.39602803738317754 0.6377721943048577 0.014018691588785045 0.009212730318257957
0 0.4047897196261682 0.6637353433835846 0.017523364485981307 0.01256281407035176
0 0.4532710280373831 0.6549413735343383 0.02102803738317757 0.021775544388609715
0 0.4188084112149532 0.7010050251256281 0.015186915887850466 0.01172529313232831
0 0.4269859813084112 0.7290619765494137 0.02219626168224299 0.010887772194304857
0 0.4661214953271028 0.7282244556113903 0.03271028037383177 0.01423785594639866
0 0.43749999999999994 0.757537688442211 0.02453271028037383 0.009212730318257957
0 0.4807242990654205 0.768425460636516 0.017523364485981307 0.010887772194304857
0 0.44976635514018687 0.7902010050251257 0.02102803738317757 0.01423785594639866
0 0.45852803738317754 0.8157453936348409 0.017523364485981307 0.01172529313232831
0 0.4970794392523364 0.7952261306532663 0.02219626168224299 0.015912897822445562
0 0.5052570093457943 0.830820770519263 0.02920560747663551 0.018425460636515914
0 0.4632009345794392 0.8509212730318259 0.015186915887850466 0.01172529313232831
0 0.47546728971962615 0.8819095477386935 0.02102803738317757 0.01340033500837521
0 0.5169392523364486 0.8676716917922949 0.02453271028037383 0.01340033500837521
0 0.4830607476635514 0.907035175879397 0.02219626168224299 0.01507537688442211
0 0.5262850467289719 0.9036850921273032 0.02453271028037383 0.01675041876046901
0 0.661214953271028 0.8714405360134003 0.02102803738317757 0.010887772194304857
0 0.7213785046728971 0.8530150753768845 0.026869158878504672 0.01423785594639866
0 0.6542056074766355 0.8366834170854272 0.016355140186915886 0.01675041876046901
0 0.7009345794392523 0.8195142378559465 0.018691588785046728 0.015912897822445562
0 0.647196261682243 0.8069514237855947 0.02102803738317757 0.01423785594639866
0 0.6764018691588785 0.7495812395309883 0.018691588785046728 0.01675041876046901
0 0.6273364485981308 0.7374371859296482 0.02570093457943925 0.010887772194304857
0 0.671144859813084 0.716499162479062 0.017523364485981307 0.010887772194304857
0 0.6518691588785046 0.6825795644891123 0.02102803738317757 0.01340033500837521
0 0.6063084112149533 0.6712730318257957 0.02102803738317757 0.015912897822445562
0 0.6542056074766355 0.6515912897822446 0.02336448598130841 0.01172529313232831
0 0.6524532710280373 0.6172529313232831 0.02219626168224299 0.01507537688442211
0 0.6320093457943925 0.5829145728643216 0.02570093457943925 0.01340033500837521
0 0.5788551401869159 0.5682579564489112 0.017523364485981307 0.017587939698492462
0 0.6244158878504672 0.5439698492462312 0.026869158878504672 0.015912897822445562
0 0.6174065420560747 0.5154941373534339 0.02219626168224299 0.017587939698492462
0 0.5607476635514018 0.5104690117252931 0.02803738317757009 0.01423785594639866
0 0.6039719626168224 0.4824120603015075 0.035046728971962614 0.018425460636515914
0 0.5917056074766355 0.4501675041876047 0.02219626168224299 0.01256281407035176
0 0.5397196261682242 0.43927973199329984 0.018691588785046728 0.010887772194304857
0 0.586448598130841 0.4166666666666667 0.02336448598130841 0.015912897822445562
0 0.5315420560747663 0.40452261306532666 0.02102803738317757 0.01172529313232831
0 0.5671728971962616 0.38274706867671693 0.02920560747663551 0.01675041876046901
0 0.5169392523364486 0.3693467336683417 0.02219626168224299 0.01172529313232831
0 0.5595794392523364 0.3446398659966499 0.02102803738317757 0.015912897822445562
0 0.5449766355140186 0.31155778894472363 0.01985981308411215 0.01675041876046901
0 0.4900700934579439 0.27010050251256285 0.01985981308411215 0.01423785594639866
0 0.48247663551401865 0.23576214405360135 0.02570093457943925 0.01423785594639866
0 0.5274532710280373 0.23869346733668342 0.026869158878504672 0.018425460636515914
0 0.5216121495327103 0.2068676716917923 0.026869158878504672 0.01507537688442211
0 0.5011682242990654 0.17629815745393634 0.02102803738317757 0.019262981574539362
0 0.4632009345794392 0.16792294807370184 0.02453271028037383 0.01423785594639866
0 0.495911214953271 0.135678391959799 0.01985981308411215 0.021775544388609715
0 0.4567757009345794 0.13693467336683418 0.02336448598130841 0.015912897822445562
0 0.4894859813084112 0.1042713567839196 0.02102803738317757 0.017587939698492462
0 0.4427570093457944 0.11264656616415411 0.014018691588785045 0.007537688442211055
0 0.4339953271028037 0.08207705192629816 0.01985981308411215 0.01340033500837521
0 0.4830607476635514 0.06072026800670017 0.01985981308411215 0.015912897822445562
0 0.6133177570093458 0.05025125628140704 0.02336448598130841 0.01340033500837521
0 0.6606308411214953 0.035175879396984924 0.02219626168224299 0.018425460636515914
0 0.6688084112149533 0.07244556113902847 0.02219626168224299 0.019262981574539362
0 0.6787383177570093 0.09673366834170855 0.03271028037383177 0.017587939698492462
0 0.6436915887850467 0.1260469011725293 0.016355140186915886 0.01256281407035176
0 0.6869158878504672 0.1306532663316583 0.016355140186915886 0.008375209380234505
0 0.6448598130841121 0.1624790619765494 0.02570093457943925 0.01675041876046901
0 0.6956775700934579 0.16164154103852596 0.026869158878504672 0.01340033500837521
0 0.7067757009345794 0.1917922948073702 0.03037383177570093 0.018425460636515914
0 0.6559579439252335 0.20100502512562815 0.02453271028037383 0.01675041876046901
0 0.671144859813084 0.24078726968174205 0.015186915887850466 0.015912897822445562
0 0.7126168224299065 0.22906197654941374 0.018691588785046728 0.015912897822445562
0 0.7202102803738317 0.25963149078726966 0.02219626168224299 0.01340033500837521
0 0.7324766355140186 0.292713567839196 0.02336448598130841 0.017587939698492462
0 0.6939252336448598 0.31532663316582915 0.02102803738317757 0.01256281407035176
0 0.7424065420560747 0.32453936348408713 0.02453271028037383 0.017587939698492462
0 0.7056074766355139 0.3563651591289782 0.02102803738317757 0.015912897822445562
0 0.7546728971962616 0.35971524288107204 0.02336448598130841 0.01423785594639866
0 0.7242990654205607 0.39405360134003353 0.02336448598130841 0.01256281407035176
0 0.7757009345794392 0.42839195979899497 0.02803738317757009 0.015912897822445562
0 0.7400700934579438 0.43760469011725295 0.01985981308411215 0.01256281407035176
0 0.7815420560747663 0.461892797319933 0.02803738317757009 0.017587939698492462
0 0.7529205607476634 0.4723618090452261 0.01985981308411215 0.01172529313232831
0 0.7546728971962616 0.5154941373534339 0.02336448598130841 0.01423785594639866
0 0.7990654205607476 0.49581239530988275 0.02803738317757009 0.01340033500837521
0 0.8136682242990654 0.5322445561139029 0.012850467289719626 0.010887772194304857
0 0.7610981308411214 0.5489949748743719 0.017523364485981307 0.007537688442211055
0 0.8235981308411214 0.5690954773869347 0.016355140186915886 0.010887772194304857
0 0.8335280373831775 0.6084589614740369 0.01985981308411215 0.01423785594639866
0 0.7914719626168224 0.6231155778894473 0.017523364485981307 0.01172529313232831
0 0.8475467289719626 0.6453098827470687 0.01985981308411215 0.010887772194304857
0 0.8031542056074765 0.6612227805695142 0.02453271028037383 0.01423785594639866
0 0.8551401869158878 0.6859296482412061 0.02570093457943925 0.01507537688442211
0 0.8288551401869159 0.7675879396984925 0.02219626168224299 0.01256281407035176
0 0.8767523364485981 0.7751256281407035 0.02453271028037383 0.01423785594639866
0 0.8942757009345794 0.8211892797319933 0.02453271028037383 0.01256281407035176
0 0.8475467289719626 0.8433835845896147 0.02219626168224299 0.01172529313232831