0 0.19502617801047123 0.06715806715806716 0.08638743455497383 0.022932022932022934
0 0.34293193717277487 0.07043407043407043 0.10471204188481675 0.02620802620802621
0 0.21204188481675393 0.09295659295659296 0.07853403141361257 0.023751023751023753
0 0.3455497382198953 0.10524160524160525 0.07853403141361257 0.02538902538902539
0 0.22905759162303665 0.12244062244062245 0.07591623036649216 0.02538902538902539
0 0.3691099476439791 0.13963963963963966 0.08900523560209425 0.023751023751023753
0 0.25 0.1547911547911548 0.07068062827225131 0.022932022932022934
0 0.36518324607329844 0.1707616707616708 0.0968586387434555 0.018837018837018837
0 0.2683246073298429 0.1928746928746929 0.07591623036649216 0.0171990171990172
0 0.3848167539267016 0.2018837018837019 0.07853403141361257 0.020475020475020478
0 0.28403141361256545 0.22686322686322688 0.08638743455497383 0.024570024570024572
0 0.39267015706806285 0.22891072891072892 0.07853403141361257 0.022113022113022116
0 0.28403141361256545 0.2624897624897625 0.09162303664921466 0.02538902538902539
0 0.4136125654450262 0.26494676494676495 0.08376963350785341 0.02538902538902539
0 0.32068062827225136 0.291973791973792 0.07068062827225131 0.022113022113022116
0 0.4175392670157068 0.29443079443079445 0.10209424083769635 0.02538902538902539
0 0.46335078534031415 0.32555282555282555 0.08900523560209425 0.022113022113022116
0 0.3442408376963351 0.32514332514332517 0.09162303664921466 0.027846027846027847
0 0.36125654450261785 0.3603603603603604 0.07853403141361257 0.024570024570024572
0 0.4672774869109948 0.3607698607698608 0.08638743455497383 0.02702702702702703
0 0.39136125654450266 0.38820638820638825 0.07068062827225131 0.024570024570024572
0 0.4803664921465969 0.38943488943488946 0.08638743455497383 0.020475020475020478
0 0.4869109947643979 0.4164619164619165 0.08900523560209425 0.028665028665028666
0 0.4136125654450262 0.43161343161343163 0.07329842931937174 0.014742014742014743
0 0.5222513089005236 0.45372645372645376 0.07591623036649216 0.027846027846027847
0 0.43586387434554974 0.45741195741195745 0.06544502617801047 0.013923013923013924
0 0.43062827225130895 0.4901719901719902 0.07068062827225131 0.03194103194103194
0 0.5405759162303665 0.47911547911547914 0.09162303664921466 0.01965601965601966
0 0.5445026178010471 0.5176085176085177 0.09424083769633508 0.022932022932022934
0 0.4541884816753927 0.5315315315315315 0.09162303664921466 0.01965601965601966
0 0.5654450261780105 0.5425880425880426 0.08900523560209425 0.023751023751023753
0 0.46073298429319376 0.5647010647010647 0.08376963350785341 0.022113022113022116
0 0.5824607329842932 0.5802620802620803 0.060209424083769635 0.020475020475020478
0 0.4790575916230367 0.5982800982800983 0.08900523560209425 0.02538902538902539
0 0.6073298429319373 0.6146601146601147 0.07329842931937174 0.03194103194103194
0 0.4869109947643979 0.6384111384111385 0.07853403141361257 0.023751023751023753
0 0.6047120418848168 0.6515151515151516 0.07853403141361257 0.022113022113022116
0 0.5274869109947644 0.6740376740376741 0.10209424083769635 0.031122031122031123
0 0.6479057591623038 0.6728091728091729 0.08115183246073299 0.020475020475020478
0 0.6583769633507853 0.7063882063882064 0.08115183246073299 0.03357903357903358
0 0.5445026178010471 0.7113022113022114 0.08900523560209425 0.023751023751023753
0 0.6780104712041886 0.7371007371007372 0.09424083769633508 0.024570024570024572
0 0.5602094240837696 0.7465192465192466 0.06282722513089006 0.0171990171990172
0 0.6845549738219896 0.7702702702702703 0.06544502617801047 0.03194103194103194
0 0.5916230366492147 0.7813267813267813 0.08376963350785341 0.01965601965601966
0 0.7041884816753927 0.8075348075348076 0.08376963350785341 0.027846027846027847
0 0.6191099476439791 0.8226863226863227 0.07591623036649216 0.018837018837018837
0 0.7356020942408378 0.8435708435708437 0.07853403141361257 0.029484029484029485
0 0.6505235602094241 0.8603603603603605 0.06544502617801047 0.030303030303030304
0 0.6439790575916231 0.8865683865683867 0.09947643979057592 0.0171990171990172
0 0.7526178010471205 0.8775593775593776 0.08638743455497383 0.028665028665028666
0 0.7840314136125655 0.9115479115479116 0.09162303664921466 0.021294021294021297
0 0.6413612565445027 0.9205569205569206 0.06282722513089006 0.01965601965601966
0 0.6636125654450262 0.9422604422604424 0.08115183246073299 0.02702702702702703
0 0.8036649214659687 0.9418509418509419 0.09424083769633508 0.021294021294021297
0 0.668848167539267 0.9717444717444718 0.07591623036649216 0.015561015561015561