0 0.29516539440203565 0.9470740103270224 0.03816793893129771 0.02151462994836489
0 0.33587786259541985 0.943631669535284 0.025445292620865142 0.02323580034423408
0 0.316793893129771 0.9156626506024097 0.027989821882951654 0.020654044750430294
0 0.27735368956743006 0.9070567986230638 0.033078880407124686 0.01549053356282272
0 0.2779898218829517 0.879948364888124 0.031806615776081425 0.019793459552495698
0 0.3104325699745547 0.8855421686746988 0.020356234096692113 0.01549053356282272
0 0.306615776081425 0.8515490533562823 0.03053435114503817 0.02151462994836489
0 0.2633587786259542 0.8459552495697075 0.025445292620865142 0.01549053356282272
0 0.2563613231552163 0.8201376936316696 0.029262086513994912 0.022375215146299483
0 0.30407124681933845 0.8257314974182445 0.02290076335877863 0.014629948364888125
0 0.28053435114503816 0.7887263339070568 0.02162849872773537 0.012908777969018933
0 0.2385496183206107 0.7835628227194492 0.029262086513994912 0.014629948364888125
0 0.2697201017811705 0.751290877796902 0.03053435114503817 0.01549053356282272
0 0.23282442748091606 0.7465576592082617 0.03053435114503817 0.018072289156626505
0 0.21882951653944022 0.7164371772805508 0.03053435114503817 0.02151462994836489
0 0.2627226463104326 0.7142857142857143 0.029262086513994912 0.0189328743545611
0 0.20865139949109415 0.6794320137693632 0.02290076335877863 0.018072289156626505
0 0.24681933842239187 0.6708261617900172 0.027989821882951654 0.019793459552495698
0 0.19847328244274812 0.6432874354561102 0.027989821882951654 0.019793459552495698
0 0.23791348600508908 0.6359724612736661 0.03053435114503817 0.01549053356282272
0 0.19020356234096694 0.6088640275387264 0.03435114503816794 0.018072289156626505
0 0.22646310432569977 0.6062822719449226 0.02290076335877863 0.019793459552495698
0 0.22137404580152673 0.5709982788296042 0.017811704834605598 0.012908777969018933
0 0.18384223918575066 0.5679862306368331 0.03435114503816794 0.0189328743545611
0 0.17557251908396948 0.5339931153184165 0.03053435114503817 0.016351118760757316
0 0.2137404580152672 0.5339931153184165 0.017811704834605598 0.011187607573149742
0 0.20165394402035625 0.49440619621342513 0.02162849872773537 0.016351118760757316
0 0.1533078880407125 0.49956970740103274 0.029262086513994912 0.018072289156626505
0 0.13867684478371503 0.4634251290877797 0.03053435114503817 0.02151462994836489
0 0.178117048346056 0.45740103270223753 0.03053435114503817 0.019793459552495698
0 0.16857506361323157 0.42426850258175564 0.029262086513994912 0.024096385542168676
0 0.1316793893129771 0.42900172117039587 0.031806615776081425 0.02151462994836489
0 0.1316793893129771 0.39457831325301207 0.024173027989821884 0.011187607573149742
0 0.16666666666666669 0.39328743545611017 0.025445292620865142 0.013769363166953529
0 0.15966921119592878 0.3661790017211704 0.031806615776081425 0.016351118760757316
0 0.12277353689567432 0.36101549053356286 0.031806615776081425 0.02323580034423408
0 0.10623409669211197 0.33089500860585197 0.029262086513994912 0.02323580034423408
0 0.1469465648854962 0.3244406196213425 0.03435114503816794 0.024096385542168676
0 0.13613231552162852 0.29604130808950085 0.025445292620865142 0.0189328743545611
0 0.09541984732824428 0.29130808950086057 0.03053435114503817 0.02151462994836489
0 0.09096692111959288 0.26247848537005164 0.0267175572519084 0.020654044750430294
0 0.12595419847328246 0.2508605851979346 0.033078880407124686 0.016351118760757316
0 0.0846055979643766 0.22676419965576594 0.0267175572519084 0.02151462994836489
0 0.1157760814249364 0.2160068846815835 0.035623409669211195 0.017211703958691912
0 0.07315521628498728 0.18631669535283993 0.024173027989821884 0.018072289156626505
0 0.06043256997455471 0.1518932874354561 0.024173027989821884 0.018072289156626505
0 0.09605597964376592 0.14457831325301204 0.0267175572519084 0.020654044750430294
0 0.28562340966921124 0.10843373493975904 0.013994910941475827 0.010327022375215147
0 0.2589058524173028 0.12607573149741824 0.0267175572519084 0.011187607573149742
0 0.2652671755725191 0.15404475043029262 0.029262086513994912 0.017211703958691912
0 0.32188295165394404 0.17900172117039587 0.02290076335877863 0.0189328743545611
0 0.2830788804071247 0.22461273666092943 0.0267175572519084 0.017211703958691912
0 0.29961832061068705 0.24913941480206542 0.0267175572519084 0.018072289156626505
0 0.3097964376590331 0.2908777969018933 0.0267175572519084 0.0189328743545611
0 0.31361323155216286 0.3240103270223752 0.031806615776081425 0.016351118760757316
0 0.32697201017811706 0.35714285714285715 0.02290076335877863 0.017211703958691912
0 0.3365139949109415 0.38468158347676423 0.031806615776081425 0.0189328743545611
0 0.344147582697201 0.423407917383821 0.03435114503816794 0.017211703958691912
0 0.35941475826972014 0.45912220309810675 0.03435114503816794 0.016351118760757316
0 0.36895674300254455 0.49268502581755597 0.025445292620865142 0.02151462994836489
0 0.3746819338422392 0.5223752151462995 0.024173027989821884 0.0189328743545611
0 0.39631043256997456 0.5456110154905336 0.0267175572519084 0.013769363166953529
0 0.3950381679389313 0.5830464716006885 0.0267175572519084 0.016351118760757316
0 0.41348600508905853 0.6075731497418244 0.025445292620865142 0.01549053356282272
0 0.4268447837150128 0.6437177280550774 0.031806615776081425 0.017211703958691912
0 0.41793893129771 0.6824440619621343 0.0267175572519084 0.012048192771084338
0 0.4325699745547074 0.7142857142857143 0.027989821882951654 0.01549053356282272
0 0.48218829516539446 0.7431153184165232 0.017811704834605598 0.014629948364888125
0 0.44465648854961837 0.7465576592082617 0.0267175572519084 0.019793459552495698
0 0.455470737913486 0.7848537005163512 0.027989821882951654 0.022375215146299483
0 0.4643765903307888 0.8218588640275387 0.035623409669211195 0.0189328743545611
0 0.5095419847328244 0.8197074010327022 0.013994910941475827 0.012908777969018933
0 0.47137404580152675 0.8541308089500861 0.031806615776081425 0.02151462994836489
0 0.4904580152671756 0.7870051635111877 0.011450381679389315 0.00774526678141136
0 0.494910941475827 0.8808089500860585 0.03053435114503817 0.016351118760757316
0 0.49363867684478374 0.919104991394148 0.03053435114503817 0.020654044750430294
0 0.6812977099236641 0.8937177280550774 0.024173027989821884 0.019793459552495698
0 0.72264631043257 0.8691910499139415 0.033078880407124686 0.024096385542168676
0 0.6787531806615776 0.8657487091222031 0.0267175572519084 0.017211703958691912
0 0.6717557251908397 0.8356282271944923 0.03053435114503817 0.013769363166953529
0 0.7118320610687023 0.8364888123924269 0.031806615776081425 0.020654044750430294
0 0.6984732824427481 0.8115318416523236 0.025445292620865142 0.022375215146299483
0 0.6615776081424937 0.803356282271945 0.035623409669211195 0.02151462994836489
0 0.660941475826972 0.7740963855421688 0.0267175572519084 0.019793459552495698
0 0.6908396946564886 0.7710843373493976 0.025445292620865142 0.024096385542168676
0 0.6437659033078881 0.7444061962134252 0.027989821882951654 0.024096385542168676
0 0.6844783715012723 0.7358003442340793 0.033078880407124686 0.017211703958691912
0 0.6755725190839695 0.7121342512908778 0.025445292620865142 0.018072289156626505
0 0.6367684478371501 0.7125645438898451 0.019083969465648856 0.013769363166953529
0 0.6202290076335878 0.6781411359724613 0.02162849872773537 0.017211703958691912
0 0.6653944020356235 0.6669535283993115 0.02290076335877863 0.0189328743545611
0 0.6513994910941476 0.6351118760757315 0.020356234096692113 0.020654044750430294
0 0.6075063613231553 0.6295180722891567 0.024173027989821884 0.014629948364888125
0 0.6374045801526718 0.593803786574871 0.033078880407124686 0.024096385542168676
0 0.5992366412213741 0.5963855421686747 0.03053435114503817 0.0189328743545611
0 0.5922391857506362 0.5611015490533563 0.031806615776081425 0.017211703958691912
0 0.6304071246819339 0.5593803786574871 0.0267175572519084 0.0189328743545611
0 0.5782442748091603 0.5288296041308089 0.024173027989821884 0.016351118760757316
0 0.628498727735369 0.5275387263339071 0.025445292620865142 0.020654044750430294
0 0.6075063613231553 0.488382099827883 0.029262086513994912 0.024956970740103272
0 0.573791348600509 0.4862306368330465 0.027989821882951654 0.0189328743545611
0 0.5604325699745547 0.4496557659208262 0.029262086513994912 0.02151462994836489
0 0.6024173027989822 0.4487951807228916 0.029262086513994912 0.019793459552495698
0 0.5890585241730281 0.41308089500860584 0.02290076335877863 0.01549053356282272
0 0.5534351145038169 0.41738382099827886 0.025445292620865142 0.017211703958691912
0 0.578880407124682 0.3782271944922547 0.020356234096692113 0.019793459552495698
0 0.5388040712468194 0.37736660929432014 0.03435114503816794 0.016351118760757316
0 0.522264631043257 0.3476764199655766 0.029262086513994912 0.020654044750430294
0 0.5636132315521629 0.3446643717728055 0.03053435114503817 0.019793459552495698
0 0.5597964376590331 0.3102409638554217 0.015267175572519085 0.018072289156626505
0 0.5082697201017812 0.3115318416523236 0.024173027989821884 0.013769363166953529
0 0.5044529262086515 0.2736660929432014 0.0267175572519084 0.017211703958691912
0 0.546437659033079 0.26979345955249573 0.019083969465648856 0.011187607573149742
0 0.5260814249363868 0.22633390705679862 0.024173027989821884 0.025817555938037865
0 0.4917302798982189 0.23752151462994836 0.0267175572519084 0.020654044750430294
0 0.4770992366412214 0.193631669535284 0.03053435114503817 0.020654044750430294
0 0.5178117048346056 0.18072289156626506 0.025445292620865142 0.0189328743545611
0 0.4567430025445293 0.14586919104991394 0.025445292620865142 0.016351118760757316
0 0.5012722646310432 0.1333907056798623 0.033078880407124686 0.020654044750430294
0 0.44720101781170485 0.10929432013769363 0.0267175572519084 0.01549053356282272
0 0.49363867684478374 0.096815834767642 0.033078880407124686 0.018072289156626505
0 0.43575063613231557 0.07271944922547333 0.02162849872773537 0.014629948364888125
0 0.4879134860050891 0.06454388984509467 0.031806615776081425 0.0189328743545611
0 0.6431297709923665 0.03270223752151463 0.02162849872773537 0.017211703958691912
0 0.6545801526717557 0.05938037865748709 0.03944020356234097 0.017211703958691912
0 0.673027989821883 0.08347676419965577 0.027989821882951654 0.01549053356282272
0 0.6793893129770993 0.10843373493975904 0.03053435114503817 0.020654044750430294
0 0.6921119592875319 0.14113597246127368 0.02290076335877863 0.017211703958691912
0 0.6959287531806616 0.16179001721170397 0.02290076335877863 0.01549053356282272
0 0.7029262086513995 0.18932874354561102 0.029262086513994912 0.017211703958691912
0 0.7251908396946566 0.22203098106712565 0.035623409669211195 0.017211703958691912
0 0.7220101781170484 0.25559380378657487 0.03435114503816794 0.020654044750430294
0 0.7786259541984734 0.3098106712564544 0.02290076335877863 0.008605851979345956
0 0.7334605597964378 0.2921686746987952 0.013994910941475827 0.012908777969018933
0 0.7410941475826972 0.3089500860585198 0.029262086513994912 0.022375215146299483
0 0.7493638676844784 0.342512908777969 0.027989821882951654 0.01549053356282272
0 0.7563613231552163 0.3679001721170396 0.03435114503816794 0.019793459552495698
0 0.8002544529262087 0.37521514629948366 0.012722646310432571 0.0068846815834767644
0 0.7754452926208651 0.43459552495697074 0.029262086513994912 0.01549053356282272
0 0.8231552162849873 0.46600688468158347 0.017811704834605598 0.014629948364888125
0 0.7875318066157762 0.501290877796902 0.012722646310432571 0.00946643717728055
0 0.8409669211195929 0.5322719449225474 0.017811704834605598 0.011187607573149742
0 0.8155216284987278 0.5611015490533563 0.027989821882951654 0.01549053356282272
0 0.844147582697201 0.5598106712564545 0.024173027989821884 0.014629948364888125
0 0.8301526717557253 0.6019793459552496 0.02162849872773537 0.016351118760757316
0 0.8683206106870229 0.6247848537005164 0.02162849872773537 0.01549053356282272
0 0.833969465648855 0.6600688468158348 0.029262086513994912 0.020654044750430294
0 0.8594147582697201 0.690619621342513 0.03435114503816794 0.02151462994836489
0 0.8975826972010179 0.7172977624784854 0.019083969465648856 0.016351118760757316
0 0.8778625954198473 0.7607573149741824 0.025445292620865142 0.017211703958691912
0 0.8829516539440204 0.7900172117039587 0.02290076335877863 0.017211703958691912
0 0.8829516539440204 0.8244406196213425 0.027989821882951654 0.0189328743545611
0 0.8924936386768448 0.8429432013769363 0.02162849872773537 0.014629948364888125