0 0.20948012232415902 0.07434052757793765 0.07033639143730887 0.031175059952038366
0 0.3654434250764526 0.07014388489208633 0.0764525993883792 0.03237410071942446
0 0.3761467889908257 0.11031175059952038 0.1162079510703364 0.03597122302158273
0 0.39755351681957185 0.16306954436450838 0.1345565749235474 0.03357314148681055
0 0.23853211009174313 0.13489208633093525 0.10397553516819572 0.027577937649880094
0 0.26146788990825687 0.17146282973621102 0.09480122324159021 0.040767386091127095
0 0.2981651376146789 0.2188249400479616 0.08256880733944955 0.027577937649880094
0 0.40061162079510704 0.21822541966426856 0.09174311926605505 0.03357314148681055
0 0.42813455657492355 0.25839328537170264 0.10397553516819572 0.041966426858513185
0 0.3149847094801223 0.2649880095923261 0.024464831804281346 0.021582733812949638
0 0.3363914373088685 0.31654676258992803 0.09174311926605505 0.03357314148681055
0 0.42813455657492355 0.3267386091127098 0.06116207951070336 0.03237410071942446
0 0.4602446483180428 0.3747002398081535 0.10703363914373089 0.03477218225419664
0 0.3577981651376147 0.36930455635491605 0.09174311926605505 0.031175059952038366
0 0.3730886850152905 0.41426858513189446 0.09174311926605505 0.03237410071942446
0 0.5030581039755352 0.420863309352518 0.10091743119266056 0.031175059952038366
0 0.4036697247706422 0.46822541966426856 0.09785932721712538 0.029976019184652276
0 0.5 0.4820143884892086 0.07033639143730887 0.028776978417266185
0 0.41437308868501527 0.5161870503597122 0.0764525993883792 0.039568345323741004
0 0.5244648318042814 0.5335731414868106 0.10703363914373089 0.03836930455635491
0 0.42048929663608564 0.5635491606714628 0.08868501529051988 0.043165467625899276
0 0.44954128440366975 0.6085131894484412 0.0856269113149847 0.03717026378896882
0 0.5611620795107034 0.604916067146283 0.10703363914373089 0.03237410071942446
0 0.5840978593272171 0.6402877697841726 0.09174311926605505 0.040767386091127095
0 0.4602446483180428 0.6618705035971223 0.0764525993883792 0.03597122302158273
0 0.5779816513761468 0.6834532374100719 0.09785932721712538 0.031175059952038366
0 0.6269113149847095 0.7206235011990407 0.07951070336391437 0.05275779376498801
0 0.4602446483180428 0.7038369304556354 0.08256880733944955 0.02398081534772182
0 0.481651376146789 0.7434052757793764 0.09480122324159021 0.031175059952038366
0 0.5030581039755352 0.7787769784172661 0.045871559633027525 0.02278177458033573
0 0.6299694189602446 0.776378896882494 0.0856269113149847 0.03717026378896882
0 0.5229357798165137 0.8219424460431655 0.07339449541284404 0.03717026378896882
0 0.6666666666666666 0.8249400479616307 0.0672782874617737 0.028776978417266185
0 0.6651376146788991 0.8591127098321343 0.08868501529051988 0.03237410071942446
0 0.5336391437308868 0.869904076738609 0.0764525993883792 0.03477218225419664
0 0.5626911314984709 0.9112709832134291 0.06116207951070336 0.03357314148681055
0 0.6865443425076453 0.9178657074340527 0.08256880733944955 0.03717026378896882
0 0.5932721712538226 0.9652278177458032 0.06116207951070336 0.026378896882494004
0 0.7125382262996942 0.9634292565947241 0.09785932721712538 0.039568345323741004