0 0.3263473053892216 0.9219409282700423 0.025149700598802394 0.014345991561181435
0 0.27664670658682633 0.9168776371308017 0.02155688622754491 0.014345991561181435
0 0.2682634730538922 0.8738396624472574 0.031137724550898204 0.017721518987341773
0 0.3017964071856287 0.8582278481012658 0.02155688622754491 0.01181434599156118
0 0.25868263473053893 0.8447257383966245 0.023952095808383235 0.01687763713080169
0 0.2994011976047904 0.8270042194092827 0.031137724550898204 0.01687763713080169
0 0.25449101796407186 0.8223628691983123 0.02035928143712575 0.019409282700421943
0 0.24491017964071857 0.7864978902953587 0.02035928143712575 0.01350210970464135
0 0.26766467065868266 0.7350210970464135 0.025149700598802394 0.01687763713080169
0 0.22574850299401197 0.7312236286919831 0.02035928143712575 0.014345991561181435
0 0.26047904191616766 0.7025316455696202 0.027544910179640718 0.02109704641350211
0 0.2179640718562874 0.6940928270042194 0.023952095808383235 0.014345991561181435
0 0.2502994011976048 0.6780590717299578 0.026347305389221556 0.017721518987341773
0 0.19820359281437125 0.6333333333333333 0.022754491017964073 0.009282700421940928
0 0.18562874251497005 0.6004219409282701 0.02155688622754491 0.014345991561181435
0 0.22395209580838324 0.5978902953586498 0.02155688622754491 0.016033755274261603
0 0.21077844311377245 0.5637130801687764 0.02155688622754491 0.01687763713080169
0 0.162874251497006 0.5151898734177215 0.016766467065868262 0.014345991561181435
0 0.19880239520958085 0.5054852320675105 0.01437125748502994 0.008438818565400845
0 0.1497005988023952 0.4772151898734177 0.031137724550898204 0.014345991561181435
0 0.1377245508982036 0.4459915611814346 0.02874251497005988 0.017721518987341773
0 0.137125748502994 0.41139240506329117 0.022754491017964073 0.010970464135021098
0 0.1724550898203593 0.4139240506329114 0.026347305389221556 0.014345991561181435
0 0.11796407185628742 0.3759493670886076 0.022754491017964073 0.014345991561181435
0 0.11796407185628742 0.35063291139240504 0.022754491017964073 0.016033755274261603
0 0.15209580838323353 0.3438818565400844 0.02155688622754491 0.016033755274261603
0 0.10538922155688622 0.319831223628692 0.023952095808383235 0.01687763713080169
0 0.14011976047904193 0.319831223628692 0.016766467065868262 0.01350210970464135
0 0.10179640718562874 0.2852320675105485 0.033532934131736525 0.01687763713080169
0 0.14191616766467066 0.2848101265822785 0.017964071856287425 0.014345991561181435
0 0.09161676646706586 0.249789029535865 0.022754491017964073 0.01518987341772152
0 0.11317365269461077 0.22025316455696203 0.022754491017964073 0.01350210970464135
0 0.08023952095808383 0.21983122362869198 0.023952095808383235 0.016033755274261603
0 0.0718562874251497 0.18227848101265823 0.016766467065868262 0.01518987341772152
0 0.06766467065868263 0.16118143459915613 0.025149700598802394 0.01350210970464135
0 0.11317365269461077 0.1877637130801688 0.015568862275449102 0.012658227848101266
0 0.3155688622754491 0.11308016877637131 0.025149700598802394 0.020253164556962026
0 0.3221556886227545 0.15232067510548525 0.023952095808383235 0.014345991561181435
0 0.3221556886227545 0.19240506329113924 0.02155688622754491 0.01350210970464135
0 0.2838323353293413 0.19957805907172996 0.02155688622754491 0.012658227848101266
0 0.2964071856287425 0.2540084388185654 0.02035928143712575 0.01181434599156118
0 0.3389221556886228 0.229957805907173 0.019161676646706587 0.016033755274261603
0 0.34790419161676644 0.26666666666666666 0.025149700598802394 0.01687763713080169
0 0.35149700598802397 0.29029535864978906 0.025149700598802394 0.01350210970464135
0 0.3251497005988024 0.36455696202531646 0.010778443113772455 0.006751054852320675
0 0.3778443113772455 0.36751054852320675 0.027544910179640718 0.012658227848101266
0 0.3317365269461078 0.3924050632911392 0.01437125748502994 0.010126582278481013
0 0.38263473053892216 0.42447257383966247 0.025149700598802394 0.01350210970464135
0 0.3508982035928144 0.44725738396624476 0.019161676646706587 0.01518987341772152
0 0.39820359281437123 0.46033755274261606 0.025149700598802394 0.019409282700421943
0 0.40718562874251496 0.4869198312236287 0.026347305389221556 0.01518987341772152
0 0.37904191616766464 0.5118143459915612 0.02035928143712575 0.012658227848101266
0 0.4227544910179641 0.520253164556962 0.02874251497005988 0.016033755274261603
0 0.4233532934131736 0.549367088607595 0.02035928143712575 0.01687763713080169
0 0.43173652694610776 0.5776371308016878 0.025149700598802394 0.017721518987341773
0 0.3970059880239521 0.6071729957805907 0.02035928143712575 0.012658227848101266
0 0.44431137724550895 0.6147679324894515 0.026347305389221556 0.016033755274261603
0 0.4155688622754491 0.6358649789029536 0.023952095808383235 0.019409282700421943
0 0.45089820359281435 0.649789029535865 0.017964071856287425 0.01181434599156118
0 0.4173652694610778 0.6666666666666666 0.02035928143712575 0.01518987341772152
0 0.4275449101796407 0.6987341772151899 0.026347305389221556 0.01687763713080169
0 0.4622754491017964 0.6856540084388186 0.02155688622754491 0.014345991561181435
0 0.4748502994011976 0.7143459915611814 0.02035928143712575 0.014345991561181435
0 0.42694610778443115 0.730379746835443 0.022754491017964073 0.010970464135021098
0 0.44550898203592815 0.7578059071729958 0.019161676646706587 0.01518987341772152
0 0.49161676646706587 0.770464135021097 0.022754491017964073 0.020253164556962026
0 0.4526946107784431 0.7957805907172996 0.023952095808383235 0.01350210970464135
0 0.5167664670658683 0.839662447257384 0.029940119760479042 0.01350210970464135
0 0.46706586826347307 0.8582278481012658 0.023952095808383235 0.018565400843881856
0 0.4784431137724551 0.8911392405063291 0.010778443113772455 0.008438818565400845
0 0.5287425149700599 0.8751054852320675 0.017964071856287425 0.01518987341772152
0 0.7359281437125749 0.8767932489451477 0.017964071856287425 0.01350210970464135
0 0.6844311377245509 0.8658227848101266 0.027544910179640718 0.01518987341772152
0 0.7245508982035928 0.8531645569620253 0.01437125748502994 0.01181434599156118
0 0.6688622754491018 0.8388185654008439 0.02035928143712575 0.018565400843881856
0 0.6574850299401197 0.8075949367088607 0.02874251497005988 0.01518987341772152
0 0.7143712574850299 0.8168776371308017 0.022754491017964073 0.01687763713080169
0 0.6622754491017964 0.7810126582278482 0.02155688622754491 0.016033755274261603
0 0.6467065868263473 0.7510548523206751 0.023952095808383235 0.01687763713080169
0 0.6910179640718562 0.7518987341772152 0.016766467065868262 0.01350210970464135
0 0.6808383233532934 0.7215189873417721 0.025149700598802394 0.018565400843881856
0 0.6323353293413173 0.6983122362869199 0.016766467065868262 0.009282700421940928
0 0.6712574850299401 0.6860759493670886 0.022754491017964073 0.01350210970464135
0 0.6497005988023952 0.6164556962025317 0.022754491017964073 0.016033755274261603
0 0.6047904191616766 0.6223628691983123 0.023952095808383235 0.016033755274261603
0 0.5982035928143713 0.5894514767932489 0.02035928143712575 0.016033755274261603
0 0.6335329341317365 0.5835443037974684 0.023952095808383235 0.017721518987341773
0 0.6239520958083832 0.5565400843881857 0.023952095808383235 0.016033755274261603
0 0.5862275449101796 0.550210970464135 0.029940119760479042 0.01350210970464135
0 0.6179640718562874 0.5164556962025316 0.02155688622754491 0.01687763713080169
0 0.5724550898203593 0.48902953586497894 0.019161676646706587 0.012658227848101266
0 0.6053892215568862 0.489873417721519 0.022754491017964073 0.019409282700421943
0 0.5964071856287425 0.4578059071729958 0.02874251497005988 0.02109704641350211
0 0.5646706586826348 0.44936708860759494 0.017964071856287425 0.010970464135021098
0 0.5934131736526946 0.42362869198312236 0.025149700598802394 0.01518987341772152
0 0.5341317365269461 0.3890295358649789 0.02874251497005988 0.01350210970464135
0 0.5790419161676646 0.38438818565400845 0.027544910179640718 0.016033755274261603
0 0.578443113772455 0.35738396624472574 0.02874251497005988 0.014345991561181435
0 0.5275449101796407 0.3620253164556962 0.013173652694610778 0.01350210970464135
0 0.5197604790419161 0.32827004219409284 0.01437125748502994 0.01181434599156118
0 0.5682634730538922 0.3219409282700422 0.022754491017964073 0.019409282700421943
0 0.51437125748503 0.29535864978902954 0.015568862275449102 0.010126582278481013
0 0.5095808383233533 0.2721518987341772 0.022754491017964073 0.016033755274261603
0 0.49760479041916167 0.23755274261603376 0.02035928143712575 0.009282700421940928
0 0.5383233532934132 0.23291139240506328 0.015568862275449102 0.01181434599156118
0 0.492814371257485 0.19915611814345993 0.017964071856287425 0.01687763713080169
0 0.48203592814371254 0.16751054852320676 0.025149700598802394 0.012658227848101266
0 0.5161676646706587 0.14135021097046413 0.02155688622754491 0.014345991561181435
0 0.4778443113772455 0.13248945147679325 0.026347305389221556 0.01350210970464135
0 0.4688622754491018 0.11434599156118144 0.022754491017964073 0.016033755274261603
0 0.4598802395209581 0.08312236286919832 0.019161676646706587 0.012658227848101266
0 0.6856287425149701 0.04177215189873418 0.022754491017964073 0.017721518987341773
0 0.6479041916167665 0.056118143459915615 0.023952095808383235 0.012658227848101266
0 0.7017964071856287 0.08607594936708861 0.023952095808383235 0.01687763713080169
0 0.6736526946107785 0.10548523206751055 0.02035928143712575 0.010126582278481013
0 0.7209580838323353 0.12658227848101267 0.023952095808383235 0.01181434599156118
0 0.6838323353293413 0.1540084388185654 0.019161676646706587 0.010970464135021098
0 0.6922155688622754 0.1962025316455696 0.02155688622754491 0.012658227848101266
0 0.7419161676646706 0.17426160337552743 0.029940119760479042 0.017721518987341773
0 0.7053892215568862 0.2417721518987342 0.02155688622754491 0.014345991561181435
0 0.7467065868263473 0.23628691983122363 0.022754491017964073 0.01350210970464135
0 0.7191616766467066 0.26962025316455696 0.02035928143712575 0.009282700421940928
0 0.7532934131736527 0.2738396624472574 0.026347305389221556 0.012658227848101266
0 0.7197604790419162 0.3012658227848101 0.019161676646706587 0.01181434599156118
0 0.7616766467065869 0.30253164556962026 0.02155688622754491 0.016033755274261603
0 0.7305389221556886 0.32742616033755273 0.02155688622754491 0.01518987341772152
0 0.7652694610778443 0.33502109704641353 0.023952095808383235 0.018565400843881856
0 0.7359281437125749 0.3637130801687764 0.017964071856287425 0.01181434599156118
0 0.7784431137724551 0.37046413502109704 0.02155688622754491 0.01350210970464135
0 0.7485029940119761 0.39535864978902957 0.02155688622754491 0.009282700421940928
0 0.7922155688622754 0.40042194092827005 0.025149700598802394 0.017721518987341773
0 0.7544910179640718 0.42995780590717303 0.026347305389221556 0.012658227848101266
0 0.7946107784431138 0.4320675105485232 0.027544910179640718 0.01687763713080169
0 0.7682634730538922 0.4582278481012658 0.032335329341317366 0.01518987341772152
0 0.8083832335329342 0.4578059071729958 0.023952095808383235 0.016033755274261603
0 0.8143712574850299 0.49831223628691984 0.026347305389221556 0.017721518987341773
0 0.7874251497005988 0.5101265822784811 0.025149700598802394 0.012658227848101266
0 0.8233532934131736 0.5312236286919831 0.025149700598802394 0.019409282700421943
0 0.7970059880239521 0.5447257383966245 0.027544910179640718 0.012658227848101266
0 0.8377245508982036 0.5569620253164557 0.02035928143712575 0.020253164556962026
0 0.8035928143712575 0.5746835443037975 0.019161676646706587 0.01518987341772152
0 0.834131736526946 0.5805907172995781 0.029940119760479042 0.01518987341772152
0 0.8149700598802395 0.6071729957805907 0.015568862275449102 0.014345991561181435
0 0.8467065868263473 0.6143459915611814 0.02155688622754491 0.01687763713080169
0 0.8520958083832335 0.6464135021097046 0.032335329341317366 0.01687763713080169
0 0.8287425149700599 0.6641350210970465 0.023952095808383235 0.01350210970464135
0 0.8335329341317366 0.6902953586497891 0.026347305389221556 0.01687763713080169
0 0.8760479041916167 0.6755274261603376 0.022754491017964073 0.016033755274261603
0 0.8437125748502994 0.7177215189873418 0.022754491017964073 0.010970464135021098
0 0.8868263473053892 0.7156118143459915 0.02035928143712575 0.020253164556962026
0 0.8790419161676647 0.7430379746835443 0.026347305389221556 0.014345991561181435
0 0.8580838323353294 0.7814345991561181 0.027544910179640718 0.01518987341772152
0 0.9029940119760479 0.7772151898734178 0.02155688622754491 0.01518987341772152
0 0.8694610778443114 0.8122362869198312 0.026347305389221556 0.019409282700421943
0 0.9191616766467066 0.8088607594936709 0.022754491017964073 0.016033755274261603
0 0.8724550898203592 0.8417721518987342 0.027544910179640718 0.012658227848101266
0 0.9311377245508982 0.8417721518987342 0.027544910179640718 0.017721518987341773