0 0.614329268292683 0.9625576036866359 0.0701219512195122 0.024193548387096774
0 0.7408536585365854 0.9377880184331797 0.11585365853658537 0.03456221198156682
0 0.6280487804878049 0.9014976958525346 0.0975609756097561 0.038018433179723504
0 0.725609756097561 0.8870967741935484 0.07926829268292683 0.03225806451612903
0 0.7073170731707318 0.8444700460829493 0.08536585365853659 0.03456221198156682
0 0.5990853658536586 0.8456221198156681 0.07621951219512195 0.02534562211981567
0 0.6661585365853658 0.7897465437788018 0.10670731707317073 0.04262672811059908
0 0.5457317073170732 0.7960829493087558 0.07317073170731708 0.03686635944700461
0 0.5259146341463414 0.7603686635944701 0.10670731707317073 0.03456221198156682
0 0.6554878048780488 0.7471198156682027 0.11585365853658537 0.03571428571428571
0 0.6295731707317074 0.6993087557603687 0.10060975609756098 0.03686635944700461
0 0.5213414634146342 0.7131336405529954 0.08536585365853659 0.03456221198156682
0 0.5914634146341463 0.652073732718894 0.10365853658536586 0.03917050691244239
0 0.5060975609756098 0.6676267281105991 0.07926829268292683 0.056451612903225805
0 0.5716463414634146 0.5950460829493087 0.10670731707317073 0.03110599078341014
0 0.4329268292682927 0.5587557603686636 0.06097560975609756 0.029953917050691243
0 0.5503048780487805 0.5403225806451613 0.08841463414634147 0.03456221198156682
0 0.413109756097561 0.506336405529954 0.08841463414634147 0.03110599078341014
0 0.5320121951219512 0.5005760368663594 0.09451219512195122 0.038018433179723504
0 0.3978658536585366 0.4608294930875576 0.08841463414634147 0.03686635944700461
0 0.5060975609756098 0.46140552995391704 0.09146341463414634 0.03571428571428571
0 0.513719512195122 0.42684331797235026 0.08231707317073171 0.03341013824884793
0 0.37347560975609756 0.40610599078341014 0.09451219512195122 0.038018433179723504
0 0.4954268292682927 0.3876728110599078 0.10060975609756098 0.03341013824884793
0 0.31097560975609756 0.3542626728110599 0.07317073170731708 0.03571428571428571
0 0.44664634146341464 0.3381336405529954 0.11280487804878049 0.03341013824884793
0 0.3018292682926829 0.309331797235023 0.07317073170731708 0.019585253456221197
0 0.4557926829268293 0.2960829493087558 0.08231707317073171 0.03917050691244239
0 0.31402439024390244 0.2620967741935484 0.10975609756097561 0.04032258064516129
0 0.45426829268292684 0.25518433179723504 0.10365853658536586 0.03341013824884793
0 0.44359756097560976 0.22004608294930875 0.07621951219512195 0.03686635944700461
0 0.39634146341463417 0.17799539170506912 0.0975609756097561 0.03110599078341014
0 0.27896341463414637 0.18433179723502305 0.08841463414634147 0.029953917050691243
0 0.2774390243902439 0.21889400921658986 0.042682926829268296 0.018433179723502304
0 0.39939024390243905 0.12557603686635946 0.0975609756097561 0.03686635944700461
0 0.26676829268292684 0.13882488479262672 0.10670731707317073 0.03341013824884793
0 0.34756097560975613 0.07027649769585254 0.10975609756097561 0.029953917050691243
0 0.19817073170731708 0.11635944700460829 0.08536585365853659 0.03686635944700461
0 0.1753048780487805 0.08122119815668202 0.08841463414634147 0.03110599078341014