0 0.29613992762364294 0.9409547738693468 0.0180940892641737 0.010887772194304857
0 0.2852834740651387 0.9149916247906198 0.02533172496984318 0.01256281407035176
0 0.3262967430639324 0.9099664991624791 0.02533172496984318 0.010887772194304857
0 0.31664656212303977 0.8844221105527639 0.032569360675512665 0.018425460636515914
0 0.2846803377563329 0.8777219430485762 0.016887816646562123 0.01340033500837521
0 0.3100120627261761 0.847571189279732 0.026537997587454763 0.01340033500837521
0 0.2659831121833534 0.8149078726968174 0.0180940892641737 0.01675041876046901
0 0.2973462002412545 0.8103015075376885 0.02533172496984318 0.01423785594639866
0 0.28829915560916763 0.7822445561139029 0.024125452352231604 0.018425460636515914
0 0.25633293124246076 0.7818257956448912 0.022919179734620022 0.01423785594639866
0 0.23462002412545233 0.7470686767169179 0.022919179734620022 0.01172529313232831
0 0.2732207478890229 0.751675041876047 0.02533172496984318 0.01423785594639866
0 0.26357056694813025 0.7160804020100503 0.02533172496984318 0.01675041876046901
0 0.25030156815440285 0.6779731993299832 0.02533172496984318 0.017587939698492462
0 0.24728588661037393 0.6465661641541038 0.024125452352231604 0.01340033500837521
0 0.21471652593486126 0.5711892797319933 0.016887816646562123 0.008375209380234505
0 0.21411338962605547 0.5435510887772195 0.0180940892641737 0.01675041876046901
0 0.19963811821471653 0.5129815745393634 0.032569360675512665 0.015912897822445562
0 0.1640530759951749 0.5062814070351759 0.02171290711700844 0.01256281407035176
0 0.18697225572979492 0.4455611390284757 0.024125452352231604 0.018425460636515914
0 0.17129071170084437 0.40996649916247907 0.02171290711700844 0.019262981574539362
0 0.12665862484921592 0.3773031825795645 0.02171290711700844 0.01423785594639866
0 0.1640530759951749 0.33500837520938026 0.024125452352231604 0.01675041876046901
0 0.1513872135102533 0.2989949748743719 0.02533172496984318 0.01507537688442211
0 0.10072376357056693 0.3027638190954774 0.013268998793727381 0.009212730318257957
0 0.1031363088057901 0.2638190954773869 0.020506634499396863 0.01507537688442211
0 0.13872135102533173 0.2696817420435511 0.02171290711700844 0.01507537688442211
0 0.09047044632086851 0.23785594639865998 0.02171290711700844 0.01340033500837521
0 0.13570566948130278 0.23283082077051925 0.032569360675512665 0.018425460636515914
0 0.13208685162846803 0.2001675041876047 0.030156815440289503 0.01507537688442211
0 0.07961399276236429 0.20938023450586266 0.019300361881785282 0.010050251256281407
0 0.0669481302774427 0.1838358458961474 0.015681544028950542 0.01423785594639866
0 0.11459589867310012 0.16624790619765495 0.019300361881785282 0.009212730318257957
0 0.252714113389626 0.1109715242881072 0.02533172496984318 0.015912897822445562
0 0.2605548854041013 0.14363484087102177 0.016887816646562123 0.01256281407035176
0 0.29915560916767187 0.14782244556113902 0.02171290711700844 0.01423785594639866
0 0.26960193003618815 0.17797319932998326 0.022919179734620022 0.017587939698492462
0 0.31182147165259344 0.17964824120603015 0.022919179734620022 0.01423785594639866
0 0.28166465621230397 0.21105527638190955 0.02533172496984318 0.01507537688442211
0 0.31966224366706875 0.211892797319933 0.024125452352231604 0.01340033500837521
0 0.2907117008443908 0.2370184254606365 0.02171290711700844 0.01507537688442211
0 0.3148371531966224 0.2692629815745394 0.02171290711700844 0.01423785594639866
0 0.30820265379975875 0.30150753768844224 0.02533172496984318 0.01507537688442211
0 0.34258142340168873 0.30150753768844224 0.019300361881785282 0.018425460636515914
0 0.3208685162846803 0.33500837520938026 0.016887816646562123 0.008375209380234505
0 0.3449939686369119 0.3345896147403685 0.01447527141133896 0.010887772194304857
0 0.3570566948130277 0.37018425460636517 0.019300361881785282 0.01507537688442211
0 0.32569360675512665 0.36976549413735343 0.02171290711700844 0.010887772194304857
0 0.32267792521109767 0.3990787269681742 0.015681544028950542 0.007537688442211055
0 0.36127864897466827 0.40159128978224456 0.030156815440289503 0.020938023450586266
0 0.3455971049457177 0.43090452261306533 0.0180940892641737 0.01423785594639866
0 0.39203860072376356 0.4723618090452261 0.02895054282267792 0.020100502512562814
0 0.40470446320868514 0.501675041876047 0.013268998793727381 0.01172529313232831
0 0.36369119420989143 0.5108877721943048 0.027744270205066344 0.018425460636515914
0 0.37213510253317245 0.5414572864321608 0.030156815440289503 0.019262981574539362
0 0.4119420989143546 0.535175879396985 0.030156815440289503 0.01507537688442211
0 0.42219541616405304 0.5653266331658292 0.016887816646562123 0.01507537688442211
0 0.3866103739445114 0.5749581239530989 0.022919179734620022 0.019262981574539362
0 0.3890229191797346 0.6055276381909548 0.022919179734620022 0.01675041876046901
0 0.4246079613992762 0.6055276381909548 0.02895054282267792 0.01507537688442211
0 0.44632086851628466 0.6348408710217756 0.019300361881785282 0.01675041876046901
0 0.45898673100120624 0.6683417085427136 0.0180940892641737 0.01340033500837521
0 0.41375150784077197 0.6775544388609716 0.026537997587454763 0.01340033500837521
0 0.45958986731001206 0.6947236180904522 0.019300361881785282 0.010887772194304857
0 0.42882991556091676 0.742462311557789 0.022919179734620022 0.017587939698492462
0 0.485524728588661 0.7579564489112228 0.015681544028950542 0.01172529313232831
0 0.4420989143546441 0.7772194304857621 0.020506634499396863 0.01340033500837521
0 0.5078407720144752 0.8249581239530989 0.02171290711700844 0.01340033500837521
0 0.45778045838359466 0.84463986599665 0.02533172496984318 0.01256281407035176
0 0.525934861278649 0.8605527638190955 0.019300361881785282 0.009212730318257957
0 0.47708082026537996 0.8840033500837521 0.022919179734620022 0.007537688442211055
0 0.48974668275030153 0.9149916247906198 0.02171290711700844 0.010887772194304857
0 0.6803377563329311 0.8676716917922949 0.019300361881785282 0.01507537688442211
0 0.672496984318456 0.842964824120603 0.022919179734620022 0.01423785594639866
0 0.6966224366706876 0.800251256281407 0.02533172496984318 0.01423785594639866
0 0.6700844390832328 0.7964824120603016 0.020506634499396863 0.018425460636515914
0 0.6525934861278648 0.771356783919598 0.019300361881785282 0.01340033500837521
0 0.6863691194209891 0.771356783919598 0.016887816646562123 0.010050251256281407
0 0.6791314837153196 0.7428810720268006 0.026537997587454763 0.01507537688442211
0 0.6375150784077201 0.7412060301507538 0.020506634499396863 0.01172529313232831
0 0.6616405307599517 0.7068676716917923 0.027744270205066344 0.01340033500837521
0 0.6218335343787695 0.6767169179229481 0.020506634499396863 0.01675041876046901
0 0.6495778045838358 0.6729480737018425 0.020506634499396863 0.01423785594639866
0 0.6109770808202654 0.647822445561139 0.022919179734620022 0.01423785594639866
0 0.640530759951749 0.6348408710217756 0.02171290711700844 0.01675041876046901
0 0.5989143546441495 0.6055276381909548 0.022919179734620022 0.01507537688442211
0 0.635102533172497 0.6055276381909548 0.027744270205066344 0.01340033500837521
0 0.620627261761158 0.5745393634840871 0.022919179734620022 0.01340033500837521
0 0.5892641737032569 0.5757956448911223 0.027744270205066344 0.01423785594639866
0 0.583232810615199 0.5494137353433836 0.032569360675512665 0.020100502512562814
0 0.5796139927623642 0.5138190954773869 0.027744270205066344 0.01256281407035176
0 0.5663449939686369 0.4916247906197655 0.030156815440289503 0.01675041876046901
0 0.5952955367913147 0.46901172529313234 0.022919179734620022 0.01340033500837521
0 0.5542822677925211 0.4547738693467337 0.02533172496984318 0.01340033500837521
0 0.5392038600723763 0.4296482412060302 0.02171290711700844 0.01507537688442211
0 0.5778045838359469 0.4003350083752094 0.02895054282267792 0.01507537688442211
0 0.5355850422195416 0.39321608040201006 0.024125452352231604 0.017587939698492462
0 0.5265379975874547 0.3676716917922948 0.020506634499396863 0.018425460636515914
0 0.55729794933655 0.3647403685092127 0.019300361881785282 0.017587939698492462
0 0.5174909529553678 0.3417085427135678 0.024125452352231604 0.01507537688442211
0 0.5518697225572979 0.33500837520938026 0.022919179734620022 0.01340033500837521
0 0.5470446320868516 0.30402010050251255 0.020506634499396863 0.018425460636515914
0 0.5036188178528347 0.27219430485762147 0.02533172496984318 0.01340033500837521
0 0.5355850422195416 0.2696817420435511 0.02171290711700844 0.020100502512562814
0 0.4819059107358263 0.2403685092127303 0.02533172496984318 0.01507537688442211
0 0.48130277442702046 0.20226130653266333 0.019300361881785282 0.01423785594639866
0 0.5168878166465621 0.19639865996649916 0.02533172496984318 0.015912897822445562
0 0.45898673100120624 0.16080402010050251 0.020506634499396863 0.01340033500837521
0 0.4993968636911942 0.1574539363484087 0.024125452352231604 0.021775544388609715
0 0.4963811821471652 0.12269681742043552 0.02533172496984318 0.017587939698492462
0 0.45174909529553675 0.12437185929648241 0.020506634499396863 0.015912897822445562
0 0.485524728588661 0.09087102177554439 0.022919179734620022 0.015912897822445562
0 0.4806996381182147 0.05988274706867672 0.02533172496984318 0.019262981574539362
0 0.4372738238841978 0.08584589614740369 0.0180940892641737 0.009212730318257957
0 0.6284680337756332 0.04271356783919598 0.02171290711700844 0.01675041876046901
0 0.6399276236429433 0.07370184254606366 0.022919179734620022 0.01507537688442211
0 0.6556091676718938 0.10301507537688442 0.027744270205066344 0.01675041876046901
0 0.6978287092882991 0.10510887772194305 0.022919179734620022 0.015912897822445562
0 0.6646562123039806 0.135678391959799 0.02895054282267792 0.01340033500837521
0 0.7056694813027744 0.13651591289782244 0.02171290711700844 0.01675041876046901
0 0.6718938480096501 0.16917922948073702 0.02171290711700844 0.01172529313232831
0 0.7141133896260554 0.16457286432160803 0.016887816646562123 0.015912897822445562
0 0.6833534378769601 0.20058626465661641 0.020506634499396863 0.015912897822445562
0 0.7249698431845597 0.19807370184254608 0.02171290711700844 0.010887772194304857
0 0.6984318455971049 0.2365996649916248 0.026537997587454763 0.017587939698492462
0 0.7364294330518697 0.23241206030150754 0.020506634499396863 0.015912897822445562
0 0.7370325693606755 0.2650753768844221 0.01447527141133896 0.01423785594639866
0 0.7104945717732207 0.2960636515912898 0.026537997587454763 0.015912897822445562
0 0.749698431845597 0.2960636515912898 0.027744270205066344 0.015912897822445562
0 0.7195416164053076 0.32705192629815744 0.020506634499396863 0.019262981574539362
0 0.7623642943305187 0.36180904522613067 0.024125452352231604 0.01675041876046901
0 0.7340168878166465 0.3890284757118928 0.0180940892641737 0.010887772194304857
0 0.7659831121833534 0.3936348408710218 0.019300361881785282 0.010050251256281407
0 0.7533172496984318 0.42085427135678394 0.0180940892641737 0.01256281407035176
0 0.7834740651387213 0.41917922948073705 0.0180940892641737 0.01423785594639866
0 0.7563329312424607 0.44932998324958123 0.02171290711700844 0.009212730318257957
0 0.7955367913148371 0.4489112227805695 0.02533172496984318 0.01172529313232831
0 0.8094089264173703 0.47906197654941374 0.026537997587454763 0.01340033500837521
0 0.7714113389626055 0.5142378559463987 0.022919179734620022 0.01340033500837521
0 0.8075995174909529 0.5180067001675042 0.020506634499396863 0.01423785594639866
0 0.7780458383594692 0.5439698492462312 0.019300361881785282 0.017587939698492462
0 0.8268998793727382 0.5473199329983249 0.022919179734620022 0.022613065326633167
0 0.7846803377563328 0.585427135678392 0.0180940892641737 0.008375209380234505
0 0.8371531966224366 0.5816582914572864 0.024125452352231604 0.015912897822445562
0 0.8009650180940893 0.6180904522613065 0.024125452352231604 0.01340033500837521
0 0.8401688781664656 0.6130653266331658 0.022919179734620022 0.01507537688442211
0 0.816043425814234 0.6528475711892797 0.015681544028950542 0.010887772194304857
0 0.8232810615199034 0.6867671691792295 0.020506634499396863 0.01172529313232831
0 0.8437876960193003 0.7529313232830821 0.022919179734620022 0.01507537688442211
0 0.8986731001206272 0.775963149078727 0.016887816646562123 0.01256281407035176
0 0.8655006031363087 0.8253768844221105 0.020506634499396863 0.01256281407035176
0 0.9161640530759951 0.811139028475712 0.02533172496984318 0.015912897822445562