0 0.36920529801324503 0.058381502890173416 0.08278145695364239 0.017341040462427747
0 0.19205298013245034 0.09248554913294799 0.046357615894039736 0.013872832369942197
0 0.3923841059602649 0.10982658959537572 0.10264900662251655 0.04161849710982659
0 0.23344370860927152 0.13988439306358383 0.10264900662251655 0.025433526011560695
0 0.2764900662251656 0.1809248554913295 0.08278145695364239 0.033526011560693646
0 0.40894039735099336 0.15838150289017341 0.076158940397351 0.034682080924855495
0 0.4420529801324503 0.20867052023121388 0.10927152317880795 0.031213872832369944
0 0.47019867549668876 0.24508670520231216 0.059602649006622516 0.025433526011560695
0 0.28807947019867547 0.2271676300578035 0.09271523178807947 0.026589595375722544
0 0.3162251655629139 0.276878612716763 0.08278145695364239 0.033526011560693646
0 0.3576158940397351 0.34046242774566476 0.08609271523178808 0.031213872832369944
0 0.36423841059602646 0.37456647398843934 0.09933774834437085 0.034682080924855495
0 0.5165562913907285 0.3757225433526012 0.059602649006622516 0.0161849710982659
0 0.5231788079470199 0.32947976878612717 0.08609271523178808 0.025433526011560695
0 0.5496688741721855 0.4202312138728324 0.09271523178807947 0.035838150289017344
0 0.3990066225165563 0.4323699421965318 0.056291390728476824 0.027745664739884393
0 0.5480132450331126 0.46069364161849713 0.10927152317880795 0.035838150289017344
0 0.4420529801324503 0.48265895953757226 0.04966887417218543 0.019653179190751446
0 0.5778145695364238 0.5104046242774567 0.056291390728476824 0.021965317919075147
0 0.4619205298013245 0.5352601156069364 0.10264900662251655 0.0323699421965318
0 0.5993377483443708 0.553757225433526 0.0728476821192053 0.027745664739884393
0 0.6158940397350994 0.585549132947977 0.059602649006622516 0.021965317919075147
0 0.48344370860927155 0.5890173410404624 0.08609271523178808 0.021965317919075147
0 0.5049668874172185 0.6364161849710983 0.0695364238410596 0.031213872832369944
0 0.6241721854304636 0.6335260115606937 0.08278145695364239 0.03930635838150289
0 0.6804635761589404 0.669942196531792 0.09602649006622517 0.024277456647398846
0 0.5463576158940397 0.7034682080924856 0.13245033112582782 0.026589595375722544
0 0.7052980132450332 0.7109826589595376 0.10596026490066225 0.027745664739884393
0 0.5678807947019867 0.7612716763005781 0.08278145695364239 0.028901734104046246
0 0.7317880794701986 0.7664739884393064 0.09933774834437085 0.034682080924855495
0 0.7582781456953642 0.8098265895953758 0.08609271523178808 0.033526011560693646
0 0.5960264900662252 0.8057803468208093 0.07947019867549669 0.030057803468208095
0 0.6258278145695364 0.8514450867052024 0.06622516556291391 0.019653179190751446
0 0.7698675496688742 0.8606936416184972 0.10927152317880795 0.028901734104046246
0 0.8029801324503312 0.8924855491329481 0.08940397350993377 0.0323699421965318
0 0.6473509933774835 0.9017341040462429 0.06291390728476821 0.023121387283236997
0 0.6456953642384106 0.9549132947976879 0.09933774834437085 0.027745664739884393
0 0.8079470198675497 0.9369942196531792 0.09933774834437085 0.04277456647398844