0 0.18682795698924734 0.058664259927797835 0.07258064516129033 0.02888086642599278
0 0.3776881720430108 0.05054151624548737 0.06720430107526883 0.023465703971119134
0 0.3830645161290323 0.0898014440433213 0.07258064516129033 0.02256317689530686
0 0.22580645161290325 0.10333935018050541 0.07526881720430108 0.033393501805054154
0 0.23790322580645162 0.1394404332129964 0.07258064516129033 0.026173285198555957
0 0.40725806451612906 0.13628158844765342 0.07258064516129033 0.023465703971119134
0 0.40725806451612906 0.16967509025270758 0.07258064516129033 0.025270758122743684
0 0.26209677419354843 0.17644404332129965 0.08870967741935484 0.026173285198555957
0 0.29435483870967744 0.22472924187725632 0.07258064516129033 0.02707581227436823
0 0.4341397849462366 0.21796028880866428 0.06182795698924732 0.027978339350180507
0 0.45295698924731187 0.25045126353790614 0.06720430107526883 0.02256317689530686
0 0.30510752688172044 0.2581227436823105 0.08333333333333334 0.021660649819494587
0 0.32795698924731187 0.30234657039711194 0.08064516129032259 0.018050541516245487
0 0.4838709677419355 0.29151624548736466 0.06989247311827958 0.025270758122743684
0 0.49462365591397855 0.3384476534296029 0.06989247311827958 0.02888086642599278
0 0.3521505376344086 0.34025270758122744 0.06989247311827958 0.025270758122743684
0 0.3844086021505377 0.37093862815884476 0.07526881720430108 0.023465703971119134
0 0.4986559139784947 0.3713898916967509 0.0456989247311828 0.018953068592057764
0 0.528225806451613 0.4047833935018051 0.06720430107526883 0.027978339350180507
0 0.4099462365591398 0.41155234657039713 0.06720430107526883 0.023465703971119134
0 0.4220430107526882 0.447202166064982 0.08602150537634409 0.024368231046931407
0 0.5537634408602151 0.44584837545126355 0.05913978494623656 0.021660649819494587
0 0.43682795698924737 0.4828519855595668 0.07795698924731183 0.023465703971119134
0 0.5658602150537635 0.4814981949458484 0.051075268817204304 0.024368231046931407
0 0.5806451612903226 0.5207581227436824 0.05376344086021506 0.01444043321299639
0 0.46370967741935487 0.5293321299638989 0.09408602150537636 0.02075812274368231
0 0.5900537634408602 0.5573104693140795 0.05645161290322581 0.02256317689530686
0 0.4986559139784947 0.5879963898916968 0.09408602150537636 0.0388086642599278
0 0.6223118279569892 0.5979241877256318 0.07258064516129033 0.02256317689530686
0 0.5120967741935484 0.6326714801444043 0.07795698924731183 0.02888086642599278
0 0.6559139784946237 0.6421480144404332 0.05913978494623656 0.027978339350180507
0 0.6733870967741936 0.6719314079422383 0.07258064516129033 0.018953068592057764
0 0.538978494623656 0.6638086642599278 0.09946236559139786 0.024368231046931407
0 0.5591397849462366 0.6935920577617328 0.05913978494623656 0.015342960288808665
0 0.6774193548387097 0.7120938628158845 0.06451612903225806 0.025270758122743684
0 0.7204301075268817 0.7545126353790614 0.06989247311827958 0.03068592057761733
0 0.5967741935483871 0.7666967509025271 0.05376344086021506 0.015342960288808665
0 0.6088709677419355 0.8009927797833936 0.07795698924731183 0.018953068592057764
0 0.7244623655913979 0.7870036101083033 0.040322580645161296 0.025270758122743684
0 0.7513440860215055 0.8240072202166066 0.07795698924731183 0.019855595667870037
0 0.6263440860215054 0.8434115523465704 0.06989247311827958 0.017148014440433214
0 0.6774193548387097 0.8835740072202166 0.06451612903225806 0.03068592057761733
0 0.7661290322580646 0.8709386281588448 0.08064516129032259 0.023465703971119134
0 0.7728494623655915 0.894404332129964 0.07795698924731183 0.019855595667870037
0 0.6680107526881721 0.9183212996389892 0.08870967741935484 0.029783393501805054
0 0.7916666666666667 0.9494584837545127 0.07795698924731183 0.03068592057761733
0 0.6827956989247312 0.9675090252707581 0.06989247311827958 0.021660649819494587