0 0.3913793103448276 0.044159544159544165 0.11379310344827587 0.039886039886039885
0 0.22241379310344828 0.07905982905982907 0.1 0.04700854700854701
0 0.25517241379310346 0.13532763532763534 0.11724137931034483 0.03418803418803419
0 0.44310344827586207 0.11894586894586895 0.09310344827586206 0.05270655270655271
0 0.2655172413793103 0.1908831908831909 0.13793103448275862 0.039886039886039885
0 0.4413793103448276 0.19373219373219375 0.10344827586206896 0.039886039886039885
0 0.47758620689655173 0.25142450142450146 0.11379310344827587 0.041310541310541314
0 0.30689655172413793 0.2542735042735043 0.14482758620689656 0.041310541310541314
0 0.346551724137931 0.3141025641025641 0.12068965517241378 0.044159544159544165
0 0.506896551724138 0.3027065527065527 0.09655172413793103 0.04700854700854701
0 0.503448275862069 0.3682336182336183 0.10344827586206896 0.044159544159544165
0 0.36379310344827587 0.3682336182336183 0.1 0.041310541310541314
0 0.38275862068965516 0.40954415954415957 0.0896551724137931 0.03561253561253561
0 0.5724137931034483 0.4188034188034188 0.08275862068965517 0.03418803418803419
0 0.4086206896551724 0.4757834757834758 0.13448275862068965 0.03418803418803419
0 0.5775862068965517 0.4829059829059829 0.09310344827586206 0.03418803418803419
0 0.5948275862068966 0.51994301994302 0.10689655172413792 0.03703703703703704
0 0.47758620689655173 0.5441595441595442 0.08620689655172414 0.02849002849002849
0 0.47413793103448276 0.5904558404558404 0.09310344827586206 0.041310541310541314
0 0.6172413793103448 0.5890313390313391 0.13103448275862067 0.05270655270655271
0 0.4706896551724138 0.6417378917378918 0.1 0.05270655270655271
0 0.6862068965517242 0.6381766381766382 0.0896551724137931 0.04843304843304844
0 0.6844827586206896 0.6930199430199431 0.12758620689655173 0.041310541310541314
0 0.6982758620689655 0.7350427350427351 0.1 0.039886039886039885
0 0.5534482758620689 0.7264957264957266 0.08620689655172414 0.03418803418803419
0 0.5465517241379311 0.774928774928775 0.11379310344827587 0.045584045584045586
0 0.7293103448275862 0.7998575498575499 0.10689655172413792 0.044159544159544165
0 0.5586206896551724 0.8297720797720798 0.08275862068965517 0.021367521367521368
0 0.7862068965517242 0.8454415954415955 0.1103448275862069 0.03561253561253561
0 0.6103448275862069 0.8995726495726496 0.10344827586206896 0.041310541310541314
0 0.7982758620689655 0.905982905982906 0.09310344827586206 0.05413105413105413
0 0.8051724137931034 0.9551282051282052 0.12758620689655173 0.041310541310541314
0 0.6344827586206896 0.957977207977208 0.08275862068965517 0.029914529914529916