0 0.3122977346278317 0.049576783555018135 0.08737864077669903 0.03143893591293833
0 0.19579288025889968 0.058041112454655375 0.1197411003236246 0.03143893591293833
0 0.21035598705501618 0.09250302297460701 0.10355987055016182 0.03264812575574365
0 0.38349514563106796 0.10278113663845223 0.10679611650485438 0.03869407496977025
0 0.2411003236245955 0.13422007255139057 0.10679611650485438 0.03143893591293833
0 0.38349514563106796 0.1517533252720677 0.10679611650485438 0.02781136638452237
0 0.27993527508090615 0.18863361547762997 0.08737864077669903 0.03869407496977025
0 0.42071197411003236 0.20012091898428053 0.11003236245954694 0.03506650544135429
0 0.27993527508090615 0.23155985489721886 0.09385113268608415 0.03506650544135429
0 0.3122977346278317 0.2660217654171705 0.10679611650485438 0.029020556227327687
0 0.44660194174757284 0.2593712212817412 0.09061488673139159 0.02781136638452237
0 0.511326860841424 0.3083434099153567 0.11003236245954694 0.03869407496977025
0 0.34627831715210355 0.31922611850060456 0.08414239482200647 0.04353083434099153
0 0.35436893203883496 0.36154776299879077 0.1262135922330097 0.03143893591293833
0 0.5016181229773463 0.34824667472793225 0.11650485436893204 0.03385731559854897
0 0.3381877022653722 0.4026602176541717 0.08090614886731393 0.03143893591293833
0 0.5032362459546926 0.39963724304715836 0.10032362459546926 0.04715840386940749
0 0.3608414239482201 0.4419588875453446 0.08737864077669903 0.03990326481257557
0 0.5258899676375405 0.4486094316807739 0.11326860841423948 0.04353083434099153
0 0.41423948220064727 0.48548972188633616 0.11003236245954694 0.03506650544135429
0 0.5679611650485438 0.49274486094316805 0.09385113268608415 0.03506650544135429
0 0.43851132686084143 0.5290205562273277 0.10679611650485438 0.03506650544135429
0 0.580906148867314 0.5453446191051995 0.06796116504854369 0.041112454655380895
0 0.4724919093851133 0.5707376058041113 0.09061488673139159 0.03869407496977025
0 0.5857605177993528 0.6076178960096735 0.10355987055016182 0.03264812575574365
0 0.44660194174757284 0.620918984280532 0.08414239482200647 0.022974607013301087
0 0.4741100323624596 0.6650544135429262 0.10679611650485438 0.041112454655380895
0 0.6262135922330098 0.649334945586457 0.10679611650485438 0.03385731559854897
0 0.6537216828478964 0.7164449818621523 0.07766990291262137 0.02781136638452237
0 0.5355987055016181 0.7140266021765417 0.11326860841423948 0.025392986698911726
0 0.5177993527508091 0.7545344619105199 0.10355987055016182 0.041112454655380895
0 0.5436893203883495 0.7932285368802902 0.07119741100323625 0.03143893591293833
0 0.6553398058252428 0.7569528415961305 0.08737864077669903 0.03627569528415961
0 0.6812297734627832 0.805925030229746 0.10032362459546926 0.044740024183796856
0 0.5841423948220065 0.8367593712212817 0.13268608414239483 0.029020556227327687
0 0.7103559870550162 0.8603385731559855 0.09385113268608415 0.03264812575574365
0 0.6019417475728156 0.8796856106408706 0.11003236245954694 0.037484885126964934
0 0.7249190938511327 0.903869407496977 0.08414239482200647 0.037484885126964934
0 0.6116504854368933 0.9328899637243047 0.08414239482200647 0.037484885126964934
0 0.5825242718446603 0.9733978234582829 0.10355987055016182 0.026602176541717048
0 0.7346278317152104 0.9546553808948004 0.10355987055016182 0.04232164449818621