0 0.37662337662337664 0.05729794933655006 0.08441558441558442 0.027744270205066344
0 0.23863636363636365 0.06936067551266586 0.06818181818181819 0.03498190591073582
0 0.3944805194805195 0.10494571773220747 0.07467532467532469 0.02171290711700844
0 0.2840909090909091 0.12303980699638117 0.09415584415584416 0.045838359469240045
0 0.42045454545454547 0.1453558504221954 0.07467532467532469 0.03739445114595898
0 0.2775974025974026 0.1749095295536791 0.10064935064935066 0.02895054282267792
0 0.45941558441558444 0.1821471652593486 0.0551948051948052 0.026537997587454763
0 0.3230519480519481 0.21712907117008443 0.12012987012987014 0.04101326899879373
0 0.4642857142857143 0.22677925211097708 0.07142857142857144 0.0361881785283474
0 0.46590909090909094 0.2720144752714113 0.10064935064935066 0.039806996381182146
0 0.3295454545454546 0.26236429433051867 0.09415584415584416 0.032569360675512665
0 0.3360389610389611 0.3148371531966224 0.10714285714285715 0.02895054282267792
0 0.5113636363636364 0.30759951749095293 0.08766233766233766 0.024125452352231604
0 0.5081168831168832 0.34197828709288297 0.0551948051948052 0.015681544028950542
0 0.35714285714285715 0.35524728588661036 0.09740259740259741 0.032569360675512665
0 0.5308441558441559 0.39203860072376356 0.11363636363636365 0.026537997587454763
0 0.3717532467532468 0.4119420989143546 0.08116883116883117 0.039806996381182146
0 0.4155844155844156 0.44752714113389624 0.06493506493506494 0.024125452352231604
0 0.5584415584415585 0.4378769601930036 0.1103896103896104 0.026537997587454763
0 0.5714285714285715 0.4674306393244873 0.06493506493506494 0.02533172496984318
0 0.43019480519480524 0.48854041013268995 0.10714285714285715 0.031363088057901084
0 0.586038961038961 0.5108564535585042 0.07467532467532469 0.03498190591073582
0 0.43668831168831174 0.5295536791314837 0.06818181818181819 0.031363088057901084
0 0.47564935064935066 0.5784077201447527 0.10064935064935066 0.03498190591073582
0 0.5974025974025975 0.5566948130277443 0.09090909090909091 0.03498190591073582
0 0.6266233766233766 0.5934861278648974 0.09090909090909091 0.02895054282267792
0 0.6461038961038962 0.6242460796139927 0.05844155844155845 0.027744270205066344
0 0.49350649350649356 0.6284680337756332 0.1038961038961039 0.026537997587454763
0 0.5048701298701299 0.6755126658624849 0.06818181818181819 0.033775633293124246
0 0.6607142857142858 0.6646562123039806 0.08766233766233766 0.02895054282267792
0 0.6964285714285715 0.6996381182147164 0.07467532467532469 0.0361881785283474
0 0.7142857142857143 0.7460796139927623 0.07792207792207792 0.039806996381182146
0 0.5454545454545455 0.726779252110977 0.09740259740259741 0.027744270205066344
0 0.5616883116883117 0.7665862484921592 0.12337662337662339 0.02533172496984318
0 0.6737012987012988 0.7943305186972255 0.10714285714285715 0.03498190591073582
0 0.5746753246753247 0.8154402895054281 0.09740259740259741 0.038600723763570564
0 0.7175324675324676 0.8419782870928829 0.08441558441558442 0.0361881785283474
0 0.6152597402597403 0.8727382388419782 0.08116883116883117 0.030156815440289503
0 0.7840909090909092 0.8781664656212304 0.061688311688311695 0.02895054282267792
0 0.8116883116883118 0.9191797346200241 0.08441558441558442 0.026537997587454763
0 0.6185064935064936 0.9240048250904704 0.10064935064935066 0.024125452352231604
0 0.637987012987013 0.9668275030156814 0.048701298701298704 0.022919179734620022
0 0.8198051948051949 0.9722557297949336 0.07467532467532469 0.033775633293124246