0 0.7976973684210525 0.9135654261704681 0.0756578947368421 0.03601440576230492
0 0.6463815789473684 0.9327731092436974 0.11513157894736842 0.02160864345738295
0 0.575657894736842 0.8217286914765906 0.07236842105263158 0.027611044417767103
0 0.75 0.8331332533013205 0.07894736842105263 0.026410564225690273
0 0.7302631578947368 0.7917166866746698 0.09868421052631579 0.03241296518607443
0 0.7203947368421052 0.7418967587034814 0.07894736842105263 0.026410564225690273
0 0.6907894736842105 0.7034813925570228 0.07236842105263158 0.01920768307322929
0 0.5148026315789473 0.7022809123649459 0.0756578947368421 0.03361344537815126
0 0.4934210526315789 0.6458583433373349 0.09868421052631579 0.028811524609843937
0 0.6759868421052632 0.6440576230492197 0.08881578947368421 0.03241296518607443
0 0.6299342105263157 0.6080432172869147 0.0756578947368421 0.027611044417767103
0 0.46546052631578944 0.5918367346938775 0.08223684210526315 0.026410564225690273
0 0.3881578947368421 0.4849939975990396 0.08552631578947367 0.01920768307322929
0 0.5986842105263157 0.4963985594237695 0.07236842105263158 0.03241296518607443
0 0.5559210526315789 0.460984393757503 0.07894736842105263 0.024009603841536612
0 0.3914473684210526 0.41656662665066024 0.07236842105263158 0.031212484993997598
0 0.34868421052631576 0.3601440576230492 0.07236842105263158 0.03361344537815126
0 0.4983552631578947 0.3247298919567827 0.0756578947368421 0.025210084033613443
0 0.3421052631578947 0.3139255702280912 0.06578947368421052 0.025210084033613443
0 0.31085526315789475 0.27310924369747897 0.08881578947368421 0.027611044417767103
0 0.4539473684210526 0.2749099639855942 0.08552631578947367 0.04081632653061224
0 0.25 0.2160864345738295 0.08552631578947367 0.03601440576230492
0 0.2220394736842105 0.16686674669867946 0.09539473684210525 0.03361344537815126
0 0.37664473684210525 0.09063625450180071 0.08223684210526315 0.03721488595438175
0 0.3733552631578947 0.054021608643457376 0.12171052631578946 0.028811524609843937
0 0.1644736842105263 0.07563025210084033 0.07236842105263158 0.03601440576230492