0 0.12322946175637395 0.07156862745098039 0.0453257790368272 0.01241830065359477
0 0.2046742209631728 0.08137254901960783 0.03541076487252125 0.01241830065359477
0 0.14022662889518414 0.09084967320261438 0.042492917847025496 0.01568627450980392
0 0.2067988668555241 0.1022875816993464 0.0453257790368272 0.02418300653594771
0 0.1501416430594901 0.11797385620915032 0.0368271954674221 0.01895424836601307
0 0.221671388101983 0.13006535947712417 0.02407932011331445 0.02222222222222222
0 0.23725212464589238 0.1522875816993464 0.04107648725212465 0.01568627450980392
0 0.15439093484419264 0.15065359477124182 0.0509915014164306 0.021568627450980392
0 0.16572237960339944 0.17222222222222222 0.0453257790368272 0.02026143790849673
0 0.17280453257790368 0.1918300653594771 0.042492917847025496 0.013725490196078431
0 0.2521246458923513 0.20620915032679737 0.0453257790368272 0.01895424836601307
0 0.24150141643059492 0.18398692810457515 0.060906515580736544 0.02287581699346405
0 0.18626062322946177 0.215359477124183 0.04390934844192635 0.021568627450980392
0 0.254957507082153 0.23496732026143788 0.059490084985835696 0.02026143790849673
0 0.19688385269121814 0.25130718954248366 0.0509915014164306 0.01895424836601307
0 0.273371104815864 0.27124183006535946 0.056657223796033995 0.02091503267973856
0 0.28966005665722383 0.29084967320261434 0.046742209631728045 0.0196078431372549
0 0.21033994334277623 0.27908496732026145 0.049575070821529746 0.01699346405228758
0 0.2188385269121813 0.30424836601307187 0.04107648725212465 0.021568627450980392
0 0.2974504249291785 0.3137254901960784 0.042492917847025496 0.0196078431372549
0 0.30736543909348446 0.3395424836601307 0.042492917847025496 0.025490196078431372
0 0.20538243626062325 0.3326797385620915 0.042492917847025496 0.0130718954248366
0 0.22662889518413598 0.3607843137254902 0.056657223796033995 0.0261437908496732
0 0.311614730878187 0.3679738562091503 0.0453257790368272 0.01568627450980392
0 0.24787535410764874 0.3849673202614379 0.0481586402266289 0.01568627450980392
0 0.3271954674220963 0.3983660130718954 0.0481586402266289 0.02418300653594771
0 0.2528328611898017 0.4117647058823529 0.06940509915014165 0.02091503267973856
0 0.3378186968838527 0.42483660130718953 0.07790368271954674 0.0261437908496732
0 0.2577903682719547 0.44542483660130716 0.059490084985835696 0.01764705882352941
0 0.3526912181303116 0.45359477124183 0.056657223796033995 0.01699346405228758
0 0.2754957507082153 0.468954248366013 0.029745042492917848 0.021568627450980392
0 0.3491501416430595 0.47581699346405226 0.05240793201133145 0.0196078431372549
0 0.29107648725212465 0.5022875816993464 0.04107648725212465 0.021568627450980392
0 0.36756373937677056 0.5052287581699346 0.046742209631728045 0.0261437908496732
0 0.3831444759206799 0.5316993464052288 0.05807365439093485 0.02418300653594771
0 0.29107648725212465 0.5330065359477124 0.03541076487252125 0.01633986928104575
0 0.31657223796033995 0.5624183006535948 0.04390934844192635 0.02026143790849673
0 0.3909348441926346 0.5640522875816993 0.053824362606232294 0.02222222222222222
0 0.3944759206798867 0.5862745098039215 0.04390934844192635 0.0196078431372549
0 0.3328611898016997 0.592483660130719 0.053824362606232294 0.01895424836601307
0 0.40722379603399433 0.6117647058823529 0.046742209631728045 0.02483660130718954
0 0.3314447592067989 0.6258169934640523 0.042492917847025496 0.01633986928104575
0 0.4050991501416431 0.6415032679738562 0.0509915014164306 0.013725490196078431
0 0.3342776203966006 0.6513071895424836 0.0481586402266289 0.02026143790849673
0 0.42705382436260625 0.6669934640522875 0.029745042492917848 0.013725490196078431
0 0.4313031161473088 0.6918300653594771 0.046742209631728045 0.02679738562091503
0 0.3519830028328612 0.7052287581699346 0.03541076487252125 0.02091503267973856
0 0.45042492917847027 0.7205882352941176 0.056657223796033995 0.02418300653594771
0 0.36756373937677056 0.7454248366013071 0.049575070821529746 0.01895424836601307
0 0.45750708215297453 0.7516339869281046 0.056657223796033995 0.02091503267973856
0 0.46671388101983 0.7745098039215685 0.046742209631728045 0.0196078431372549
0 0.37039660056657225 0.7722222222222221 0.046742209631728045 0.02026143790849673
0 0.4001416430594901 0.7931372549019607 0.026912181303116147 0.02287581699346405
0 0.4652974504249292 0.8013071895424836 0.05240793201133145 0.01830065359477124
0 0.4058073654390935 0.8287581699346405 0.046742209631728045 0.00915032679738562
0 0.39660056657223797 0.8562091503267973 0.028328611898016998 0.0196078431372549
0 0.4730878186968839 0.8284313725490196 0.0481586402266289 0.02418300653594771
0 0.4907932011331445 0.8480392156862745 0.029745042492917848 0.013725490196078431
0 0.4178470254957507 0.8852941176470588 0.042492917847025496 0.01764705882352941
0 0.4943342776203966 0.8771241830065359 0.053824362606232294 0.01699346405228758
0 0.5014164305949008 0.899673202614379 0.042492917847025496 0.02418300653594771
0 0.4348441926345609 0.9450980392156862 0.0453257790368272 0.02222222222222222
0 0.5035410764872521 0.9477124183006536 0.03824362606232295 0.01568627450980392
0 0.504957507082153 0.9300653594771241 0.049575070821529746 0.01830065359477124
0 0.8364022662889519 0.8954248366013071 0.02407932011331445 0.01568627450980392
0 0.7535410764872522 0.903267973856209 0.019830028328611898 0.011764705882352941
0 0.7485835694050992 0.8741830065359476 0.04107648725212465 0.02026143790849673
0 0.8328611898016998 0.880718954248366 0.028328611898016998 0.01241830065359477
0 0.8271954674220964 0.8522875816993464 0.0453257790368272 0.01045751633986928
0 0.7237960339943343 0.8513071895424836 0.0311614730878187 0.02026143790849673
0 0.71671388101983 0.8248366013071895 0.0509915014164306 0.01437908496732026
0 0.8087818696883853 0.8320261437908496 0.042492917847025496 0.01568627450980392
0 0.8094900849858357 0.8147058823529412 0.032577903682719546 0.01633986928104575
0 0.8094900849858357 0.7931372549019607 0.032577903682719546 0.01503267973856209
0 0.7230878186968839 0.799673202614379 0.03541076487252125 0.01764705882352941
0 0.7089235127478754 0.768954248366013 0.04390934844192635 0.02418300653594771
0 0.7861189801699717 0.7679738562091503 0.039660056657223795 0.01830065359477124
0 0.7762039660056658 0.742156862745098 0.0481586402266289 0.01764705882352941
0 0.708215297450425 0.745751633986928 0.0311614730878187 0.01045751633986928
0 0.6997167138810199 0.7186274509803922 0.0453257790368272 0.01895424836601307
0 0.7613314447592069 0.7160130718954247 0.029745042492917848 0.01895424836601307
0 0.7577903682719547 0.6941176470588235 0.039660056657223795 0.0196078431372549
0 0.6791784702549576 0.6928104575163399 0.03824362606232295 0.01830065359477124
0 0.7457507082152974 0.6718954248366013 0.04390934844192635 0.01568627450980392
0 0.6735127478753541 0.6676470588235294 0.046742209631728045 0.01895424836601307
0 0.7365439093484419 0.6467320261437908 0.0339943342776204 0.01895424836601307
0 0.661473087818697 0.6388888888888888 0.039660056657223795 0.01895424836601307
0 0.7308781869688386 0.6241830065359477 0.042492917847025496 0.01699346405228758
0 0.6586402266288952 0.6179738562091502 0.06515580736543909 0.013725490196078431
0 0.7202549575070822 0.5977124183006536 0.03824362606232295 0.02026143790849673
0 0.6352691218130312 0.5918300653594771 0.04390934844192635 0.01764705882352941
0 0.708215297450425 0.568954248366013 0.0481586402266289 0.021568627450980392
0 0.6303116147308783 0.5676470588235294 0.0509915014164306 0.029411764705882353
0 0.7011331444759207 0.5447712418300653 0.0339943342776204 0.02026143790849673
0 0.6218130311614731 0.5388888888888889 0.042492917847025496 0.021568627450980392
0 0.684844192634561 0.5245098039215685 0.04390934844192635 0.01633986928104575
0 0.6111898016997167 0.5111111111111111 0.04107648725212465 0.0196078431372549
0 0.6912181303116147 0.49738562091503263 0.0311614730878187 0.02091503267973856
0 0.5956090651558074 0.4875816993464052 0.04390934844192635 0.02222222222222222
0 0.6742209631728046 0.46535947712418296 0.0254957507082153 0.01568627450980392
0 0.5885269121813032 0.4571895424836601 0.03824362606232295 0.01241830065359477
0 0.6565155807365439 0.4356209150326797 0.04107648725212465 0.01764705882352941
0 0.5835694050991501 0.430718954248366 0.0509915014164306 0.01830065359477124
0 0.6487252124645893 0.4071895424836601 0.0481586402266289 0.02091503267973856
0 0.5743626062322946 0.39738562091503266 0.046742209631728045 0.0196078431372549
0 0.56657223796034 0.3758169934640523 0.039660056657223795 0.02222222222222222
0 0.6345609065155807 0.37549019607843137 0.0453257790368272 0.02026143790849673
0 0.6196883852691218 0.35392156862745094 0.04107648725212465 0.01633986928104575
0 0.5559490084985836 0.34967320261437906 0.04390934844192635 0.02091503267973856
0 0.6218130311614731 0.32712418300653595 0.0368271954674221 0.013725490196078431
0 0.5573654390934845 0.32385620915032676 0.046742209631728045 0.02418300653594771
0 0.5991501416430595 0.2973856209150327 0.0368271954674221 0.0196078431372549
0 0.5318696883852692 0.2954248366013072 0.046742209631728045 0.0196078431372549
0 0.5354107648725213 0.27091503267973854 0.0368271954674221 0.02287581699346405
0 0.5991501416430595 0.26830065359477123 0.0339943342776204 0.01764705882352941
0 0.5828611898016998 0.24052287581699344 0.046742209631728045 0.01437908496732026
0 0.5191218130311614 0.24052287581699344 0.04107648725212465 0.01568627450980392
0 0.509915014164306 0.21372549019607842 0.056657223796033995 0.01830065359477124
0 0.5786118980169972 0.21503267973856208 0.04107648725212465 0.02091503267973856
0 0.5651558073654391 0.18856209150326797 0.042492917847025496 0.01895424836601307
0 0.5056657223796034 0.18660130718954246 0.042492917847025496 0.00980392156862745
0 0.5601983002832861 0.15620915032679739 0.03824362606232295 0.0130718954248366
0 0.4943342776203966 0.14836601307189543 0.056657223796033995 0.0196078431372549
0 0.5495750708215298 0.13529411764705881 0.0453257790368272 0.02222222222222222
0 0.47237960339943347 0.11732026143790848 0.032577903682719546 0.013725490196078431
0 0.53328611898017 0.10784313725490195 0.03824362606232295 0.02091503267973856
0 0.4631728045325779 0.09869281045751634 0.039660056657223795 0.0196078431372549
0 0.5184135977337111 0.08431372549019607 0.0509915014164306 0.01830065359477124
0 0.5212464589235127 0.060784313725490195 0.053824362606232294 0.01830065359477124
0 0.4390934844192635 0.06601307189542484 0.0311614730878187 0.01437908496732026
0 0.438385269121813 0.040196078431372545 0.029745042492917848 0.01764705882352941
0 0.5177053824362606 0.03496732026143791 0.03824362606232295 0.01111111111111111