0 0.10914927768860352 0.08288590604026845 0.051364365971107544 0.018120805369127517
0 0.11075441412520064 0.10067114093959731 0.03210272873194221 0.012080536912751677
0 0.20626003210272872 0.08825503355704697 0.04333868378812199 0.014093959731543624
0 0.2231139646869984 0.11442953020134228 0.0449438202247191 0.019463087248322148
0 0.1276083467094703 0.1278523489932886 0.04654895666131621 0.018120805369127517
0 0.14526484751203853 0.14865771812080536 0.04333868378812199 0.015436241610738255
0 0.23434991974317818 0.14496644295302014 0.04173354735152488 0.01610738255033557
0 0.24157303370786518 0.17483221476510066 0.04012841091492777 0.016778523489932886
0 0.1492776886035313 0.1808724832214765 0.06420545746388442 0.02080536912751678
0 0.16853932584269662 0.2093959731543624 0.05457463884430176 0.021476510067114093
0 0.2520064205457464 0.20100671140939597 0.04173354735152488 0.015436241610738255
0 0.2624398073836276 0.22986577181208054 0.0593900481540931 0.02080536912751678
0 0.17174959871589085 0.26174496644295303 0.06420545746388442 0.024161073825503355
0 0.26725521669341895 0.2577181208053691 0.033707865168539325 0.012080536912751677
0 0.2873194221508828 0.286241610738255 0.060995184590690206 0.019463087248322148
0 0.1942215088282504 0.2936241610738255 0.051364365971107544 0.022147651006711407
0 0.19743178170144463 0.3171140939597315 0.048154093097913325 0.016778523489932886
0 0.30096308186195825 0.310738255033557 0.04012841091492777 0.020134228187919462
0 0.2969502407704655 0.33691275167785234 0.038523274478330656 0.01879194630872483
0 0.20786516853932585 0.34630872483221475 0.052969502407704656 0.021476510067114093
0 0.23434991974317818 0.3731543624161074 0.060995184590690206 0.01879194630872483
0 0.3073836276083467 0.36543624161073823 0.052969502407704656 0.018120805369127517
0 0.32263242375601925 0.39161073825503356 0.03531300160513644 0.014093959731543624
0 0.23595505617977527 0.40704697986577176 0.05457463884430176 0.022147651006711407
0 0.33146067415730335 0.4211409395973154 0.04975922953451043 0.019463087248322148
0 0.34269662921348315 0.44362416107382546 0.033707865168539325 0.01610738255033557
0 0.24719101123595505 0.4355704697986577 0.028892455858747994 0.01476510067114094
0 0.2624398073836276 0.4597315436241611 0.033707865168539325 0.0174496644295302
0 0.36597110754414125 0.47248322147651006 0.03531300160513644 0.012080536912751677
0 0.26565008025682185 0.4932885906040268 0.04654895666131621 0.025503355704697986
0 0.37158908507223115 0.49463087248322146 0.04333868378812199 0.022818791946308724
0 0.36918138041733545 0.5234899328859061 0.051364365971107544 0.0174496644295302
0 0.2873194221508828 0.5258389261744966 0.028892455858747994 0.015436241610738255
0 0.30658105939004815 0.5526845637583893 0.05457463884430176 0.023489932885906038
0 0.38924558587479935 0.5543624161073826 0.04975922953451043 0.021476510067114093
0 0.3940609951845907 0.5761744966442953 0.04654895666131621 0.016778523489932886
0 0.31701444622792935 0.5812080536912752 0.056179775280898875 0.01879194630872483
0 0.32423756019261635 0.6080536912751677 0.05457463884430176 0.01610738255033557
0 0.4157303370786517 0.6046979865771812 0.048154093097913325 0.0174496644295302
0 0.32664526484751205 0.6359060402684563 0.052969502407704656 0.022147651006711407
0 0.4261637239165329 0.6379194630872483 0.04012841091492777 0.016778523489932886
0 0.4317817014446228 0.6634228187919463 0.04173354735152488 0.014093959731543624
0 0.34269662921348315 0.6697986577181207 0.04012841091492777 0.021476510067114093
0 0.3475120385232745 0.6996644295302014 0.04975922953451043 0.015436241610738255
0 0.45024077046548955 0.6926174496644295 0.030497592295345103 0.012080536912751677
0 0.45746388443017655 0.7140939597315435 0.05457463884430176 0.021476510067114093
0 0.38041733547351525 0.7308724832214765 0.03531300160513644 0.0174496644295302
0 0.47030497592295345 0.7449664429530201 0.051364365971107544 0.022818791946308724
0 0.3812199036918138 0.7597315436241611 0.03691813804173355 0.021476510067114093
0 0.39646869983948635 0.7932885906040268 0.048154093097913325 0.020134228187919462
0 0.5 0.796979865771812 0.052969502407704656 0.023489932885906038
0 0.4085072231139647 0.8171140939597314 0.052969502407704656 0.018120805369127517
0 0.492776886035313 0.8271812080536912 0.038523274478330656 0.015436241610738255
0 0.41974317817014445 0.8436241610738254 0.04333868378812199 0.020134228187919462
0 0.514446227929374 0.8503355704697986 0.04333868378812199 0.021476510067114093
0 0.4478330658105939 0.8751677852348992 0.028892455858747994 0.013422818791946308
0 0.5248796147672552 0.8744966442953019 0.03210272873194221 0.0174496644295302
0 0.4510433386837881 0.9060402684563758 0.03210272873194221 0.013422818791946308
0 0.5465489566613162 0.9083892617449664 0.03691813804173355 0.014093959731543624
0 0.5561797752808989 0.9308724832214764 0.04333868378812199 0.022818791946308724
0 0.463884430176565 0.9295302013422818 0.038523274478330656 0.01476510067114094
0 0.45987158908507225 0.9570469798657718 0.024077046548956663 0.010738255033557046
0 0.557784911717496 0.9557046979865771 0.052969502407704656 0.01610738255033557
0 0.7929373996789727 0.9238255033557047 0.03531300160513644 0.015436241610738255
0 0.9004815409309791 0.9218120805369127 0.04173354735152488 0.015436241610738255
0 0.8884430176565008 0.8956375838926174 0.056179775280898875 0.018120805369127517
0 0.7841091492776886 0.8963087248322147 0.033707865168539325 0.015436241610738255
0 0.7808988764044944 0.8708053691275167 0.03691813804173355 0.012751677852348993
0 0.884430176565008 0.8708053691275167 0.0449438202247191 0.018120805369127517
0 0.869983948635634 0.845973154362416 0.04173354735152488 0.0261744966442953
0 0.8675762439807384 0.8221476510067114 0.04333868378812199 0.01610738255033557
0 0.7744783306581059 0.8174496644295302 0.04654895666131621 0.01476510067114094
0 0.7568218298555377 0.7899328859060403 0.04012841091492777 0.01476510067114094
0 0.8523274478330658 0.798993288590604 0.04173354735152488 0.015436241610738255
0 0.7560192616372392 0.7640939597315436 0.04173354735152488 0.02483221476510067
0 0.8402889245585875 0.77248322147651 0.04012841091492777 0.010738255033557046
0 0.8298555377207063 0.7459731543624161 0.051364365971107544 0.022147651006711407
0 0.7295345104333868 0.7305369127516778 0.052969502407704656 0.016778523489932886
0 0.7295345104333868 0.7067114093959731 0.052969502407704656 0.020134228187919462
0 0.8146067415730337 0.7023489932885906 0.04333868378812199 0.015436241610738255
0 0.8226324237560193 0.7194630872483221 0.04975922953451043 0.0174496644295302
0 0.7985553772070626 0.673489932885906 0.052969502407704656 0.016778523489932886
0 0.7231139646869984 0.6738255033557047 0.03691813804173355 0.013422818791946308
0 0.7937399678972713 0.6546979865771811 0.033707865168539325 0.014093959731543624
0 0.7054574638844302 0.646979865771812 0.04975922953451043 0.01610738255033557
0 0.7808988764044944 0.6228187919463087 0.04975922953451043 0.024161073825503355
0 0.6894060995184591 0.6251677852348992 0.04333868378812199 0.015436241610738255
0 0.673354735152488 0.6070469798657718 0.06260032102728733 0.019463087248322148
0 0.768860353130016 0.5979865771812081 0.060995184590690206 0.01879194630872483
0 0.6701444622792937 0.5775167785234899 0.04012841091492777 0.016778523489932886
0 0.7664526484751204 0.5651006711409395 0.056179775280898875 0.024161073825503355
0 0.6540930979133226 0.5506711409395972 0.04012841091492777 0.022147651006711407
0 0.7584269662921348 0.5399328859060403 0.04654895666131621 0.018120805369127517
0 0.6412520064205457 0.5174496644295302 0.030497592295345103 0.01610738255033557
0 0.6235955056179775 0.49362416107382545 0.04333868378812199 0.014093959731543624
0 0.7215088282504013 0.4919463087248322 0.024077046548956663 0.01610738255033557
0 0.7223113964686998 0.4674496644295302 0.05457463884430176 0.016778523489932886
0 0.7086677367576244 0.44060402684563754 0.04654895666131621 0.014093959731543624
0 0.6027287319422151 0.4432885906040268 0.033707865168539325 0.016778523489932886
0 0.608346709470305 0.4134228187919463 0.038523274478330656 0.01879194630872483
0 0.6942215088282504 0.4157718120805369 0.052969502407704656 0.019463087248322148
0 0.6741573033707865 0.386241610738255 0.051364365971107544 0.014093959731543624
0 0.5995184590690209 0.38355704697986576 0.02728731942215088 0.012751677852348993
0 0.5802568218298555 0.3610738255033557 0.04975922953451043 0.01476510067114094
0 0.6637239165329053 0.3560402684563758 0.04333868378812199 0.019463087248322148
0 0.6436597110754414 0.32617449664429526 0.0449438202247191 0.01879194630872483
0 0.6348314606741573 0.29697986577181207 0.03691813804173355 0.015436241610738255
0 0.6219903691813804 0.26442953020134224 0.03691813804173355 0.0174496644295302
0 0.6147672552166934 0.2412751677852349 0.04173354735152488 0.022147651006711407
0 0.5329052969502408 0.2197986577181208 0.0449438202247191 0.019463087248322148
0 0.5898876404494382 0.22147651006711408 0.04012841091492777 0.013422818791946308
0 0.6107544141252006 0.2140939597315436 0.04012841091492777 0.01476510067114094
0 0.5754414125200642 0.18590604026845636 0.04654895666131621 0.01610738255033557
0 0.5842696629213483 0.15604026845637584 0.0449438202247191 0.022147651006711407
0 0.49518459069020865 0.14697986577181207 0.04975922953451043 0.021476510067114093
0 0.5601926163723916 0.09765100671140939 0.05457463884430176 0.016778523489932886
0 0.4767255216693419 0.08993288590604026 0.048154093097913325 0.0174496644295302
0 0.4534510433386838 0.06476510067114094 0.052969502407704656 0.015436241610738255
0 0.5417335473515249 0.05402684563758389 0.04975922953451043 0.019463087248322148
0 0.44301765650080255 0.04261744966442953 0.05778491171749599 0.022147651006711407
0 0.5417335473515249 0.026510067114093958 0.04012841091492777 0.014093959731543624