0 0.37500000000000006 0.06690140845070423 0.06818181818181819 0.02640845070422535
0 0.2676767676767677 0.10871478873239437 0.06060606060606061 0.01672535211267606
0 0.3964646464646465 0.10387323943661972 0.06565656565656566 0.022887323943661973
0 0.25883838383838387 0.1430457746478873 0.04797979797979798 0.018485915492957746
0 0.41161616161616166 0.13996478873239437 0.06060606060606061 0.024647887323943664
0 0.4444444444444445 0.18661971830985916 0.06060606060606061 0.024647887323943664
0 0.28535353535353536 0.2125880281690141 0.06060606060606061 0.02200704225352113
0 0.4570707070707071 0.22931338028169015 0.045454545454545456 0.013204225352112676
0 0.4696969696969697 0.2733274647887324 0.06565656565656566 0.020246478873239437
0 0.3207070707070707 0.28257042253521125 0.05050505050505051 0.019366197183098594
0 0.3358585858585859 0.32086267605633806 0.07070707070707072 0.014964788732394367
0 0.48484848484848486 0.3107394366197183 0.07070707070707072 0.017605633802816902
0 0.5037878787878788 0.34903169014084506 0.07323232323232323 0.01672535211267606
0 0.3585858585858586 0.3591549295774648 0.06565656565656566 0.017605633802816902
0 0.513888888888889 0.38336267605633806 0.05808080808080809 0.02200704225352113
0 0.37373737373737376 0.39172535211267606 0.045454545454545456 0.01584507042253521
0 0.3952020202020202 0.42869718309859156 0.06818181818181819 0.019366197183098594
0 0.5391414141414141 0.42209507042253525 0.05303030303030303 0.018485915492957746
0 0.5707070707070707 0.4564260563380282 0.06060606060606061 0.0272887323943662
0 0.41540404040404044 0.4661091549295775 0.06818181818181819 0.014964788732394367
0 0.5808080808080809 0.4951584507042254 0.07070707070707072 0.029049295774647887
0 0.4368686868686869 0.5004401408450704 0.07070707070707072 0.030809859154929578
0 0.45202020202020204 0.5264084507042254 0.04040404040404041 0.02112676056338028
0 0.5782828282828283 0.5352112676056339 0.05050505050505051 0.007042253521126761
0 0.4696969696969697 0.573943661971831 0.05555555555555556 0.022887323943661973
0 0.6300505050505051 0.5752640845070423 0.07323232323232323 0.020246478873239437
0 0.6351010101010102 0.6109154929577465 0.06818181818181819 0.022887323943661973
0 0.4873737373737374 0.6060739436619719 0.04040404040404041 0.01672535211267606
0 0.49368686868686873 0.6412852112676056 0.07323232323232323 0.023767605633802816
0 0.6464646464646465 0.6461267605633803 0.07070707070707072 0.022887323943661973
0 0.6755050505050506 0.6813380281690141 0.05808080808080809 0.017605633802816902
0 0.5315656565656566 0.7051056338028169 0.06818181818181819 0.024647887323943664
0 0.7032828282828283 0.7240316901408451 0.042929292929292935 0.018485915492957746
0 0.5214646464646465 0.7429577464788732 0.02777777777777778 0.014084507042253521
0 0.5770202020202021 0.7790492957746479 0.07323232323232323 0.02112676056338028
0 0.7222222222222223 0.7724471830985916 0.05555555555555556 0.020246478873239437
0 0.7500000000000001 0.804137323943662 0.04040404040404041 0.02200704225352113
0 0.5997474747474748 0.8094190140845071 0.06313131313131314 0.014964788732394367
0 0.6085858585858587 0.8459507042253521 0.06565656565656566 0.022887323943661973
0 0.7601010101010102 0.8490316901408451 0.05555555555555556 0.014964788732394367
0 0.7765151515151516 0.8855633802816901 0.04797979797979798 0.022887323943661973
0 0.6275252525252526 0.8798415492957746 0.06313131313131314 0.02200704225352113
0 0.6300505050505051 0.929137323943662 0.06313131313131314 0.01672535211267606
0 0.6691919191919192 0.9581866197183099 0.07070707070707072 0.014964788732394367
0 0.7992424242424243 0.929137323943662 0.06818181818181819 0.02200704225352113