0 0.40974729241877256 0.04725609756097561 0.05415162454873646 0.012195121951219513
0 0.2328519855595668 0.08460365853658537 0.06137184115523466 0.019817073170731708
0 0.4548736462093863 0.12347560975609756 0.07942238267148015 0.03658536585365854
0 0.29061371841155237 0.16844512195121952 0.08303249097472924 0.022865853658536585
0 0.4855595667870036 0.19664634146341464 0.10469314079422383 0.03048780487804878
0 0.2797833935018051 0.22408536585365854 0.08303249097472924 0.03353658536585366
0 0.4729241877256318 0.25 0.12274368231046932 0.03353658536585366
0 0.315884476534296 0.29268292682926833 0.04693140794223827 0.027439024390243903
0 0.3465703971119134 0.34984756097560976 0.08664259927797835 0.022865853658536585
0 0.5018050541516246 0.32164634146341464 0.07220216606498195 0.01829268292682927
0 0.5469314079422383 0.37271341463414637 0.11191335740072203 0.038109756097560975
0 0.37545126353790614 0.40396341463414637 0.07220216606498195 0.03353658536585366
0 0.5667870036101084 0.4245426829268293 0.12274368231046932 0.04725609756097561
0 0.4187725631768953 0.4809451219512195 0.07942238267148015 0.0350609756097561
0 0.5794223826714802 0.4794207317073171 0.11191335740072203 0.0350609756097561
0 0.3953068592057762 0.5464939024390244 0.05415162454873646 0.022865853658536585
0 0.6064981949458484 0.5594512195121951 0.07220216606498195 0.039634146341463415
0 0.4368231046931408 0.6013719512195123 0.08664259927797835 0.025914634146341466
0 0.47111913357400725 0.6585365853658537 0.10469314079422383 0.042682926829268296
0 0.6371841155234658 0.6425304878048781 0.04693140794223827 0.022865853658536585
0 0.6335740072202166 0.6989329268292683 0.11913357400722022 0.038109756097560975
0 0.5036101083032491 0.7134146341463415 0.07581227436823106 0.03353658536585366
0 0.5397111913357401 0.7759146341463415 0.09747292418772563 0.03353658536585366
0 0.6588447653429603 0.7621951219512195 0.11191335740072203 0.039634146341463415
0 0.6877256317689531 0.8201219512195123 0.09747292418772563 0.042682926829268296
0 0.5667870036101084 0.8528963414634146 0.10108303249097474 0.028963414634146343
0 0.5902527075812275 0.8902439024390244 0.10469314079422383 0.039634146341463415
0 0.7436823104693141 0.8910060975609756 0.10108303249097474 0.028963414634146343
0 0.5992779783393501 0.9573170731707318 0.1371841155234657 0.03048780487804878
0 0.8014440433212997 0.9550304878048781 0.11552346570397112 0.056402439024390245