0 0.12054794520547946 0.043689320388349516 0.06027397260273973 0.017475728155339806
0 0.2452054794520548 0.04757281553398058 0.057534246575342465 0.015533980582524271
0 0.2602739726027397 0.08009708737864077 0.0547945205479452 0.018446601941747572
0 0.16986301369863013 0.11504854368932038 0.0547945205479452 0.02233009708737864
0 0.17945205479452056 0.1587378640776699 0.057534246575342465 0.016504854368932037
0 0.20273972602739726 0.19999999999999998 0.06027397260273973 0.015533980582524271
0 0.3178082191780822 0.18543689320388348 0.03287671232876713 0.015533980582524271
0 0.32602739726027397 0.22718446601941747 0.043835616438356165 0.011650485436893204
0 0.2493150684931507 0.25097087378640776 0.0547945205479452 0.018446601941747572
0 0.3547945205479452 0.25145631067961166 0.052054794520547946 0.017475728155339806
0 0.26438356164383564 0.291747572815534 0.0684931506849315 0.020388349514563107
0 0.38767123287671235 0.2966019417475728 0.07945205479452055 0.018446601941747572
0 0.29863013698630136 0.32815533980582523 0.06027397260273973 0.019417475728155338
0 0.4041095890410959 0.33689320388349514 0.057534246575342465 0.017475728155339806
0 0.4246575342465753 0.3694174757281553 0.06575342465753425 0.018446601941747572
0 0.33424657534246577 0.379126213592233 0.06027397260273973 0.02233009708737864
0 0.436986301369863 0.40970873786407763 0.0684931506849315 0.017475728155339806
0 0.3589041095890411 0.4233009708737864 0.06575342465753425 0.02330097087378641
0 0.3726027397260274 0.4660194174757281 0.07671232876712329 0.019417475728155338
0 0.4684931506849315 0.4436893203883495 0.049315068493150684 0.021359223300970873
0 0.4863013698630137 0.4815533980582524 0.06301369863013699 0.02330097087378641
0 0.38767123287671235 0.5097087378640777 0.057534246575342465 0.021359223300970873
0 0.5027397260273972 0.5174757281553398 0.04657534246575343 0.021359223300970873
0 0.3904109589041096 0.5451456310679611 0.052054794520547946 0.016504854368932037
0 0.5164383561643836 0.5524271844660193 0.057534246575342465 0.021359223300970873
0 0.41506849315068495 0.5820388349514563 0.0410958904109589 0.014563106796116504
0 0.541095890410959 0.5980582524271845 0.057534246575342465 0.017475728155339806
0 0.4506849315068493 0.6228155339805825 0.052054794520547946 0.018446601941747572
0 0.5698630136986301 0.6339805825242718 0.0547945205479452 0.019417475728155338
0 0.4712328767123288 0.6635922330097087 0.038356164383561646 0.016504854368932037
0 0.5863013698630137 0.6737864077669903 0.049315068493150684 0.019417475728155338
0 0.48904109589041095 0.699514563106796 0.04657534246575343 0.014563106796116504
0 0.6041095890410959 0.7063106796116505 0.052054794520547946 0.01262135922330097
0 0.6150684931506849 0.7427184466019418 0.057534246575342465 0.015533980582524271
0 0.5095890410958904 0.7504854368932039 0.038356164383561646 0.013592233009708738
0 0.5301369863013699 0.7796116504854369 0.04657534246575343 0.011650485436893204
0 0.6438356164383562 0.7747572815533981 0.049315068493150684 0.015533980582524271
0 0.5616438356164384 0.8169902912621358 0.043835616438356165 0.016504854368932037
0 0.6616438356164384 0.812135922330097 0.052054794520547946 0.016504854368932037
0 0.6821917808219178 0.8470873786407767 0.038356164383561646 0.016504854368932037
0 0.5753424657534246 0.8504854368932039 0.043835616438356165 0.011650485436893204
0 0.6068493150684932 0.895631067961165 0.052054794520547946 0.016504854368932037
0 0.715068493150685 0.8859223300970873 0.043835616438356165 0.016504854368932037
0 0.5986301369863014 0.9199029126213591 0.052054794520547946 0.014563106796116504
0 0.6205479452054795 0.95 0.052054794520547946 0.018446601941747572
0 0.7589041095890411 0.9412621359223301 0.038356164383561646 0.01262135922330097