0 0.391812865497076 0.043064876957494405 0.07017543859649122 0.03243847874720358
0 0.2134502923976608 0.06263982102908278 0.07602339181286549 0.03803131991051454
0 0.2573099415204678 0.1040268456375839 0.08771929824561403 0.03803131991051454
0 0.39327485380116955 0.09955257270693513 0.10818713450292397 0.03131991051454139
0 0.28654970760233917 0.14988814317673377 0.08771929824561403 0.03355704697986577
0 0.4093567251461988 0.16890380313199105 0.07602339181286549 0.03355704697986577
0 0.42543859649122806 0.21029082774049215 0.07894736842105263 0.04250559284116331
0 0.30116959064327486 0.1907158836689038 0.0935672514619883 0.03243847874720358
0 0.30994152046783624 0.22371364653243847 0.10526315789473684 0.03355704697986577
0 0.3128654970760234 0.2606263982102908 0.1111111111111111 0.035794183445190156
0 0.4152046783625731 0.25782997762863535 0.08187134502923976 0.03467561521252796
0 0.4546783625730994 0.30089485458612975 0.13157894736842105 0.03131991051454139
0 0.3157894736842105 0.3131991051454139 0.08771929824561403 0.017897091722595078
0 0.4649122807017544 0.34116331096196867 0.1111111111111111 0.03355704697986577
0 0.34502923976608185 0.3618568232662192 0.08771929824561403 0.039149888143176735
0 0.4766081871345029 0.37472035794183445 0.05847953216374269 0.029082774049217
0 0.40350877192982454 0.4116331096196868 0.10526315789473684 0.04250559284116331
0 0.5014619883040935 0.42953020134228187 0.10818713450292397 0.026845637583892617
0 0.4049707602339181 0.4541387024608501 0.0847953216374269 0.03803131991051454
0 0.513157894736842 0.46196868008948544 0.09064327485380116 0.03355704697986577
0 0.42397660818713445 0.49161073825503354 0.10526315789473684 0.03243847874720358
0 0.5643274853801169 0.5134228187919463 0.10526315789473684 0.03355704697986577
0 0.435672514619883 0.5380313199105146 0.0935672514619883 0.04250559284116331
0 0.5716374269005847 0.5497762863534675 0.07894736842105263 0.03467561521252796
0 0.4722222222222222 0.5900447427293065 0.09064327485380116 0.03691275167785235
0 0.5862573099415205 0.5889261744966443 0.1023391812865497 0.0436241610738255
0 0.5043859649122807 0.6370246085011185 0.1023391812865497 0.04586129753914989
0 0.5964912280701754 0.6414988814317674 0.07602339181286549 0.03467561521252796
0 0.6125730994152047 0.6840044742729307 0.0847953216374269 0.02796420581655481
0 0.5087719298245614 0.6923937360178971 0.0935672514619883 0.03803131991051454
0 0.5233918128654971 0.7360178970917226 0.08187134502923976 0.035794183445190156
0 0.6593567251461988 0.7175615212527964 0.09064327485380116 0.030201342281879193
0 0.6710526315789473 0.7656599552572707 0.07309941520467836 0.030201342281879193
0 0.5804093567251462 0.779082774049217 0.1023391812865497 0.02796420581655481
0 0.6812865497076023 0.7986577181208053 0.08771929824561403 0.035794183445190156
0 0.6023391812865497 0.8333333333333334 0.1286549707602339 0.035794183445190156
0 0.7105263157894737 0.8501118568232662 0.08771929824561403 0.03131991051454139
0 0.5950292397660818 0.8736017897091722 0.1023391812865497 0.03131991051454139
0 0.7192982456140351 0.8937360178970917 0.07602339181286549 0.035794183445190156
0 0.7412280701754386 0.9328859060402684 0.11403508771929824 0.03803131991051454
0 0.597953216374269 0.9295302013422818 0.09064327485380116 0.029082774049217
0 0.7309941520467835 0.970917225950783 0.05847953216374269 0.03131991051454139
0 0.6447368421052632 0.9742729306487695 0.10818713450292397 0.035794183445190156