0 0.1643835616438356 0.05896686159844054 0.0273972602739726 0.010721247563352826
0 0.3273972602739726 0.03167641325536062 0.0410958904109589 0.018518518518518517
0 0.3315068493150685 0.06676413255360623 0.06575342465753425 0.014619883040935672
0 0.35342465753424657 0.10136452241715399 0.06027397260273973 0.01949317738791423
0 0.21506849315068494 0.10380116959064327 0.04657534246575343 0.016569200779727095
0 0.226027397260274 0.13742690058479531 0.04657534246575343 0.021442495126705652
0 0.3698630136986301 0.1388888888888889 0.0821917808219178 0.016569200779727095
0 0.23013698630136986 0.17592592592592593 0.0547945205479452 0.02046783625730994
0 0.38904109589041097 0.17300194931773877 0.0547945205479452 0.024366471734892786
0 0.27945205479452057 0.21734892787524365 0.07671232876712329 0.017543859649122806
0 0.4301369863013699 0.20906432748538012 0.07123287671232877 0.016569200779727095
0 0.4684931506849315 0.24805068226120858 0.0547945205479452 0.014619883040935672
0 0.2958904109589041 0.2587719298245614 0.043835616438356165 0.018518518518518517
0 0.30684931506849317 0.30458089668615984 0.06027397260273973 0.022417153996101363
0 0.4726027397260274 0.293859649122807 0.06301369863013699 0.018518518518518517
0 0.3589041095890411 0.3391812865497076 0.07671232876712329 0.01949317738791423
0 0.4767123287671233 0.341130604288499 0.07123287671232877 0.021442495126705652
0 0.3561643835616438 0.37816764132553604 0.06027397260273973 0.01949317738791423
0 0.46986301369863015 0.3796296296296296 0.07397260273972603 0.022417153996101363
0 0.37397260273972605 0.40886939571150094 0.07945205479452055 0.018518518518518517
0 0.526027397260274 0.41325536062378165 0.07123287671232877 0.021442495126705652
0 0.40684931506849314 0.4546783625730994 0.057534246575342465 0.014619883040935672
0 0.4178082191780822 0.49610136452241715 0.052054794520547946 0.01364522417153996
0 0.5643835616438356 0.4873294346978557 0.0547945205479452 0.01949317738791423
0 0.6082191780821918 0.5209551656920077 0.06027397260273973 0.02046783625730994
0 0.452054794520548 0.5419103313840156 0.07123287671232877 0.01949317738791423
0 0.5986301369863014 0.5570175438596491 0.07397260273972603 0.018518518518518517
0 0.4589041095890411 0.5755360623781676 0.0684931506849315 0.02046783625730994
0 0.5027397260273972 0.6232943469785575 0.06301369863013699 0.022417153996101363
0 0.6328767123287671 0.5989278752436646 0.06027397260273973 0.018518518518518517
0 0.6506849315068494 0.6359649122807017 0.07945205479452055 0.018518518518518517
0 0.5054794520547945 0.668615984405458 0.0410958904109589 0.017543859649122806
0 0.678082191780822 0.6754385964912281 0.0684931506849315 0.015594541910331383
0 0.5191780821917809 0.706140350877193 0.057534246575342465 0.018518518518518517
0 0.6712328767123288 0.7251461988304093 0.07123287671232877 0.023391812865497075
0 0.5671232876712329 0.7475633528265107 0.049315068493150684 0.017543859649122806
0 0.7082191780821918 0.763157894736842 0.06301369863013699 0.01949317738791423
0 0.5945205479452055 0.7909356725146198 0.0547945205479452 0.018518518518518517
0 0.7164383561643836 0.8094541910331383 0.07397260273972603 0.022417153996101363
0 0.6150684931506849 0.8279727095516569 0.057534246575342465 0.016569200779727095
0 0.6287671232876713 0.8747563352826511 0.04657534246575343 0.014619883040935672
0 0.773972602739726 0.8523391812865496 0.06301369863013699 0.014619883040935672
0 0.7712328767123288 0.8908382066276803 0.052054794520547946 0.015594541910331383
0 0.6643835616438356 0.9171539961013645 0.057534246575342465 0.025341130604288498
0 0.6821917808219178 0.9522417153996101 0.06027397260273973 0.015594541910331383
0 0.8068493150684931 0.9327485380116959 0.0684931506849315 0.021442495126705652