0 0.3425381903642773 0.935580204778157 0.027027027027027025 0.012798634812286689
0 0.2808460634547591 0.9078498293515358 0.023501762632197415 0.013651877133105802
0 0.3313748531139835 0.8967576791808873 0.01880141010575793 0.015358361774744027
0 0.2790834312573443 0.8622013651877133 0.01762632197414806 0.00938566552901024
0 0.3202115158636898 0.8515358361774744 0.0199764982373678 0.011945392491467578
0 0.2602820211515864 0.806740614334471 0.01762632197414806 0.017918088737201365
0 0.3014101057579318 0.75 0.022326674500587545 0.013651877133105802
0 0.24794359576968272 0.7606655290102389 0.02115158636897767 0.014505119453924915
0 0.236192714453584 0.726962457337884 0.028202115158636895 0.01877133105802048
0 0.2244418331374853 0.6911262798634812 0.023501762632197415 0.01877133105802048
0 0.2673325499412456 0.662542662116041 0.022326674500587545 0.017918088737201365
0 0.2144535840188014 0.6476109215017065 0.01527614571092832 0.013651877133105802
0 0.20387779083431257 0.6028156996587031 0.024676850763807285 0.012798634812286689
0 0.245593419506463 0.5755119453924915 0.02115158636897767 0.011092150170648464
0 0.22502937720329025 0.5174914675767918 0.01762632197414806 0.014505119453924915
0 0.16803760282021152 0.5081058020477816 0.023501762632197415 0.012798634812286689
0 0.2209165687426557 0.4667235494880546 0.02115158636897767 0.020477815699658702
0 0.1598119858989424 0.4496587030716724 0.011750881316098707 0.008532423208191127
0 0.19682726204465334 0.4138225255972696 0.024676850763807285 0.017064846416382253
0 0.15569917743830786 0.40955631399317405 0.01762632197414806 0.011945392491467578
0 0.18742655699177438 0.3796928327645051 0.01762632197414806 0.015358361774744027
0 0.17920094007050527 0.3314846416382253 0.022326674500587545 0.017918088737201365
0 0.11985898942420681 0.3084470989761092 0.025851938895417155 0.014505119453924915
0 0.16216216216216214 0.29138225255972694 0.023501762632197415 0.01621160409556314
0 0.154524089306698 0.24829351535836178 0.024676850763807285 0.011945392491467578
0 0.10517038777908343 0.25170648464163825 0.01762632197414806 0.017064846416382253
0 0.09048178613396005 0.21928327645051196 0.02115158636897767 0.013651877133105802
0 0.1410105757931845 0.2022184300341297 0.014101057579318448 0.013651877133105802
0 0.12397179788484136 0.1476109215017065 0.0199764982373678 0.011945392491467578
0 0.2720329024676851 0.12627986348122866 0.022326674500587545 0.017064846416382253
0 0.07461809635722678 0.1612627986348123 0.01762632197414806 0.008532423208191127
0 0.3113983548766157 0.11689419795221843 0.02115158636897767 0.011945392491467578
0 0.3219741480611046 0.15443686006825938 0.01880141010575793 0.013651877133105802
0 0.282021151586369 0.16638225255972697 0.025851938895417155 0.017064846416382253
0 0.290834312573443 0.20819112627986347 0.02937720329024677 0.015358361774744027
0 0.3337250293772033 0.19965870307167236 0.025851938895417155 0.013651877133105802
0 0.3525264394829612 0.23720136518771331 0.01645123384253819 0.013651877133105802
0 0.30493537015276145 0.24786689419795221 0.022326674500587545 0.012798634812286689
0 0.31668625146886015 0.2819965870307167 0.03172737955346651 0.01962457337883959
0 0.3601645123384254 0.2738907849829352 0.022326674500587545 0.015358361774744027
0 0.3707403055229142 0.3084470989761092 0.022326674500587545 0.017918088737201365
0 0.32608695652173914 0.31783276450511944 0.024676850763807285 0.01962457337883959
0 0.3319623971797885 0.3562286689419795 0.024676850763807285 0.017918088737201365
0 0.38307873090481787 0.34513651877133106 0.02115158636897767 0.01621160409556314
0 0.3396004700352526 0.38822525597269625 0.03055229142185664 0.015358361774744027
0 0.39659224441833135 0.38054607508532423 0.022326674500587545 0.01877133105802048
0 0.399529964747356 0.420221843003413 0.025851938895417155 0.01962457337883959
0 0.34841363102232664 0.4296075085324232 0.024676850763807285 0.01962457337883959
0 0.363689776733255 0.47482935153583616 0.024676850763807285 0.021331058020477817
0 0.4171562867215041 0.4637372013651877 0.02115158636897767 0.014505119453924915
0 0.372502937720329 0.5012798634812287 0.028202115158636895 0.01621160409556314
0 0.4253819036427732 0.4970136518771331 0.02115158636897767 0.014505119453924915
0 0.3795534665099882 0.53839590443686 0.025851938895417155 0.017064846416382253
0 0.4318448883666275 0.5324232081911263 0.024676850763807285 0.017064846416382253
0 0.39541715628672147 0.5716723549488054 0.027027027027027025 0.015358361774744027
0 0.4424206815511163 0.568259385665529 0.01527614571092832 0.017064846416382253
0 0.39482961222091656 0.6053754266211604 0.02115158636897767 0.01962457337883959
0 0.4488836662749706 0.6011092150170648 0.01880141010575793 0.01962457337883959
0 0.4101057579318449 0.643344709897611 0.02115158636897767 0.01877133105802048
0 0.4553466509988249 0.6331058020477816 0.024676850763807285 0.015358361774744027
0 0.4218566392479436 0.6813139931740615 0.02115158636897767 0.014505119453924915
0 0.472385428907168 0.6616894197952219 0.01880141010575793 0.012798634812286689
0 0.47414806110458285 0.6975255972696246 0.022326674500587545 0.014505119453924915
0 0.4336075205640423 0.7094709897610921 0.025851938895417155 0.012798634812286689
0 0.48648648648648646 0.7397610921501706 0.028202115158636895 0.013651877133105802
0 0.4471210340775558 0.7632252559726963 0.024676850763807285 0.01621160409556314
0 0.4929494712103408 0.7760238907849829 0.01762632197414806 0.011092150170648464
0 0.4553466509988249 0.8020477815699659 0.027027027027027025 0.015358361774744027
0 0.5094007050528789 0.8131399317406144 0.01762632197414806 0.010238907849829351
0 0.46650998824911866 0.8489761092150171 0.028202115158636895 0.01877133105802048
0 0.5158636897767332 0.8540955631399317 0.01880141010575793 0.013651877133105802
0 0.47943595769682723 0.8843856655290102 0.02115158636897767 0.017918088737201365
0 0.5299647473560517 0.8890784982935154 0.01880141010575793 0.011945392491467578
0 0.4870740305522914 0.9227815699658704 0.022326674500587545 0.014505119453924915
0 0.5552291421856639 0.9155290102389079 0.01527614571092832 0.011945392491467578
0 0.7191539365452408 0.8485494880546075 0.01645123384253819 0.012798634812286689
0 0.6680376028202115 0.8523890784982935 0.0199764982373678 0.020477815699658702
0 0.7074030552291422 0.81740614334471 0.025851938895417155 0.01877133105802048
0 0.6580493537015276 0.8101535836177475 0.023501762632197415 0.014505119453924915
0 0.6968272620446533 0.7922354948805461 0.025851938895417155 0.017918088737201365
0 0.6844888366627497 0.7649317406143344 0.02937720329024677 0.021331058020477817
0 0.6398354876615746 0.764505119453925 0.022326674500587545 0.013651877133105802
0 0.6715628672150411 0.7290955631399317 0.03172737955346651 0.017918088737201365
0 0.6374853113983548 0.7286689419795221 0.024676850763807285 0.013651877133105802
0 0.6227967097532314 0.6983788395904437 0.023501762632197415 0.01962457337883959
0 0.6650998824911868 0.7069112627986348 0.03055229142185664 0.01962457337883959
0 0.6110458284371327 0.6693686006825939 0.025851938895417155 0.011092150170648464
0 0.600470035252644 0.6373720136518771 0.02115158636897767 0.015358361774744027
0 0.6292596944770857 0.6160409556313994 0.022326674500587545 0.01877133105802048
0 0.6316098707403055 0.5930034129692833 0.024676850763807285 0.02218430034129693
0 0.5916568742655699 0.6002559726962458 0.024676850763807285 0.012798634812286689
0 0.6304347826086957 0.5733788395904437 0.02937720329024677 0.010238907849829351
0 0.618096357226792 0.5571672354948806 0.03055229142185664 0.013651877133105802
0 0.5769682726204465 0.5627133105802048 0.02115158636897767 0.014505119453924915
0 0.6145710928319624 0.537542662116041 0.023501762632197415 0.01877133105802048
0 0.6069330199764982 0.518344709897611 0.03407755581668625 0.017918088737201365
0 0.5728554641598119 0.5251706484641638 0.01762632197414806 0.014505119453924915
0 0.6034077555816686 0.492320819112628 0.0199764982373678 0.013651877133105802
0 0.5893066980023501 0.47226962457337884 0.027027027027027025 0.01621160409556314
0 0.5863689776733255 0.4552047781569966 0.028202115158636895 0.012798634812286689
0 0.5499412455934195 0.45563139931740615 0.02115158636897767 0.017064846416382253
0 0.5434782608695652 0.427901023890785 0.022326674500587545 0.011092150170648464
0 0.5728554641598119 0.4296075085324232 0.0199764982373678 0.01621160409556314
0 0.5834312573443008 0.4104095563139932 0.024676850763807285 0.01877133105802048
0 0.5669800235017626 0.3890784982935154 0.027027027027027025 0.01877133105802048
0 0.564042303172738 0.35964163822525597 0.011750881316098707 0.011092150170648464
0 0.5240893066980024 0.3506825938566553 0.02115158636897767 0.015358361774744027
0 0.5511163337250293 0.3412969283276451 0.025851938895417155 0.020477815699658702
0 0.5070505287896592 0.3263651877133106 0.012925969447708578 0.00938566552901024
0 0.5411280846063454 0.3003412969283277 0.0199764982373678 0.020477815699658702
0 0.49941245593419503 0.28754266211604096 0.028202115158636895 0.011945392491467578
0 0.5464159811985899 0.2785836177474403 0.03055229142185664 0.017918088737201365
0 0.5352526439482961 0.25853242320819114 0.024676850763807285 0.02218430034129693
0 0.49412455934195065 0.25170648464163825 0.027027027027027025 0.01877133105802048
0 0.4811985898942421 0.2188566552901024 0.0199764982373678 0.014505119453924915
0 0.5346650998824912 0.2333617747440273 0.02115158636897767 0.01621160409556314
0 0.5205640423031728 0.21800341296928327 0.02115158636897767 0.01621160409556314
0 0.508813160987074 0.1992320819112628 0.025851938895417155 0.01962457337883959
0 0.4670975323149236 0.1825938566552901 0.0199764982373678 0.010238907849829351
0 0.5135135135135135 0.16382252559726962 0.02115158636897767 0.015358361774744027
0 0.5094007050528789 0.1476109215017065 0.0199764982373678 0.015358361774744027
0 0.4571092831962397 0.14590443686006827 0.02115158636897767 0.017064846416382253
0 0.5017626321974148 0.13011945392491467 0.028202115158636895 0.01621160409556314
0 0.49823736780258515 0.11177474402730375 0.02115158636897767 0.017064846416382253
0 0.45417156286721505 0.10665529010238908 0.022326674500587545 0.017064846416382253
0 0.48942420681551113 0.07935153583617748 0.022326674500587545 0.013651877133105802
0 0.6380728554641598 0.04906143344709898 0.028202115158636895 0.028156996587030716
0 0.663337250293772 0.07551194539249147 0.01527614571092832 0.011092150170648464
0 0.6527614571092831 0.08916382252559726 0.02937720329024677 0.012798634812286689
0 0.662749706227967 0.10878839590443685 0.028202115158636895 0.021331058020477817
0 0.718566392479436 0.1552901023890785 0.024676850763807285 0.013651877133105802
0 0.72737955346651 0.19155290102389078 0.01645123384253819 0.011092150170648464
0 0.68213866039953 0.20477815699658702 0.027027027027027025 0.017064846416382253
0 0.700352526439483 0.25042662116040953 0.028202115158636895 0.01962457337883959
0 0.736192714453584 0.2354948805460751 0.0199764982373678 0.013651877133105802
0 0.7379553466509988 0.2188566552901024 0.02115158636897767 0.017918088737201365
0 0.6756756756756757 0.13822525597269625 0.023501762632197415 0.015358361774744027
0 0.68213866039953 0.16766211604095563 0.02937720329024677 0.012798634812286689
0 0.6797884841363102 0.18131399317406144 0.024676850763807285 0.014505119453924915
0 0.6686251468860164 0.15187713310580206 0.03055229142185664 0.013651877133105802
0 0.717978848413631 0.29138225255972694 0.028202115158636895 0.01621160409556314
0 0.7573443008225617 0.2815699658703072 0.01527614571092832 0.008532423208191127
0 0.7197414806110458 0.3127133105802048 0.0199764982373678 0.01962457337883959
0 0.7591069330199764 0.310580204778157 0.014101057579318448 0.017064846416382253
0 0.7614571092831962 0.3310580204778157 0.01645123384253819 0.013651877133105802
0 0.7344300822561692 0.3395904436860068 0.03525264394829612 0.020477815699658702
0 0.736192714453584 0.3626279863481229 0.03172737955346651 0.017064846416382253
0 0.7350176263219741 0.382679180887372 0.03172737955346651 0.017918088737201365
0 0.7784958871915394 0.37158703071672355 0.022326674500587545 0.02303754266211604
0 0.7843713278495887 0.39974402730375425 0.01527614571092832 0.012798634812286689
0 0.7920094007050529 0.41552901023890787 0.023501762632197415 0.010238907849829351
0 0.7485311398354877 0.4035836177474403 0.028202115158636895 0.015358361774744027
0 0.7508813160987073 0.42662116040955633 0.028202115158636895 0.01877133105802048
0 0.7555816686251469 0.4453924914675768 0.028202115158636895 0.013651877133105802
0 0.763807285546416 0.46245733788395904 0.03525264394829612 0.017064846416382253
0 0.7720329024676851 0.4816552901023891 0.03760282021151586 0.014505119453924915
0 0.7755581668625147 0.5046928327645052 0.03055229142185664 0.017918088737201365
0 0.7802585193889542 0.523037542662116 0.025851938895417155 0.017064846416382253
0 0.8225616921269094 0.5123720136518771 0.011750881316098707 0.011092150170648464
0 0.8307873090481785 0.5541808873720137 0.01645123384253819 0.011092150170648464
0 0.8078730904817861 0.5571672354948806 0.01762632197414806 0.013651877133105802
0 0.7884841363102233 0.5524744027303754 0.02115158636897767 0.02303754266211604
0 0.8331374853113983 0.5784982935153584 0.01880141010575793 0.01877133105802048
0 0.7925969447708577 0.5844709897610921 0.02937720329024677 0.01877133105802048
0 0.8031727379553466 0.601962457337884 0.027027027027027025 0.01621160409556314
0 0.8560517038777908 0.6267064846416383 0.01762632197414806 0.012798634812286689
0 0.8108108108108107 0.6463310580204779 0.028202115158636895 0.014505119453924915
0 0.8078730904817861 0.6642491467576792 0.024676850763807285 0.017918088737201365
0 0.8202115158636898 0.6821672354948806 0.025851938895417155 0.01621160409556314
0 0.8648648648648648 0.6898464163822525 0.028202115158636895 0.012798634812286689
0 0.8325499412455933 0.7235494880546075 0.0199764982373678 0.015358361774744027
0 0.8384253819036428 0.7427474402730375 0.010575793184488836 0.012798634812286689
0 0.8413631022326674 0.7610921501706485 0.03055229142185664 0.020477815699658702
0 0.8836662749706228 0.7397610921501706 0.028202115158636895 0.013651877133105802
0 0.8977673325499412 0.7768771331058021 0.01880141010575793 0.011092150170648464
0 0.8537015276145711 0.8033276450511946 0.027027027027027025 0.017918088737201365
0 0.8595769682726204 0.8387372013651877 0.03407755581668625 0.017064846416382253