0 0.3285302593659942 0.038090646094503376 0.07492795389048991 0.022179363548698167
0 0.3357348703170029 0.06364513018322084 0.07204610951008646 0.017357762777242044
0 0.17723342939481268 0.06702025072324012 0.06628242074927954 0.022179363548698167
0 0.1887608069164265 0.09787849566055931 0.07204610951008646 0.01832208293153327
0 0.3487031700288184 0.10752169720347156 0.09798270893371758 0.02025072324011572
0 0.23054755043227665 0.1369334619093539 0.09221902017291066 0.021215043394406944
0 0.37896253602305474 0.14223722275795564 0.060518731988472615 0.02025072324011572
0 0.37463976945244953 0.17647058823529413 0.08069164265129683 0.02892960462873674
0 0.23198847262247838 0.17020250723240116 0.09510086455331411 0.027965284474445518
0 0.22910662824207492 0.19768563162970107 0.07780979827089336 0.023143683702989394
0 0.3976945244956772 0.21118611378977822 0.10374639769452448 0.021215043394406944
0 0.25360230547550433 0.22806171648987464 0.07492795389048991 0.024108003857280617
0 0.2795389048991354 0.2598842815814851 0.08645533141210374 0.024108003857280617
0 0.41354466858789624 0.24927675988428158 0.0893371757925072 0.022179363548698167
0 0.4365994236311239 0.28302796528447444 0.0893371757925072 0.027965284474445518
0 0.30403458213256485 0.3003857280617165 0.10086455331412103 0.022179363548698167
0 0.27089337175792505 0.33317261330761816 0.06916426512968299 0.027965284474445518
0 0.4380403458213256 0.33076181292189005 0.08069164265129683 0.03664416586306654
0 0.4827089337175792 0.3722275795564127 0.08357348703170028 0.025072324011571844
0 0.324207492795389 0.38138862102217935 0.0893371757925072 0.024108003857280617
0 0.4769452449567723 0.4059787849566056 0.10086455331412103 0.02700096432015429
0 0.3587896253602305 0.4276759884281582 0.10086455331412103 0.026036644165863067
0 0.49999999999999994 0.4397299903567985 0.10086455331412103 0.02892960462873674
0 0.3861671469740634 0.47685631629701064 0.02881844380403458 0.006750241080038573
0 0.5028818443804034 0.4797492767598843 0.13544668587896252 0.027965284474445518
0 0.5518731988472622 0.5216972034715526 0.0893371757925072 0.025072324011571844
0 0.39625360230547546 0.5207328833172613 0.07780979827089336 0.015429122468659595
0 0.4265129682997118 0.5588235294117647 0.10374639769452448 0.03182256509161042
0 0.569164265129683 0.5540019286403086 0.0893371757925072 0.03182256509161042
0 0.5720461095100864 0.5940212150433944 0.08357348703170028 0.03664416586306654
0 0.4438040345821325 0.5949855351976856 0.06916426512968299 0.025072324011571844
0 0.4726224783861671 0.6460945033751205 0.06916426512968299 0.02700096432015429
0 0.6210374639769453 0.6378977820636451 0.060518731988472615 0.029893924783027968
0 0.6455331412103746 0.6769527483124398 0.09798270893371758 0.03085824493731919
0 0.5072046109510087 0.6769527483124398 0.07492795389048991 0.015429122468659595
0 0.5043227665706052 0.7246865959498554 0.08645533141210374 0.027965284474445518
0 0.6512968299711815 0.740115718418515 0.08645533141210374 0.022179363548698167
0 0.5273775216138328 0.7565091610414658 0.06916426512968299 0.02025072324011572
0 0.6657060518731988 0.7782063645130184 0.06916426512968299 0.03085824493731919
0 0.5417867435158501 0.8052073288331726 0.08069164265129683 0.025072324011571844
0 0.6844380403458212 0.8167791706846673 0.09510086455331411 0.03085824493731919
0 0.579250720461095 0.8437801350048216 0.08645533141210374 0.023143683702989394
0 0.7146974063400576 0.8577627772420444 0.06916426512968299 0.029893924783027968
0 0.5979827089337175 0.8876567020250723 0.10086455331412103 0.026036644165863067
0 0.7507204610951008 0.90549662487946 0.08357348703170028 0.03278688524590164
0 0.6354466858789625 0.9199614271938283 0.08357348703170028 0.02892960462873674
0 0.6239193083573487 0.9546769527483124 0.07204610951008646 0.02700096432015429
0 0.7651296829971181 0.9445515911282546 0.08357348703170028 0.026036644165863067