0 0.215625 0.07497116493656286 0.1 0.03460207612456748
0 0.3296875 0.08073817762399077 0.109375 0.029988465974625143
0 0.2390625 0.11880046136101499 0.115625 0.032295271049596314
0 0.24375000000000002 0.15513264129181084 0.1 0.03114186851211073
0 0.2828125 0.19377162629757785 0.115625 0.032295271049596314
0 0.384375 0.15859284890426759 0.10625000000000001 0.040369088811995385
0 0.40625 0.2174163783160323 0.08125 0.03114186851211073
0 0.2859375 0.24798154555940025 0.078125 0.02768166089965398
0 0.4296875 0.2577854671280277 0.065625 0.033448673587081895
0 0.3171875 0.28546712802768165 0.140625 0.02883506343713956
0 0.46875 0.2975778546712803 0.09375 0.03690888119953864
0 0.33906250000000004 0.33160322952710497 0.065625 0.02883506343713956
0 0.4890625 0.35121107266435986 0.096875 0.033448673587081895
0 0.49531250000000004 0.3892733564013841 0.084375 0.0196078431372549
0 0.3515625 0.3835063437139562 0.09062500000000001 0.02191464821222607
0 0.3765625 0.4261822376009227 0.078125 0.033448673587081895
0 0.515625 0.43367935409457903 0.08750000000000001 0.02768166089965398
0 0.40625 0.46539792387543255 0.10625000000000001 0.0265282583621684
0 0.5578125 0.48096885813148793 0.059375000000000004 0.03460207612456748
0 0.5437500000000001 0.5213379469434833 0.09375 0.0461361014994233
0 0.45 0.516724336793541 0.08750000000000001 0.029988465974625143
0 0.49531250000000004 0.5905420991926182 0.09062500000000001 0.02768166089965398
0 0.4390625 0.5617070357554786 0.078125 0.02768166089965398
0 0.58125 0.569204152249135 0.08125 0.03114186851211073
0 0.509375 0.5611303344867359 0.0625 0.02883506343713956
0 0.5890625 0.6205305651672434 0.115625 0.02306805074971165
0 0.496875 0.6487889273356402 0.08750000000000001 0.02883506343713956
0 0.6125 0.6620530565167243 0.08750000000000001 0.03460207612456748
0 0.6765625000000001 0.7179930795847751 0.10312500000000001 0.01730103806228374
0 0.5171875 0.68800461361015 0.10312500000000001 0.03114186851211073
0 0.5234375 0.7462514417531719 0.07187500000000001 0.032295271049596314
0 0.6234375000000001 0.7525951557093425 0.109375 0.033448673587081895
0 0.55625 0.7935409457900807 0.09375 0.04152249134948097
0 0.6578125 0.8114186851211073 0.078125 0.03575547866205306
0 0.58125 0.8327566320645906 0.10625000000000001 0.025374855824682817
0 0.6671875 0.8523644752018454 0.078125 0.025374855824682817
0 0.6000000000000001 0.8771626297577855 0.08125 0.02191464821222607
0 0.6843750000000001 0.8904267589388697 0.08750000000000001 0.03690888119953864
0 0.6062500000000001 0.9232987312572088 0.1 0.033448673587081895
0 0.7156250000000001 0.9498269896193772 0.08750000000000001 0.02422145328719723
0 0.61875 0.9653979238754326 0.05 0.011534025374855825
0 0.775 0.9798154555940023 0.08750000000000001 0.033448673587081895