0 0.815445 0.927035 0.070681 0.020580
0 0.807592 0.892891 0.049738 0.017774
0 0.689791 0.864827 0.065445 0.019645
0 0.776178 0.855472 0.049738 0.019645
0 0.651832 0.820393 0.062827 0.020580
0 0.727749 0.782507 0.031414 0.010290
0 0.638743 0.778765 0.062827 0.017774
0 0.710733 0.716558 0.034031 0.009355
0 0.586387 0.707671 0.068063 0.019645
0 0.691099 0.678672 0.052356 0.015903
0 0.561518 0.669317 0.060209 0.017774
0 0.659686 0.639383 0.052356 0.019645
0 0.552356 0.638915 0.047120 0.020580
0 0.636126 0.601029 0.057592 0.014032
0 0.534031 0.600561 0.062827 0.026193
0 0.609948 0.559401 0.062827 0.018709
0 0.481675 0.537418 0.073298 0.015903
0 0.475131 0.502339 0.060209 0.016838
0 0.558901 0.480355 0.060209 0.017774
0 0.463351 0.470065 0.057592 0.017774
0 0.531414 0.442002 0.057592 0.017774
0 0.424084 0.425631 0.057592 0.024322
0 0.513089 0.407390 0.047120 0.012161
0 0.489529 0.370907 0.047120 0.015903
0 0.388743 0.372311 0.065445 0.016838
0 0.352094 0.335828 0.054974 0.018709
0 0.328534 0.287652 0.075916 0.027128
0 0.439791 0.281104 0.057592 0.015903
0 0.414921 0.239944 0.086387 0.017774
0 0.314136 0.237605 0.068063 0.024322
0 0.393979 0.206735 0.049738 0.014967
0 0.276178 0.200655 0.049738 0.014032
0 0.376963 0.169317 0.047120 0.014967
0 0.350785 0.132834 0.057592 0.018709
0 0.265707 0.137979 0.075916 0.021515
0 0.232984 0.086997 0.052356 0.016838
0 0.307592 0.054724 0.060209 0.015903
0 0.176702 0.040692 0.049738 0.019645
