0 0.19615384615384615 0.07601351351351351 0.04461538461538461 0.012837837837837839
0 0.11 0.07770270270270271 0.038461538461538464 0.01756756756756757
0 0.12923076923076923 0.09932432432432434 0.06461538461538462 0.021621621621621623
0 0.2153846153846154 0.09831081081081082 0.043076923076923075 0.018243243243243244
0 0.1523076923076923 0.12027027027027028 0.043076923076923075 0.010810810810810811
0 0.16307692307692306 0.15000000000000002 0.04923076923076923 0.02027027027027027
0 0.22692307692307692 0.14594594594594595 0.04153846153846154 0.016216216216216217
0 0.2246153846153846 0.16486486486486487 0.043076923076923075 0.012162162162162163
0 0.1723076923076923 0.17972972972972973 0.043076923076923075 0.021621621621621623
0 0.18 0.20574324324324325 0.03692307692307692 0.016891891891891893
0 0.24076923076923076 0.19493243243243244 0.03538461538461538 0.015540540540540541
0 0.25461538461538463 0.2158783783783784 0.05384615384615385 0.020945945945945947
0 0.18384615384615385 0.23817567567567569 0.04461538461538461 0.018243243243243244
0 0.27 0.2435810810810811 0.04153846153846154 0.01418918918918919
0 0.20384615384615384 0.2614864864864865 0.05076923076923077 0.013513513513513514
0 0.27615384615384614 0.2736486486486487 0.02923076923076923 0.012162162162162163
0 0.2946153846153846 0.29695945945945945 0.03230769230769231 0.01418918918918919
0 0.3230769230769231 0.3567567567567568 0.043076923076923075 0.014864864864864866
0 0.24769230769230768 0.3648648648648649 0.03076923076923077 0.016216216216216217
0 0.3223076923076923 0.38141891891891894 0.038461538461538464 0.018243243243243244
0 0.25076923076923074 0.4168918918918919 0.03692307692307692 0.016216216216216217
0 0.34846153846153843 0.43412162162162166 0.03538461538461538 0.011486486486486487
0 0.3569230769230769 0.46182432432432435 0.03076923076923077 0.016891891891891893
0 0.2746153846153846 0.46351351351351355 0.038461538461538464 0.01756756756756757
0 0.2630769230769231 0.4408783783783784 0.03692307692307692 0.02364864864864865
0 0.28076923076923077 0.4902027027027027 0.05384615384615385 0.016891891891891893
0 0.3730769230769231 0.4935810810810811 0.05076923076923077 0.02364864864864865
0 0.3769230769230769 0.5206081081081081 0.03692307692307692 0.008783783783783784
0 0.28846153846153844 0.5256756756756757 0.03538461538461538 0.013513513513513514
0 0.30230769230769233 0.5530405405405405 0.04153846153846154 0.020945945945945947
0 0.39 0.5483108108108108 0.05692307692307692 0.016891891891891893
0 0.40384615384615385 0.5750000000000001 0.04461538461538461 0.01756756756756757
0 0.3230769230769231 0.585472972972973 0.03692307692307692 0.015540540540540541
0 0.3230769230769231 0.6138513513513514 0.03692307692307692 0.010135135135135136
0 0.41384615384615386 0.5956081081081082 0.03076923076923077 0.016891891891891893
0 0.4276923076923077 0.625 0.033846153846153845 0.01756756756756757
0 0.3392307692307692 0.6442567567567568 0.038461538461538464 0.018243243243243244
0 0.4307692307692308 0.6520270270270271 0.033846153846153845 0.01756756756756757
0 0.33692307692307694 0.6733108108108109 0.04923076923076923 0.020945945945945947
0 0.4338461538461538 0.6760135135135136 0.033846153846153845 0.015540540540540541
0 0.3507692307692308 0.6976351351351352 0.04923076923076923 0.015540540540540541
0 0.4430769230769231 0.7047297297297298 0.015384615384615385 0.006756756756756757
0 0.3607692307692308 0.7304054054054054 0.02923076923076923 0.01756756756756757
0 0.4592307692307692 0.7287162162162163 0.03538461538461538 0.015540540540540541
0 0.46384615384615385 0.7513513513513514 0.05076923076923077 0.01756756756756757
0 0.48384615384615387 0.7800675675675676 0.023076923076923078 0.010135135135135136
0 0.48846153846153845 0.7989864864864865 0.04153846153846154 0.019594594594594596
0 0.41384615384615386 0.8057432432432433 0.03076923076923077 0.01418918918918919
0 0.40076923076923077 0.8310810810810811 0.05076923076923077 0.021621621621621623
0 0.5023076923076923 0.8266891891891892 0.016923076923076923 0.01418918918918919
0 0.49846153846153846 0.8560810810810812 0.04923076923076923 0.021621621621621623
0 0.5146153846153846 0.8810810810810812 0.038461538461538464 0.01891891891891892
0 0.4084615384615385 0.8888513513513514 0.047692307692307694 0.012837837837837839
0 0.52 0.9033783783783784 0.04923076923076923 0.01756756756756757
0 0.5269230769230769 0.9236486486486487 0.038461538461538464 0.01891891891891892
0 0.4376923076923077 0.9192567567567568 0.04153846153846154 0.015540540540540541
0 0.5461538461538461 0.9466216216216217 0.052307692307692305 0.02027027027027027
0 0.4469230769230769 0.9567567567567568 0.04461538461538461 0.01756756756756757
0 0.7884615384615384 0.9097972972972973 0.03230769230769231 0.011486486486486487
0 0.8684615384615385 0.8979729729729731 0.038461538461538464 0.013513513513513514
0 0.7576923076923077 0.8722972972972973 0.03538461538461538 0.01756756756756757
0 0.8369230769230769 0.8442567567567568 0.055384615384615386 0.0222972972972973
0 0.8238461538461539 0.8155405405405406 0.03538461538461538 0.012162162162162163
0 0.7546153846153846 0.8287162162162163 0.016923076923076923 0.0033783783783783786
0 0.7369230769230769 0.7942567567567568 0.046153846153846156 0.020945945945945947
0 0.8215384615384616 0.7875000000000001 0.04 0.016891891891891893
0 0.7446153846153846 0.7652027027027027 0.043076923076923075 0.018243243243243244
0 0.8138461538461539 0.7577702702702703 0.03692307692307692 0.015540540540540541
0 0.7284615384615385 0.7337837837837838 0.03538461538461538 0.01756756756756757
0 0.7192307692307692 0.7013513513513514 0.04153846153846154 0.01756756756756757
0 0.8015384615384615 0.6925675675675677 0.033846153846153845 0.01891891891891892
0 0.6923076923076923 0.6746621621621622 0.043076923076923075 0.016891891891891893
0 0.7776923076923077 0.6699324324324325 0.047692307692307694 0.016891891891891893
0 0.7638461538461538 0.6402027027027027 0.04461538461538461 0.015540540540540541
0 0.6953846153846154 0.6310810810810811 0.03692307692307692 0.016216216216216217
0 0.6707692307692308 0.6040540540540541 0.043076923076923075 0.013513513513513514
0 0.7346153846153847 0.5810810810810811 0.02923076923076923 0.016216216216216217
0 0.6469230769230769 0.5719594594594595 0.047692307692307694 0.016891891891891893
0 0.7061538461538461 0.5486486486486487 0.052307692307692305 0.016216216216216217
0 0.6492307692307693 0.5324324324324324 0.043076923076923075 0.013513513513513514
0 0.7046153846153846 0.5192567567567568 0.033846153846153845 0.010135135135135136
0 0.6407692307692308 0.5010135135135135 0.03538461538461538 0.012837837837837839
0 0.6246153846153846 0.5131756756756757 0.03692307692307692 0.011486486486486487
0 0.6315384615384615 0.48074324324324325 0.04461538461538461 0.025
0 0.693076923076923 0.4537162162162162 0.03230769230769231 0.015540540540540541
0 0.6115384615384616 0.4523648648648649 0.04153846153846154 0.015540540540540541
0 0.5969230769230769 0.4293918918918919 0.04923076923076923 0.019594594594594596
0 0.5853846153846154 0.40912162162162163 0.038461538461538464 0.015540540540540541
0 0.6730769230769231 0.38648648648648654 0.03538461538461538 0.016216216216216217
0 0.5653846153846154 0.37195945945945946 0.02923076923076923 0.008783783783783784
0 0.5676923076923077 0.34222972972972976 0.03692307692307692 0.015540540540540541
0 0.6407692307692308 0.3391891891891892 0.04153846153846154 0.012162162162162163
0 0.6430769230769231 0.30777027027027026 0.03692307692307692 0.01418918918918919
0 0.5323076923076923 0.3158783783783784 0.04923076923076923 0.01418918918918919
0 0.5361538461538462 0.2942567567567568 0.023076923076923078 0.011486486486486487
0 0.5161538461538462 0.2679054054054054 0.03538461538461538 0.01418918918918919
0 0.6215384615384615 0.2533783783783784 0.04 0.014864864864864866
0 0.5207692307692308 0.24425675675675676 0.047692307692307694 0.016891891891891893
0 0.6115384615384616 0.22972972972972974 0.05076923076923077 0.01891891891891892
0 0.5007692307692307 0.22263513513513514 0.03230769230769231 0.015540540540540541
0 0.5015384615384615 0.19493243243243244 0.04923076923076923 0.019594594594594596
0 0.5815384615384616 0.18074324324324326 0.03692307692307692 0.012837837837837839
0 0.48615384615384616 0.1695945945945946 0.06153846153846154 0.024324324324324326
0 0.5707692307692308 0.1533783783783784 0.043076923076923075 0.010810810810810811
0 0.4807692307692308 0.13851351351351351 0.047692307692307694 0.021621621621621623
0 0.47384615384615386 0.11824324324324326 0.043076923076923075 0.021621621621621623
0 0.5561538461538461 0.12804054054054054 0.02923076923076923 0.012837837837837839
0 0.5484615384615384 0.09594594594594595 0.04153846153846154 0.016216216216216217
0 0.46153846153846156 0.08783783783783784 0.052307692307692305 0.02027027027027027
0 0.5184615384615384 0.06993243243243244 0.04 0.015540540540540541
0 0.44461538461538463 0.03344594594594595 0.046153846153846156 0.01418918918918919