0 0.2080536912751678 0.08117326057298772 0.060402684563758385 0.03137789904502047
0 0.24161073825503354 0.1480218281036835 0.0738255033557047 0.036834924965893585
0 0.401006711409396 0.17598908594815826 0.07718120805369127 0.027285129604365622
0 0.4110738255033557 0.22237380627557982 0.11073825503355704 0.03274215552523874
0 0.2651006711409396 0.21759890859481582 0.026845637583892617 0.017735334242837655
0 0.3238255033557047 0.257162346521146 0.06375838926174497 0.03137789904502047
0 0.4446308724832215 0.2626193724420191 0.09060402684563758 0.02592087312414734
0 0.4949664429530201 0.31718963165075037 0.09060402684563758 0.023192360163710776
0 0.511744966442953 0.3601637107776262 0.07046979865771812 0.027285129604365622
0 0.3674496644295302 0.373806275579809 0.09731543624161074 0.030013642564802184
0 0.3926174496644295 0.41882673942701226 0.09395973154362416 0.030013642564802184
0 0.5704697986577181 0.4433833560709413 0.08053691275167785 0.027285129604365622
0 0.5469798657718121 0.48090040927694405 0.040268456375838924 0.02592087312414734
0 0.4395973154362416 0.5190995907230559 0.08053691275167785 0.036834924965893585
0 0.5939597315436241 0.524556616643929 0.0738255033557047 0.02592087312414734
0 0.46140939597315433 0.5832196452933152 0.09060402684563758 0.034106412005457026
0 0.6023489932885906 0.5859481582537517 0.08389261744966443 0.02592087312414734
0 0.511744966442953 0.6330150068212824 0.08389261744966443 0.02455661664392906
0 0.6459731543624161 0.635743519781719 0.09731543624161074 0.03547066848567531
0 0.5285234899328859 0.6834924965893588 0.07718120805369127 0.03547066848567531
0 0.6442953020134228 0.6916780354706685 0.08053691275167785 0.03547066848567531
0 0.6778523489932886 0.7298772169167803 0.08053691275167785 0.03274215552523874
0 0.5419463087248322 0.757162346521146 0.09060402684563758 0.03274215552523874
0 0.6929530201342282 0.7858117326057299 0.07046979865771812 0.02455661664392906
0 0.5956375838926175 0.8076398362892224 0.07718120805369127 0.030013642564802184
0 0.7080536912751678 0.8383356070941337 0.08053691275167785 0.03137789904502047
0 0.5889261744966443 0.8806275579809004 0.05704697986577181 0.03137789904502047
0 0.6006711409395973 0.9495225102319236 0.0738255033557047 0.04638472032742155
0 0.7600671140939597 0.9304229195088677 0.12416107382550336 0.030013642564802184