0 0.40326633165829145 0.04854854854854855 0.052763819095477386 0.017017017017017015
0 0.22989949748743718 0.06756756756756757 0.05778894472361809 0.01901901901901902
0 0.38190954773869346 0.0915915915915916 0.06532663316582915 0.023023023023023025
0 0.41331658291457285 0.13013013013013014 0.05778894472361809 0.026026026026026026
0 0.271356783919598 0.15015015015015015 0.06532663316582915 0.03203203203203203
0 0.4321608040201005 0.17367367367367367 0.08542713567839195 0.029029029029029027
0 0.4371859296482412 0.22672672672672672 0.07035175879396985 0.03903903903903904
0 0.32160804020100503 0.25425425425425424 0.06030150753768844 0.026026026026026026
0 0.33040201005025127 0.2962962962962963 0.0678391959798995 0.026026026026026026
0 0.44095477386934673 0.3063063063063063 0.0728643216080402 0.024024024024024024
0 0.36432160804020103 0.33683683683683685 0.06030150753768844 0.023023023023023025
0 0.35678391959798994 0.3763763763763764 0.07035175879396985 0.022022022022022022
0 0.46608040201005024 0.35235235235235235 0.032663316582914576 0.01001001001001001
0 0.4861809045226131 0.38038038038038036 0.03768844221105528 0.024024024024024024
0 0.3944723618090452 0.4174174174174174 0.09045226130653267 0.03203203203203203
0 0.4937185929648241 0.42042042042042044 0.04271356783919598 0.016016016016016016
0 0.4120603015075377 0.45945945945945943 0.07035175879396985 0.03403403403403403
0 0.5213567839195979 0.45895895895895894 0.052763819095477386 0.025025025025025023
0 0.42462311557788945 0.4974974974974975 0.06532663316582915 0.024024024024024024
0 0.43844221105527637 0.524024024024024 0.06281407035175879 0.02702702702702703
0 0.5678391959798995 0.5415415415415415 0.07035175879396985 0.03003003003003003
0 0.4623115577889447 0.5635635635635635 0.06532663316582915 0.03403403403403403
0 0.6180904522613065 0.585085085085085 0.07537688442211056 0.025025025025025023
0 0.47110552763819097 0.6456456456456456 0.0678391959798995 0.03003003003003003
0 0.6444723618090452 0.6556556556556556 0.05778894472361809 0.024024024024024024
0 0.5150753768844221 0.6896896896896897 0.08542713567839195 0.028028028028028028
0 0.5188442211055276 0.7177177177177178 0.0678391959798995 0.022022022022022022
0 0.6457286432160804 0.7262262262262262 0.06030150753768844 0.01901901901901902
0 0.6721105527638191 0.7552552552552553 0.052763819095477386 0.02102102102102102
0 0.5678391959798995 0.8028028028028028 0.08542713567839195 0.03403403403403403
0 0.6180904522613065 0.8463463463463463 0.07035175879396985 0.023023023023023025
0 0.7135678391959799 0.8378378378378378 0.05025125628140704 0.02002002002002002
0 0.6155778894472362 0.8938938938938938 0.08040201005025126 0.026026026026026026
0 0.6118090452261307 0.9174174174174174 0.06281407035175879 0.017017017017017015
0 0.7248743718592965 0.8808808808808809 0.05778894472361809 0.03003003003003003
0 0.7386934673366834 0.9184184184184184 0.05527638190954774 0.015015015015015015
0 0.757537688442211 0.9494494494494494 0.04271356783919598 0.023023023023023025
0 0.6633165829145728 0.9664664664664665 0.06532663316582915 0.02102102102102102