0 0.3333333333333333 0.904040404040404 0.019464720194647202 0.011784511784511785
0 0.2871046228710462 0.9074074074074073 0.019464720194647202 0.013468013468013467
0 0.2871046228710462 0.877104377104377 0.019464720194647202 0.011784511784511785
0 0.26338199513381993 0.8362794612794613 0.025547445255474453 0.017676767676767676
0 0.30900243309002434 0.8324915824915825 0.024330900243309004 0.013468013468013467
0 0.29927007299270075 0.7899831649831649 0.014598540145985401 0.012626262626262626
0 0.23600973236009734 0.765993265993266 0.021897810218978103 0.0202020202020202
0 0.28953771289537716 0.7554713804713804 0.021897810218978103 0.012626262626262626
0 0.2347931873479319 0.726010101010101 0.026763990267639905 0.015993265993265993
0 0.2664233576642336 0.6872895622895623 0.014598540145985401 0.017676767676767676
0 0.21958637469586376 0.6923400673400673 0.027980535279805353 0.015993265993265993
0 0.21228710462287106 0.6548821548821548 0.018248175182481754 0.013468013468013467
0 0.26338199513381993 0.6548821548821548 0.023114355231143552 0.018518518518518517
0 0.19768856447688565 0.6174242424242424 0.027980535279805353 0.015993265993265993
0 0.24452554744525548 0.6207912457912458 0.019464720194647202 0.012626262626262626
0 0.23175182481751824 0.593013468013468 0.023114355231143552 0.014309764309764309
0 0.225669099756691 0.5601851851851851 0.02068126520681265 0.017676767676767676
0 0.21532846715328469 0.5269360269360269 0.021897810218978103 0.0202020202020202
0 0.16849148418491486 0.5231481481481481 0.023114355231143552 0.012626262626262626
0 0.15632603406326034 0.492003367003367 0.023114355231143552 0.015993265993265993
0 0.2037712895377129 0.5 0.023114355231143552 0.01515151515151515
0 0.19464720194647203 0.46759259259259256 0.021897810218978103 0.015993265993265993
0 0.1502433090024331 0.45749158249158245 0.023114355231143552 0.014309764309764309
0 0.1843065693430657 0.4313973063973064 0.023114355231143552 0.015993265993265993
0 0.14172749391727493 0.4212962962962963 0.030413625304136254 0.012626262626262626
0 0.17822384428223845 0.39814814814814814 0.027980535279805353 0.018518518518518517
0 0.1307785888077859 0.38846801346801346 0.025547445255474453 0.015993265993265993
0 0.1654501216545012 0.375 0.0170316301703163 0.014309764309764309
0 0.16788321167883213 0.343013468013468 0.026763990267639905 0.014309764309764309
0 0.11739659367396595 0.356060606060606 0.025547445255474453 0.018518518518518517
0 0.1478102189781022 0.3101851851851852 0.02068126520681265 0.012626262626262626
0 0.1380778588807786 0.2765151515151515 0.023114355231143552 0.01936026936026936
0 0.1332116788321168 0.24957912457912457 0.03527980535279805 0.01936026936026936
0 0.08880778588807786 0.2542087542087542 0.029197080291970802 0.016835016835016835
0 0.08576642335766424 0.22138047138047137 0.023114355231143552 0.013468013468013467
0 0.12773722627737227 0.21464646464646464 0.026763990267639905 0.0202020202020202
0 0.12104622871046229 0.18855218855218855 0.023114355231143552 0.01515151515151515
0 0.2524330900243309 0.11952861952861953 0.030413625304136254 0.013468013468013467
0 0.29987834549878345 0.10353535353535354 0.025547445255474453 0.018518518518518517
0 0.26094890510948904 0.14393939393939392 0.030413625304136254 0.01515151515151515
0 0.3035279805352798 0.15488215488215487 0.023114355231143552 0.01515151515151515
0 0.2846715328467153 0.17887205387205388 0.021897810218978103 0.015993265993265993
0 0.31386861313868614 0.17971380471380471 0.0170316301703163 0.014309764309764309
0 0.2737226277372263 0.21506734006734005 0.029197080291970802 0.015993265993265993
0 0.3327250608272506 0.22727272727272727 0.013381995133819952 0.01515151515151515
0 0.28953771289537716 0.24284511784511784 0.026763990267639905 0.02104377104377104
0 0.3327250608272506 0.2521043771043771 0.03527980535279805 0.01936026936026936
0 0.29683698296836986 0.273989898989899 0.021897810218978103 0.015993265993265993
0 0.34793187347931875 0.29419191919191917 0.021897810218978103 0.014309764309764309
0 0.3169099756690998 0.3354377104377104 0.025547445255474453 0.014309764309764309
0 0.3613138686131387 0.3265993265993266 0.019464720194647202 0.013468013468013467
0 0.32725060827250607 0.36363636363636365 0.026763990267639905 0.016835016835016835
0 0.36739659367396593 0.3653198653198653 0.021897810218978103 0.01515151515151515
0 0.3448905109489051 0.42676767676767674 0.027980535279805353 0.016835016835016835
0 0.38442822384428227 0.44654882154882153 0.021897810218978103 0.01936026936026936
0 0.3442822384428224 0.460016835016835 0.024330900243309004 0.017676767676767676
0 0.35097323600973235 0.4928451178451178 0.018248175182481754 0.01936026936026936
0 0.395985401459854 0.4848484848484848 0.023114355231143552 0.016835016835016835
0 0.41301703163017034 0.5193602693602694 0.018248175182481754 0.018518518518518517
0 0.3722627737226277 0.5223063973063973 0.009732360097323601 0.005892255892255892
0 0.42457420924574213 0.5471380471380471 0.031630170316301706 0.016835016835016835
0 0.3807785888077859 0.5568181818181818 0.026763990267639905 0.012626262626262626
0 0.38929440389294406 0.593013468013468 0.024330900243309004 0.017676767676767676
0 0.43126520681265207 0.5820707070707071 0.02068126520681265 0.012626262626262626
0 0.4458637469586375 0.6174242424242424 0.025547445255474453 0.012626262626262626
0 0.4118004866180049 0.6502525252525252 0.027980535279805353 0.015993265993265993
0 0.4239659367396594 0.6864478114478114 0.023114355231143552 0.012626262626262626
0 0.4659367396593674 0.686026936026936 0.021897810218978103 0.01515151515151515
0 0.4720194647201947 0.7255892255892256 0.0170316301703163 0.01515151515151515
0 0.43795620437956206 0.7466329966329966 0.026763990267639905 0.018518518518518517
0 0.48722627737226276 0.7588383838383838 0.02068126520681265 0.015993265993265993
0 0.44282238442822386 0.771043771043771 0.021897810218978103 0.016835016835016835
0 0.451338199513382 0.7979797979797979 0.038929440389294405 0.018518518518518517
0 0.5048661800486618 0.7962962962962963 0.0340632603406326 0.01515151515151515
0 0.45985401459854014 0.829124579124579 0.026763990267639905 0.013468013468013467
0 0.5036496350364964 0.8354377104377104 0.019464720194647202 0.010942760942760942
0 0.4726277372262774 0.8598484848484849 0.025547445255474453 0.017676767676767676
0 0.5261557177615572 0.8678451178451178 0.023114355231143552 0.011784511784511785
0 0.4781021897810219 0.8872053872053872 0.024330900243309004 0.01515151515151515
0 0.4884428223844282 0.9170875420875421 0.027980535279805353 0.01936026936026936
0 0.7232360097323601 0.8686868686868686 0.032846715328467155 0.018518518518518517
0 0.6690997566909976 0.8543771043771043 0.024330900243309004 0.011784511784511785
0 0.7098540145985401 0.835016835016835 0.025547445255474453 0.016835016835016835
0 0.6630170316301703 0.8316498316498316 0.024330900243309004 0.01515151515151515
0 0.6587591240875913 0.8038720538720538 0.023114355231143552 0.013468013468013467
0 0.6940389294403894 0.7975589225589226 0.023114355231143552 0.014309764309764309
0 0.6843065693430657 0.7676767676767676 0.025547445255474453 0.0202020202020202
0 0.6478102189781022 0.7680976430976431 0.025547445255474453 0.015993265993265993
0 0.6441605839416058 0.7394781144781144 0.018248175182481754 0.015993265993265993
0 0.6611922141119222 0.6750841750841751 0.023114355231143552 0.018518518518518517
0 0.6167883211678832 0.6755050505050505 0.026763990267639905 0.014309764309764309
0 0.6070559610705596 0.6397306397306397 0.031630170316301706 0.018518518518518517
0 0.648418491484185 0.6468855218855218 0.029197080291970802 0.015993265993265993
0 0.6435523114355232 0.6148989898989898 0.026763990267639905 0.017676767676767676
0 0.5997566909975669 0.6148989898989898 0.024330900243309004 0.012626262626262626
0 0.5875912408759124 0.5765993265993266 0.019464720194647202 0.013468013468013467
0 0.6271289537712895 0.5715488215488215 0.027980535279805353 0.016835016835016835
0 0.614963503649635 0.5437710437710438 0.025547445255474453 0.018518518518518517
0 0.5809002433090025 0.5462962962962963 0.023114355231143552 0.01515151515151515
0 0.5809002433090025 0.5151515151515151 0.02068126520681265 0.013468013468013467
0 0.5541362530413625 0.45538720538720534 0.023114355231143552 0.01515151515151515
0 0.593065693430657 0.44781144781144777 0.025547445255474453 0.018518518518518517
0 0.5821167883211679 0.4124579124579124 0.023114355231143552 0.016835016835016835
0 0.5742092457420924 0.3859427609427609 0.024330900243309004 0.015993265993265993
0 0.5644768856447688 0.35563973063973064 0.014598540145985401 0.012626262626262626
0 0.5115571776155717 0.29335016835016836 0.032846715328467155 0.015993265993265993
0 0.5541362530413625 0.28577441077441074 0.023114355231143552 0.01936026936026936
0 0.5407542579075426 0.2563131313131313 0.027980535279805353 0.017676767676767676
0 0.49635036496350365 0.2605218855218855 0.024330900243309004 0.02104377104377104
0 0.48661800486618007 0.2255892255892256 0.024330900243309004 0.0202020202020202
0 0.5279805352798054 0.22390572390572389 0.026763990267639905 0.013468013468013467
0 0.5200729927007299 0.18644781144781145 0.025547445255474453 0.01936026936026936
0 0.4744525547445256 0.1898148148148148 0.024330900243309004 0.014309764309764309
0 0.47080291970802923 0.15488215488215487 0.024330900243309004 0.013468013468013467
0 0.5152068126520681 0.15614478114478114 0.02068126520681265 0.015993265993265993
0 0.5006082725060828 0.12247474747474747 0.02068126520681265 0.017676767676767676
0 0.48905109489051096 0.07912457912457913 0.019464720194647202 0.013468013468013467
0 0.44525547445255476 0.08207070707070707 0.024330900243309004 0.017676767676767676
0 0.6478102189781022 0.04292929292929293 0.025547445255474453 0.01515151515151515
0 0.6873479318734793 0.03998316498316498 0.021897810218978103 0.014309764309764309
0 0.6648418491484185 0.06565656565656565 0.018248175182481754 0.01515151515151515
0 0.6782238442822385 0.09974747474747474 0.02068126520681265 0.012626262626262626
0 0.7201946472019465 0.12584175084175084 0.014598540145985401 0.012626262626262626
0 0.6861313868613139 0.13383838383838384 0.024330900243309004 0.011784511784511785
0 0.6806569343065694 0.1590909090909091 0.018248175182481754 0.013468013468013467
0 0.6922141119221411 0.1856060606060606 0.026763990267639905 0.014309764309764309
0 0.7347931873479319 0.17634680134680134 0.019464720194647202 0.014309764309764309
0 0.6995133819951338 0.21506734006734005 0.021897810218978103 0.017676767676767676
0 0.7031630170316302 0.24158249158249157 0.024330900243309004 0.016835016835016835
0 0.7615571776155718 0.28619528619528617 0.019464720194647202 0.013468013468013467
0 0.694647201946472 0.26136363636363635 0.0170316301703163 0.009259259259259259
0 0.7165450121654502 0.273989898989899 0.024330900243309004 0.017676767676767676
0 0.7238442822384429 0.3055555555555555 0.029197080291970802 0.01515151515151515
0 0.7725060827250608 0.3186026936026936 0.014598540145985401 0.009259259259259259
0 0.7293187347931873 0.3312289562289562 0.018248175182481754 0.02104377104377104
0 0.7767639902676399 0.3434343434343434 0.02068126520681265 0.01515151515151515
0 0.7360097323600974 0.36447811447811446 0.024330900243309004 0.011784511784511785
0 0.7804136253041363 0.3758417508417508 0.018248175182481754 0.010942760942760942
0 0.7889294403892945 0.40446127946127947 0.015815085158150853 0.014309764309764309
0 0.7518248175182481 0.4263468013468013 0.021897810218978103 0.014309764309764309
0 0.8023114355231143 0.4419191919191919 0.018248175182481754 0.01515151515151515
0 0.754257907542579 0.45959595959595956 0.0170316301703163 0.013468013468013467
0 0.7682481751824818 0.4877946127946128 0.030413625304136254 0.017676767676767676
0 0.8144768856447688 0.4789562289562289 0.015815085158150853 0.0101010101010101
0 0.7828467153284672 0.5231481481481481 0.02068126520681265 0.014309764309764309
0 0.8175182481751825 0.5332491582491582 0.026763990267639905 0.012626262626262626
0 0.8369829683698297 0.5656565656565656 0.012165450121654502 0.006734006734006734
0 0.801094890510949 0.5867003367003367 0.018248175182481754 0.013468013468013467
0 0.8181265206812652 0.6144781144781144 0.027980535279805353 0.01515151515151515
0 0.8503649635036497 0.6077441077441077 0.026763990267639905 0.0101010101010101
0 0.8613138686131387 0.6376262626262627 0.019464720194647202 0.014309764309764309
0 0.8175182481751825 0.6464646464646464 0.021897810218978103 0.01515151515151515
0 0.8722627737226277 0.6679292929292929 0.026763990267639905 0.015993265993265993
0 0.8309002433090025 0.678030303030303 0.021897810218978103 0.014309764309764309
0 0.8345498783454988 0.7074915824915825 0.031630170316301706 0.01936026936026936
0 0.8923357664233577 0.734006734006734 0.025547445255474453 0.01515151515151515
0 0.8935523114355232 0.755050505050505 0.018248175182481754 0.016835016835016835
0 0.8686131386861314 0.8101851851851851 0.029197080291970802 0.02104377104377104
0 0.8759124087591241 0.8362794612794613 0.0170316301703163 0.009259259259259259
0 0.9294403892944039 0.8299663299663299 0.0170316301703163 0.013468013468013467