0 0.31971830985915495 0.051491819056785376 0.0647887323943662 0.020211742059672765
0 0.29014084507042254 0.08806544754571705 0.11267605633802817 0.018286814244465835
0 0.3154929577464789 0.12367661212704524 0.07887323943661972 0.029836381135707413
0 0.16338028169014085 0.12175168431183832 0.08450704225352113 0.024061597690086624
0 0.18169014084507043 0.16554379210779596 0.08732394366197184 0.02309913378248316
0 0.34929577464788736 0.15640038498556305 0.09014084507042254 0.03176130895091434
0 0.3676056338028169 0.19874879692011552 0.07605633802816902 0.024061597690086624
0 0.2154929577464789 0.19923002887391725 0.036619718309859155 0.0192492781520693
0 0.24929577464788732 0.24350336862367664 0.0647887323943662 0.01732435033686237
0 0.3788732394366197 0.23387872954764197 0.09295774647887324 0.02502406159769009
0 0.4042253521126761 0.26612127045235806 0.10985915492957747 0.027911453320500483
0 0.26760563380281693 0.2844080846968239 0.09577464788732395 0.025986525505293553
0 0.44366197183098594 0.3065447545717036 0.09295774647887324 0.022136669874879694
0 0.27042253521126763 0.3205004812319538 0.08450704225352113 0.02309913378248316
0 0.3323943661971831 0.3638113570741097 0.07887323943661972 0.01732435033686237
0 0.4591549295774648 0.34504331087584217 0.09577464788732395 0.020211742059672765
0 0.4661971830985916 0.38161693936477387 0.07605633802816902 0.024061597690086624
0 0.3422535211267606 0.41241578440808474 0.09295774647887324 0.027911453320500483
0 0.5169014084507042 0.4282964388835419 0.09295774647887324 0.02309913378248316
0 0.37464788732394366 0.4581328200192493 0.07323943661971831 0.0192492781520693
0 0.5225352112676057 0.4667949951876805 0.09859154929577466 0.030798845043310877
0 0.3788732394366197 0.5067372473532242 0.07042253521126761 0.024061597690086624
0 0.5197183098591549 0.5129932627526468 0.08732394366197184 0.028873917228103948
0 0.5619718309859155 0.5553416746871993 0.0647887323943662 0.02309913378248316
0 0.5661971830985916 0.589990375360924 0.07323943661971831 0.03657362848893167
0 0.4042253521126761 0.5625601539942252 0.05915492957746479 0.016361886429258905
0 0.4154929577464789 0.5914340712223292 0.08732394366197184 0.025986525505293553
0 0.4366197183098592 0.6371511068334937 0.07323943661971831 0.0192492781520693
0 0.6 0.6357074109720886 0.07887323943661972 0.03176130895091434
0 0.623943661971831 0.6833493743984601 0.09295774647887324 0.028873917228103948
0 0.44647887323943664 0.6953801732435034 0.0647887323943662 0.022136669874879694
0 0.49577464788732395 0.7204042348411935 0.056338028169014086 0.018286814244465835
0 0.6704225352112676 0.7175168431183832 0.06760563380281691 0.016361886429258905
0 0.652112676056338 0.7661212704523581 0.07605633802816902 0.02117420596727623
0 0.5112676056338028 0.753609239653513 0.07042253521126761 0.02309913378248316
0 0.5239436619718311 0.8012512030798845 0.07887323943661972 0.022136669874879694
0 0.6563380281690141 0.8060635226179018 0.07887323943661972 0.029836381135707413
0 0.547887323943662 0.8479307025986526 0.053521126760563385 0.0192492781520693
0 0.6971830985915494 0.8493743984600578 0.08732394366197184 0.0356111645813282
0 0.5647887323943662 0.8820981713185756 0.07042253521126761 0.018286814244465835
0 0.7281690140845071 0.8946102021174206 0.07042253521126761 0.024061597690086624
0 0.7225352112676057 0.9239653512993263 0.11549295774647889 0.02502406159769009
0 0.5943661971830986 0.928296438883542 0.04507042253521127 0.022136669874879694
0 0.619718309859155 0.9653512993262753 0.08450704225352113 0.03272377285851781
0 0.7591549295774648 0.9658325312800771 0.09859154929577466 0.024061597690086624