0 0.3213367609254498 0.03397612488521579 0.07197943444730076 0.02938475665748393
0 0.1966580976863753 0.049586776859504134 0.06426735218508997 0.023875114784205693
0 0.34061696658097684 0.06290174471992653 0.09511568123393316 0.024793388429752067
0 0.21336760925449869 0.08402203856749312 0.07712082262210797 0.02662993572084481
0 0.3740359897172236 0.09550045913682277 0.07969151670951156 0.018365472910927456
0 0.2262210796915167 0.11662075298438934 0.08740359897172235 0.02938475665748393
0 0.3830334190231362 0.12764003673094582 0.061696658097686374 0.023875114784205693
0 0.4074550128534704 0.1584022038567493 0.07455012853470437 0.024793388429752067
0 0.2519280205655527 0.15977961432506887 0.09254498714652956 0.031221303948576674
0 0.2634961439588689 0.1992653810835629 0.08997429305912595 0.02938475665748393
0 0.4113110539845758 0.20202020202020202 0.07197943444730076 0.027548209366391185
0 0.416452442159383 0.23232323232323232 0.07197943444730076 0.02203856749311295
0 0.28791773778920304 0.2396694214876033 0.08226221079691516 0.023875114784205693
0 0.448586118251928 0.2699724517906336 0.07455012853470437 0.023875114784205693
0 0.2969151670951157 0.2773186409550046 0.08997429305912595 0.03489439853076216
0 0.30205655526992287 0.3085399449035813 0.06940874035989716 0.02203856749311295
0 0.4704370179948586 0.30578512396694213 0.051413881748071974 0.01652892561983471
0 0.3496143958868894 0.34573002754820936 0.09254498714652956 0.030303030303030304
0 0.487146529562982 0.344811753902663 0.09511568123393316 0.02662993572084481
0 0.48843187660668375 0.3820018365472911 0.08740359897172235 0.03305785123966942
0 0.38046272493573263 0.3852157943067034 0.08740359897172235 0.024793388429752067
0 0.4061696658097686 0.42240587695133147 0.07712082262210797 0.03305785123966942
0 0.5424164524421593 0.4297520661157025 0.08740359897172235 0.025711662075298437
0 0.5347043701799485 0.46005509641873277 0.056555269922879174 0.02203856749311295
0 0.4023136246786632 0.45821854912764004 0.07455012853470437 0.025711662075298437
0 0.4755784061696658 0.4981634527089073 0.08740359897172235 0.04315886134067952
0 0.4318766066838046 0.5275482093663911 0.07712082262210797 0.02662993572084481
0 0.5861182519280205 0.5367309458218549 0.06683804627249357 0.024793388429752067
0 0.4691516709511568 0.559228650137741 0.07455012853470437 0.027548209366391185
0 0.47686375321336755 0.5987144168962351 0.07455012853470437 0.018365472910927456
0 0.5179948586118251 0.6322314049586777 0.06940874035989716 0.02295684113865932
0 0.6491002570694087 0.6253443526170799 0.05398457583547558 0.02203856749311295
0 0.6542416452442159 0.6629935720844812 0.07455012853470437 0.031221303948576674
0 0.5089974293059125 0.6726354453627181 0.051413881748071974 0.02662993572084481
0 0.5488431876606683 0.709366391184573 0.09511568123393316 0.030303030303030304
0 0.6786632390745501 0.7015610651974288 0.08226221079691516 0.0202020202020202
0 0.6735218508997429 0.7327823691460055 0.06683804627249357 0.01652892561983471
0 0.570694087403599 0.7419651056014692 0.07197943444730076 0.01652892561983471
0 0.6850899742930591 0.7672176308539945 0.06426735218508997 0.02295684113865932
0 0.6953727506426735 0.7961432506887052 0.06426735218508997 0.025711662075298437
0 0.5642673521850899 0.8181818181818181 0.10025706940874035 0.02938475665748393
0 0.6092544987146529 0.8503213957759412 0.03598971722365038 0.014692378328741965
0 0.7172236503856041 0.8420569329660239 0.04627249357326478 0.025711662075298437
0 0.7377892030848329 0.8723599632690542 0.07197943444730076 0.023875114784205693
0 0.6105398457583547 0.8888888888888888 0.08483290488431876 0.025711662075298437
0 0.6323907455012853 0.9297520661157025 0.06683804627249357 0.032139577594123045
0 0.6311053984575835 0.9618916437098255 0.038560411311053984 0.021120293847566574
0 0.7776349614395887 0.9674012855831038 0.06426735218508997 0.02295684113865932
0 0.7544987146529563 0.9357208448117539 0.06940874035989716 0.02938475665748393
0 0.7467866323907455 0.9063360881542699 0.08483290488431876 0.027548209366391185