0 0.3466453674121406 0.05114320096269555 0.08626198083067092 0.03730445246690734
0 0.2220447284345048 0.06738868832731648 0.10543130990415335 0.03850782190132371
0 0.25878594249201275 0.10770156438026475 0.08945686900958466 0.039711191335740074
0 0.4201277955271565 0.15643802647412755 0.0670926517571885 0.024067388688327317
0 0.2571884984025559 0.1654632972322503 0.07987220447284345 0.027677496991576414
0 0.28434504792332266 0.20156438026474127 0.11501597444089456 0.03489771359807461
0 0.3226837060702875 0.24067388688327318 0.10223642172523961 0.031287605294825514
0 0.4440894568690096 0.26173285198555957 0.07667731629392971 0.027677496991576414
0 0.3274760383386581 0.2924187725631769 0.08626198083067092 0.02888086642599278
0 0.45846645367412137 0.30505415162454874 0.08626198083067092 0.03489771359807461
0 0.35623003194888175 0.32912154031287605 0.0926517571884984 0.030084235860409148
0 0.3738019169329073 0.3844765342960289 0.08306709265175719 0.03730445246690734
0 0.3514376996805112 0.43020457280385077 0.10223642172523961 0.04211793020457281
0 0.48083067092651754 0.4368231046931408 0.07348242811501597 0.03369434416365824
0 0.4185303514376997 0.4759326113116727 0.08306709265175719 0.03489771359807461
0 0.41054313099041534 0.5192539109506619 0.1437699680511182 0.04693140794223827
0 0.5383386581469648 0.4963898916967509 0.07348242811501597 0.02045728038507822
0 0.5766773162939297 0.5571600481347774 0.06070287539936102 0.021660649819494587
0 0.4408945686900958 0.5812274368231047 0.09584664536741214 0.031287605294825514
0 0.5782747603833865 0.6028880866425993 0.08945686900958466 0.031287605294825514
0 0.4776357827476038 0.6287605294825511 0.07348242811501597 0.03249097472924188
0 0.4984025559105431 0.670878459687124 0.08306709265175719 0.039711191335740074
0 0.6134185303514377 0.6558363417569194 0.07028753993610223 0.024067388688327317
0 0.6677316293929713 0.7069795427196149 0.06389776357827476 0.03249097472924188
0 0.5319488817891374 0.7352587244283996 0.0926517571884984 0.036101083032490974
0 0.6757188498402555 0.7611311672683514 0.09904153354632587 0.03489771359807461
0 0.5766773162939297 0.7791817087845969 0.08626198083067092 0.030084235860409148
0 0.6805111821086262 0.8086642599277979 0.09584664536741214 0.024067388688327317
0 0.5910543130990416 0.8291215403128761 0.07028753993610223 0.024067388688327317
0 0.7156549520766773 0.8495788206979543 0.08306709265175719 0.03369434416365824
0 0.6230031948881789 0.8868832731648616 0.08945686900958466 0.036101083032490974
0 0.7364217252396166 0.8995186522262335 0.11182108626198083 0.039711191335740074
0 0.6597444089456869 0.9458483754512635 0.08626198083067092 0.036101083032490974
0 0.7715654952076677 0.9548736462093863 0.09904153354632587 0.03249097472924188