0 0.470125786163522 0.0709366391184573 0.059748427672955975 0.028925619834710745
0 0.23113207547169812 0.13980716253443526 0.07232704402515723 0.028925619834710745
0 0.2940251572327044 0.1859504132231405 0.10377358490566038 0.046831955922865015
0 0.48742138364779874 0.19352617079889808 0.11320754716981132 0.023415977961432508
0 0.31289308176100633 0.24586776859504134 0.11006289308176101 0.03994490358126722
0 0.5110062893081762 0.2637741046831956 0.0849056603773585 0.03994490358126722
0 0.32704402515723274 0.3037190082644628 0.10062893081761007 0.05371900826446281
0 0.5235849056603774 0.325068870523416 0.10377358490566038 0.03305785123966942
0 0.34905660377358494 0.3794765840220386 0.1069182389937107 0.05096418732782369
0 0.5455974842767296 0.3939393939393939 0.15408805031446543 0.05509641873278237
0 0.389937106918239 0.4331955922865014 0.08805031446540881 0.026170798898071626
0 0.3946540880503145 0.48829201101928377 0.07861635220125787 0.04269972451790634
0 0.589622641509434 0.4724517906336088 0.11006289308176101 0.05509641873278237
0 0.6084905660377359 0.5365013774104683 0.09748427672955975 0.0371900826446281
0 0.4229559748427673 0.5599173553719008 0.11006289308176101 0.03443526170798898
0 0.6084905660377359 0.5964187327823691 0.07232704402515723 0.049586776859504134
0 0.47641509433962265 0.6129476584022039 0.14150943396226415 0.03581267217630854
0 0.5031446540880503 0.6756198347107438 0.12578616352201258 0.048209366391184574
0 0.639937106918239 0.6694214876033058 0.07861635220125787 0.03581267217630854
0 0.6729559748427674 0.7203856749311295 0.09433962264150944 0.05509641873278237
0 0.529874213836478 0.7327823691460056 0.09119496855345913 0.04132231404958678
0 0.5440251572327044 0.7892561983471075 0.09433962264150944 0.0440771349862259
0 0.7028301886792453 0.7727272727272727 0.09748427672955975 0.03305785123966942
0 0.7279874213836478 0.8292011019283747 0.11006289308176101 0.04132231404958678
0 0.5864779874213837 0.8457300275482094 0.11635220125786164 0.049586776859504134
0 0.6037735849056605 0.9049586776859504 0.11949685534591195 0.049586776859504134
0 0.619496855345912 0.9552341597796143 0.11949685534591195 0.0371900826446281
0 0.7405660377358491 0.8808539944903582 0.12264150943396226 0.04269972451790634
0 0.7783018867924528 0.9393939393939394 0.07861635220125787 0.0440771349862259