0 0.34854014598540145 0.9170833333333334 0.02068126520681265 0.014166666666666668
0 0.2889294403892944 0.9145833333333334 0.027980535279805353 0.0175
0 0.2767639902676399 0.8804166666666667 0.025547445255474453 0.015833333333333335
0 0.3278588807785888 0.8700000000000001 0.02068126520681265 0.01
0 0.3150851581508516 0.8429166666666668 0.021897810218978103 0.015833333333333335
0 0.2664233576642336 0.8379166666666668 0.029197080291970802 0.014166666666666668
0 0.25 0.80125 0.025547445255474453 0.015833333333333335
0 0.30961070559610704 0.8029166666666667 0.027980535279805353 0.0175
0 0.2913625304136253 0.765 0.027980535279805353 0.016666666666666666
0 0.2396593673965937 0.7583333333333334 0.021897810218978103 0.011666666666666667
0 0.2864963503649635 0.7316666666666667 0.018248175182481754 0.015000000000000001
0 0.23600973236009734 0.7245833333333334 0.0170316301703163 0.0125
0 0.27007299270072993 0.70125 0.024330900243309004 0.014166666666666668
0 0.21776155717761558 0.6841666666666667 0.024330900243309004 0.015000000000000001
0 0.26277372262773724 0.6670833333333334 0.026763990267639905 0.015833333333333335
0 0.20802919708029197 0.6445833333333334 0.024330900243309004 0.015833333333333335
0 0.26034063260340634 0.6325000000000001 0.021897810218978103 0.01
0 0.1873479318734793 0.6145833333333334 0.024330900243309004 0.015833333333333335
0 0.24574209245742093 0.5979166666666667 0.026763990267639905 0.010833333333333334
0 0.2347931873479319 0.5679166666666667 0.029197080291970802 0.020833333333333336
0 0.17518248175182483 0.57375 0.029197080291970802 0.0175
0 0.17031630170316303 0.5325000000000001 0.029197080291970802 0.011666666666666667
0 0.22262773722627738 0.5325000000000001 0.026763990267639905 0.018333333333333333
0 0.21472019464720196 0.4970833333333334 0.023114355231143552 0.015833333333333335
0 0.16484184914841848 0.4970833333333334 0.025547445255474453 0.015833333333333335
0 0.20742092457420924 0.46625000000000005 0.023114355231143552 0.0175
0 0.14963503649635038 0.45708333333333334 0.031630170316301706 0.014166666666666668
0 0.1356447688564477 0.42500000000000004 0.025547445255474453 0.016666666666666666
0 0.1989051094890511 0.4295833333333334 0.02068126520681265 0.01916666666666667
0 0.12956204379562045 0.3854166666666667 0.027980535279805353 0.0175
0 0.17579075425790755 0.35875 0.015815085158150853 0.007500000000000001
0 0.18491484184914841 0.39208333333333334 0.0072992700729927005 0.004166666666666667
0 0.12165450121654502 0.3466666666666667 0.029197080291970802 0.018333333333333333
0 0.11678832116788321 0.3104166666666667 0.026763990267639905 0.0175
0 0.1064476885644769 0.26583333333333337 0.030413625304136254 0.015000000000000001
0 0.09184914841849148 0.2354166666666667 0.025547445255474453 0.015833333333333335
0 0.07664233576642336 0.19416666666666668 0.029197080291970802 0.015000000000000001
0 0.12043795620437957 0.18375000000000002 0.0170316301703163 0.010833333333333334
0 0.11131386861313869 0.14916666666666667 0.018248175182481754 0.015000000000000001
0 0.07177615571776155 0.15875 0.024330900243309004 0.0125
0 0.2615571776155718 0.12875 0.021897810218978103 0.0175
0 0.30413625304136255 0.10125 0.026763990267639905 0.015833333333333335
0 0.2712895377128954 0.16 0.029197080291970802 0.015000000000000001
0 0.312043795620438 0.14333333333333334 0.010948905109489052 0.013333333333333334
0 0.3254257907542579 0.17625000000000002 0.027980535279805353 0.0125
0 0.2816301703163017 0.20208333333333334 0.023114355231143552 0.014166666666666668
0 0.33394160583941607 0.21625000000000003 0.023114355231143552 0.015833333333333335
0 0.29927007299270075 0.23958333333333334 0.0170316301703163 0.010833333333333334
0 0.34610705596107055 0.2575 0.025547445255474453 0.015000000000000001
0 0.30413625304136255 0.27375 0.024330900243309004 0.0175
0 0.31812652068126523 0.3120833333333334 0.02068126520681265 0.014166666666666668
0 0.36435523114355234 0.2991666666666667 0.015815085158150853 0.008333333333333333
0 0.3248175182481752 0.34750000000000003 0.029197080291970802 0.015000000000000001
0 0.3655717761557178 0.33666666666666667 0.02068126520681265 0.008333333333333333
0 0.3327250608272506 0.37625000000000003 0.027980535279805353 0.0125
0 0.3765206812652068 0.3745833333333334 0.025547445255474453 0.015833333333333335
0 0.3418491484184915 0.40875 0.029197080291970802 0.0125
0 0.3856447688564477 0.4058333333333334 0.021897810218978103 0.013333333333333334
0 0.35279805352798055 0.44583333333333336 0.021897810218978103 0.015000000000000001
0 0.35766423357664234 0.4708333333333334 0.026763990267639905 0.016666666666666666
0 0.40389294403892945 0.48250000000000004 0.024330900243309004 0.013333333333333334
0 0.37165450121654503 0.5145833333333334 0.027980535279805353 0.015833333333333335
0 0.41545012165450124 0.5229166666666667 0.030413625304136254 0.0175
0 0.378345498783455 0.5491666666666667 0.026763990267639905 0.015000000000000001
0 0.42457420924574213 0.5620833333333334 0.021897810218978103 0.0125
0 0.38442822384428227 0.5783333333333334 0.026763990267639905 0.015000000000000001
0 0.39233576642335766 0.6083333333333334 0.030413625304136254 0.015000000000000001
0 0.43552311435523117 0.5945833333333334 0.019464720194647202 0.015833333333333335
0 0.4051094890510949 0.6379166666666667 0.021897810218978103 0.01916666666666667
0 0.45194647201946475 0.6325000000000001 0.018248175182481754 0.018333333333333333
0 0.4124087591240876 0.6675000000000001 0.024330900243309004 0.018333333333333333
0 0.4653284671532847 0.6787500000000001 0.015815085158150853 0.0175
0 0.43126520681265207 0.7004166666666667 0.027980535279805353 0.015833333333333335
0 0.4835766423357664 0.7175 0.023114355231143552 0.015000000000000001
0 0.43856447688564476 0.73375 0.030413625304136254 0.015833333333333335
0 0.4884428223844282 0.7545833333333334 0.025547445255474453 0.0125
0 0.444647201946472 0.76875 0.025547445255474453 0.014166666666666668
0 0.5024330900243309 0.7895833333333334 0.029197080291970802 0.0125
0 0.4604622871046229 0.8058333333333334 0.027980535279805353 0.018333333333333333
0 0.5170316301703163 0.8291666666666667 0.019464720194647202 0.018333333333333333
0 0.4659367396593674 0.8416666666666667 0.026763990267639905 0.015000000000000001
0 0.4854014598540146 0.8758333333333334 0.031630170316301706 0.013333333333333334
0 0.5127737226277372 0.8716666666666667 0.02068126520681265 0.015000000000000001
0 0.517639902676399 0.9033333333333334 0.027980535279805353 0.015000000000000001
0 0.48418491484184917 0.9091666666666667 0.024330900243309004 0.013333333333333334
0 0.6824817518248175 0.8770833333333334 0.031630170316301706 0.0175
0 0.7220194647201946 0.8512500000000001 0.013381995133819952 0.009166666666666667
0 0.6800486618004866 0.8441666666666667 0.031630170316301706 0.016666666666666666
0 0.7165450121654502 0.8104166666666667 0.021897810218978103 0.0175
0 0.6776155717761557 0.8041666666666667 0.029197080291970802 0.016666666666666666
0 0.656934306569343 0.7662500000000001 0.021897810218978103 0.014166666666666668
0 0.6934306569343066 0.7466666666666667 0.026763990267639905 0.016666666666666666
0 0.6411192214111923 0.73375 0.026763990267639905 0.01916666666666667
0 0.6843065693430657 0.7145833333333333 0.02068126520681265 0.020833333333333336
0 0.6326034063260341 0.6933333333333334 0.031630170316301706 0.015000000000000001
0 0.6745742092457421 0.6816666666666668 0.030413625304136254 0.01
0 0.6319951338199513 0.655 0.027980535279805353 0.016666666666666666
0 0.6678832116788321 0.6425000000000001 0.0170316301703163 0.015000000000000001
0 0.6575425790754258 0.6116666666666667 0.02068126520681265 0.011666666666666667
0 0.6143552311435523 0.6179166666666667 0.029197080291970802 0.0175
0 0.6417274939172749 0.5854166666666667 0.02068126520681265 0.0125
0 0.6003649635036497 0.5683333333333334 0.032846715328467155 0.013333333333333334
0 0.6386861313868614 0.55 0.026763990267639905 0.015000000000000001
0 0.5888077858880779 0.5358333333333334 0.026763990267639905 0.016666666666666666
0 0.6295620437956204 0.5195833333333334 0.015815085158150853 0.0125
0 0.6253041362530414 0.48833333333333334 0.019464720194647202 0.01
0 0.5906326034063261 0.4920833333333334 0.03527980535279805 0.01916666666666667
0 0.5656934306569343 0.45083333333333336 0.026763990267639905 0.011666666666666667
0 0.6155717761557178 0.45458333333333334 0.0170316301703163 0.010833333333333334
0 0.5942822384428224 0.4116666666666667 0.023114355231143552 0.016666666666666666
0 0.5498783454987834 0.4133333333333334 0.031630170316301706 0.015000000000000001
0 0.5468369829683698 0.3754166666666667 0.027980535279805353 0.015833333333333335
0 0.5948905109489051 0.37875000000000003 0.0170316301703163 0.014166666666666668
0 0.5802919708029197 0.34375 0.014598540145985401 0.015833333333333335
0 0.5389294403892945 0.32583333333333336 0.031630170316301706 0.016666666666666666
0 0.5736009732360098 0.31375000000000003 0.015815085158150853 0.014166666666666668
0 0.5218978102189781 0.2879166666666667 0.029197080291970802 0.015833333333333335
0 0.5620437956204379 0.2779166666666667 0.019464720194647202 0.014166666666666668
0 0.5498783454987834 0.24750000000000003 0.019464720194647202 0.011666666666666667
0 0.5121654501216545 0.24541666666666667 0.031630170316301706 0.014166666666666668
0 0.5340632603406327 0.20791666666666667 0.026763990267639905 0.0125
0 0.4927007299270073 0.2066666666666667 0.029197080291970802 0.02
0 0.5267639902676399 0.17125 0.026763990267639905 0.0175
0 0.4793187347931874 0.16625 0.024330900243309004 0.01916666666666667
0 0.517639902676399 0.1391666666666667 0.027980535279805353 0.015000000000000001
0 0.5079075425790754 0.11458333333333334 0.027980535279805353 0.020833333333333336
0 0.46654501216545013 0.11875000000000001 0.032846715328467155 0.015833333333333335
0 0.45924574209245744 0.085 0.032846715328467155 0.018333333333333333
0 0.49817518248175185 0.07583333333333334 0.025547445255474453 0.016666666666666666
0 0.6453771289537713 0.036250000000000004 0.030413625304136254 0.015833333333333335
0 0.6855231143552312 0.02875 0.023114355231143552 0.0125
0 0.7092457420924574 0.07541666666666667 0.021897810218978103 0.015833333333333335
0 0.656934306569343 0.08625000000000001 0.021897810218978103 0.014166666666666668
0 0.6709245742092458 0.13416666666666668 0.027980535279805353 0.013333333333333334
0 0.7195863746958637 0.11583333333333334 0.015815085158150853 0.02
0 0.7268856447688564 0.15333333333333335 0.02068126520681265 0.013333333333333334
0 0.6782238442822385 0.16 0.025547445255474453 0.013333333333333334
0 0.6776155717761557 0.19 0.024330900243309004 0.013333333333333334
0 0.7092457420924574 0.21291666666666667 0.024330900243309004 0.014166666666666668
0 0.754257907542579 0.22291666666666668 0.021897810218978103 0.015833333333333335
0 0.7135036496350365 0.2516666666666667 0.025547445255474453 0.015000000000000001
0 0.7153284671532847 0.2775 0.024330900243309004 0.011666666666666667
0 0.7244525547445255 0.30541666666666667 0.023114355231143552 0.01916666666666667
0 0.7700729927007299 0.30291666666666667 0.0170316301703163 0.007500000000000001
0 0.7360097323600974 0.33916666666666667 0.024330900243309004 0.018333333333333333
0 0.7718978102189781 0.33625000000000005 0.015815085158150853 0.014166666666666668
0 0.7487834549878346 0.36541666666666667 0.025547445255474453 0.0175
0 0.791970802919708 0.3729166666666667 0.024330900243309004 0.01916666666666667
0 0.7554744525547445 0.4 0.029197080291970802 0.015000000000000001
0 0.8004866180048662 0.4133333333333334 0.026763990267639905 0.016666666666666666
0 0.7658150851581509 0.43625 0.023114355231143552 0.0125
0 0.8120437956204379 0.45125000000000004 0.025547445255474453 0.010833333333333334
0 0.7718978102189781 0.46375000000000005 0.018248175182481754 0.0175
0 0.8236009732360098 0.47625 0.026763990267639905 0.014166666666666668
0 0.7798053527980535 0.4970833333333334 0.0170316301703163 0.009166666666666667
0 0.8315085158150852 0.515 0.023114355231143552 0.01
0 0.7895377128953771 0.5229166666666667 0.029197080291970802 0.015833333333333335
0 0.7974452554744526 0.5516666666666667 0.027980535279805353 0.015000000000000001
0 0.8388077858880779 0.5495833333333334 0.027980535279805353 0.014166666666666668
0 0.843065693430657 0.5879166666666668 0.029197080291970802 0.015833333333333335
0 0.8132603406326034 0.5895833333333333 0.02068126520681265 0.015833333333333335
0 0.8193430656934306 0.6158333333333333 0.023114355231143552 0.02
0 0.8588807785888078 0.6270833333333333 0.029197080291970802 0.015833333333333335
0 0.8266423357664234 0.6533333333333333 0.02068126520681265 0.011666666666666667
0 0.8765206812652069 0.66125 0.02068126520681265 0.010833333333333334
0 0.8394160583941606 0.7058333333333334 0.026763990267639905 0.015000000000000001
0 0.8515815085158152 0.7379166666666667 0.024330900243309004 0.015833333333333335
0 0.9057177615571776 0.7383333333333334 0.027980535279805353 0.013333333333333334
0 0.8521897810218978 0.7741666666666667 0.018248175182481754 0.011666666666666667
0 0.9087591240875913 0.77875 0.0340632603406326 0.0125
0 0.860705596107056 0.8054166666666667 0.018248175182481754 0.010833333333333334
0 0.8759124087591241 0.8304166666666667 0.0170316301703163 0.010833333333333334
0 0.9178832116788321 0.8150000000000001 0.025547445255474453 0.011666666666666667