0 0.2881578947368421 0.06292808219178082 0.05526315789473684 0.016267123287671232
0 0.15263157894736842 0.05950342465753424 0.07894736842105263 0.023116438356164382
0 0.3092105263157895 0.10702054794520548 0.06578947368421052 0.018835616438356163
0 0.3447368421052632 0.14768835616438356 0.07894736842105263 0.01797945205479452
0 0.18289473684210525 0.12029109589041095 0.08157894736842106 0.016267123287671232
0 0.12368421052631579 0.10830479452054793 0.06315789473684211 0.02482876712328767
0 0.18421052631578946 0.1528253424657534 0.08421052631578947 0.019691780821917807
0 0.20921052631578946 0.18236301369863012 0.07105263157894737 0.0273972602739726
0 0.35657894736842105 0.18450342465753425 0.07105263157894737 0.023116438356164382
0 0.2276315789473684 0.2208904109589041 0.08157894736842106 0.025684931506849314
0 0.3868421052631579 0.21832191780821916 0.042105263157894736 0.02054794520547945
0 0.23552631578947367 0.2577054794520548 0.060526315789473685 0.023972602739726026
0 0.4105263157894737 0.2542808219178082 0.042105263157894736 0.017123287671232876
0 0.38552631578947366 0.27482876712328763 0.039473684210526314 0.017123287671232876
0 0.4263157894736842 0.2889554794520548 0.06315789473684211 0.016267123287671232
0 0.26842105263157895 0.2906678082191781 0.04736842105263158 0.029965753424657533
0 0.2723684210526316 0.3240582191780822 0.07105263157894737 0.023116438356164382
0 0.44605263157894737 0.32577054794520544 0.06578947368421052 0.02482876712328767
0 0.29736842105263156 0.360445205479452 0.06842105263157895 0.018835616438356163
0 0.46842105263157896 0.3732876712328767 0.07368421052631578 0.025684931506849314
0 0.5092105263157894 0.4053938356164383 0.060526315789473685 0.029965753424657533
0 0.3013157894736842 0.391695205479452 0.10789473684210527 0.019691780821917807
0 0.3618421052631579 0.4289383561643835 0.07105263157894737 0.025684931506849314
0 0.5157894736842105 0.44477739726027393 0.09473684210526316 0.023116438356164382
0 0.37763157894736843 0.4601883561643835 0.06578947368421052 0.021404109589041095
0 0.5342105263157895 0.47388698630136983 0.09473684210526316 0.023116438356164382
0 0.39473684210526316 0.4982876712328767 0.07894736842105263 0.023972602739726026
0 0.5539473684210526 0.521404109589041 0.08157894736842106 0.032534246575342464
0 0.4342105263157895 0.535958904109589 0.07894736842105263 0.0273972602739726
0 0.5789473684210527 0.5582191780821918 0.07368421052631578 0.015410958904109588
0 0.4552631578947368 0.571917808219178 0.07368421052631578 0.02226027397260274
0 0.5842105263157895 0.59375 0.06842105263157895 0.026541095890410957
0 0.4552631578947368 0.6065924657534246 0.06842105263157895 0.02482876712328767
0 0.6144736842105263 0.6284246575342466 0.07105263157894737 0.023972602739726026
0 0.46842105263157896 0.644263698630137 0.042105263157894736 0.023116438356164382
0 0.4921052631578947 0.6708047945205479 0.05789473684210526 0.021404109589041095
0 0.6552631578947369 0.6785102739726027 0.06842105263157895 0.021404109589041095
0 0.4921052631578947 0.7200342465753424 0.07894736842105263 0.03424657534246575
0 0.5039473684210526 0.7564212328767123 0.06578947368421052 0.023116438356164382
0 0.6947368421052631 0.7504280821917808 0.06315789473684211 0.019691780821917807
0 0.5447368421052632 0.7940924657534246 0.06315789473684211 0.02482876712328767
0 0.7223684210526315 0.7893835616438356 0.07631578947368421 0.018835616438356163
0 0.7368421052631579 0.8283390410958904 0.07894736842105263 0.01797945205479452
0 0.7894736842105263 0.8638698630136986 0.06315789473684211 0.018835616438356163
0 0.5631578947368421 0.8296232876712328 0.05789473684210526 0.018835616438356163
0 0.5776315789473684 0.8608732876712328 0.060526315789473685 0.023116438356164382
0 0.5921052631578947 0.8959760273972602 0.07368421052631578 0.023116438356164382
0 0.7921052631578948 0.9023972602739726 0.08421052631578947 0.025684931506849314
0 0.6171052631578947 0.9327910958904109 0.07105263157894737 0.021404109589041095
0 0.8144736842105263 0.9404965753424657 0.07105263157894737 0.016267123287671232
0 0.6381578947368421 0.9657534246575342 0.07631578947368421 0.017123287671232876