0 0.212298682284041 0.08273381294964029 0.06149341142020498 0.017658600392413345
0 0.14348462664714495 0.09417920209287116 0.03806734992679356 0.010464355788096796
0 0.22181551976573938 0.11052975801177241 0.05124450951683748 0.019620667102681493
0 0.2240117130307467 0.13505559189012428 0.04978038067349927 0.017658600392413345
0 0.15080527086383602 0.1144538914323087 0.055636896046852125 0.02746893394375409
0 0.15226939970717424 0.14388489208633096 0.04685212298682284 0.019620667102681493
0 0.16251830161054173 0.17396991497710923 0.043923865300146414 0.020928711576193592
0 0.2525622254758419 0.170699803793329 0.027818448023426062 0.017004578155657292
0 0.25841874084919475 0.19130150425114456 0.060029282576866766 0.020274689339437543
0 0.17569546120058566 0.20045781556572925 0.029282576866764276 0.016350555918901243
0 0.1808199121522694 0.22171353826030085 0.05124450951683748 0.019620667102681493
0 0.19326500732064422 0.24427730542838458 0.0527086383601757 0.02550686723348594
0 0.2679355783308931 0.2246566383257031 0.05856515373352855 0.02550686723348594
0 0.2986822840409956 0.25604970568999347 0.032210834553440704 0.016350555918901243
0 0.28550512445095166 0.28286461739699154 0.05856515373352855 0.020274689339437543
0 0.19472913616398244 0.2730542838456508 0.04685212298682284 0.02419882275997384
0 0.20717423133235724 0.2998691955526488 0.036603221083455345 0.015042511445389144
0 0.30380673499267935 0.31621975147155007 0.048316251830161056 0.017658600392413345
0 0.2335285505124451 0.3302812295618051 0.0424597364568082 0.024852844996729892
0 0.2342606149341142 0.3603662524525834 0.04978038067349927 0.02616088947024199
0 0.23645680819912152 0.381294964028777 0.036603221083455345 0.018312622629169394
0 0.32284040995607616 0.34238064094179205 0.05124450951683748 0.020274689339437543
0 0.3096632503660322 0.37410071942446044 0.0424597364568082 0.014388489208633094
0 0.3374816983894583 0.36690647482014394 0.036603221083455345 0.014388489208633094
0 0.3389458272327965 0.3950294310006541 0.03367496339677892 0.013080444735120995
0 0.3301610541727672 0.4084368868541531 0.03367496339677892 0.011118378024852845
0 0.24963396778916547 0.4058207979071289 0.03953147877013177 0.009810333551340747
0 0.2642752562225476 0.41824722040549384 0.036603221083455345 0.013734466971877045
0 0.2642752562225476 0.4408109875735775 0.048316251830161056 0.018312622629169394
0 0.34992679355783307 0.433943754087639 0.055636896046852125 0.017658600392413345
0 0.28111273792093705 0.46729888816219756 0.055636896046852125 0.02419882275997384
0 0.3704245973645681 0.4627207325049052 0.04978038067349927 0.017658600392413345
0 0.287701317715959 0.4954218443427077 0.048316251830161056 0.02289077828646174
0 0.36530014641288433 0.49378678875081755 0.04538799414348463 0.020928711576193592
0 0.30380673499267935 0.525833878351864 0.03953147877013177 0.017004578155657292
0 0.390190336749634 0.5500327011118379 0.05124450951683748 0.020928711576193592
0 0.31551976573938506 0.5585349901896665 0.03367496339677892 0.018312622629169394
0 0.32650073206442165 0.5846958796599084 0.04685212298682284 0.02354480052321779
0 0.4062957540263543 0.5748855461085677 0.048316251830161056 0.024852844996729892
0 0.41800878477306 0.6072596468279922 0.027818448023426062 0.016350555918901243
0 0.3404099560761347 0.6102027468933944 0.0424597364568082 0.019620667102681493
0 0.35285505124450955 0.6357096141268803 0.04685212298682284 0.020928711576193592
0 0.431185944363104 0.6344015696533682 0.048316251830161056 0.013080444735120995
0 0.3594436310395315 0.6608894702419883 0.05124450951683748 0.020274689339437543
0 0.3609077598828697 0.68378024852845 0.05710102489019034 0.02289077828646174
0 0.4524158125915081 0.6651406147809026 0.04685212298682284 0.020928711576193592
0 0.45973645680819913 0.6932635709614128 0.0527086383601757 0.015696533682145193
0 0.45900439238653 0.7204054937867888 0.03953147877013177 0.018966644865925444
0 0.3704245973645681 0.7138652714192283 0.03806734992679356 0.015042511445389144
0 0.3923865300146413 0.7432962720732506 0.04685212298682284 0.02158273381294964
0 0.45827232796486095 0.7557226945716154 0.04978038067349927 0.020274689339437543
0 0.40263543191800877 0.7704381948986266 0.040995607613469986 0.014388489208633094
0 0.4751098096632504 0.7828646173969915 0.048316251830161056 0.020928711576193592
0 0.42020497803806733 0.7965990843688686 0.040995607613469986 0.024852844996729892
0 0.43045387994143486 0.8191628515369523 0.040995607613469986 0.020274689339437543
0 0.49926793557833093 0.8355134074558536 0.03513909224011713 0.017658600392413345
0 0.42020497803806733 0.8489208633093526 0.03806734992679356 0.013080444735120995
0 0.43923865300146414 0.8721386527141923 0.0527086383601757 0.018966644865925444
0 0.4472913616398243 0.893721386527142 0.04538799414348463 0.02289077828646174
0 0.5197657393850659 0.8930673642903859 0.03806734992679356 0.018966644865925444
0 0.5248901903367497 0.8590582079790714 0.03367496339677892 0.017658600392413345
0 0.4546120058565154 0.9198822759973839 0.048316251830161056 0.016350555918901243
0 0.4758418740849195 0.9506213211249183 0.040995607613469986 0.02158273381294964
0 0.5592972181551976 0.9385219097449314 0.032210834553440704 0.019620667102681493
0 0.8711566617862372 0.9211903204708961 0.0527086383601757 0.02812295618051014
0 0.7774524158125915 0.9192282537606279 0.03806734992679356 0.02550686723348594
0 0.7693997071742313 0.8950294310006541 0.05124450951683748 0.016350555918901243
0 0.8557833089311859 0.8835840418574232 0.05710102489019034 0.018312622629169394
0 0.8543191800878478 0.8629823413996076 0.05710102489019034 0.02289077828646174
0 0.7723279648609078 0.8675604970569 0.05710102489019034 0.02158273381294964
0 0.7540263543191801 0.8387835186396339 0.040995607613469986 0.02681491170699804
0 0.8389458272327965 0.8312622629169393 0.03806734992679356 0.02223675604970569
0 0.8433382137628112 0.8064094179202094 0.04978038067349927 0.019620667102681493
0 0.7437774524158126 0.8126226291693918 0.04685212298682284 0.018966644865925444
0 0.7481698389458272 0.788423806409418 0.04685212298682284 0.020274689339437543
0 0.8323572474377745 0.7848266841072598 0.03953147877013177 0.020928711576193592
0 0.8191800878477307 0.7612818835840419 0.0424597364568082 0.018312622629169394
0 0.7371888726207907 0.7658600392413343 0.04538799414348463 0.018312622629169394
0 0.8023426061493412 0.7354480052321779 0.04685212298682284 0.020274689339437543
0 0.7240117130307467 0.7429692609548725 0.048316251830161056 0.017004578155657292
0 0.7159590043923866 0.7138652714192283 0.032210834553440704 0.015042511445389144
0 0.8067349926793558 0.7112491824722041 0.032210834553440704 0.013734466971877045
0 0.7108345534407028 0.6886854153041204 0.04538799414348463 0.014388489208633094
0 0.7898975109809664 0.6805101373446698 0.03367496339677892 0.013734466971877045
0 0.7657393850658858 0.6605624591236102 0.029282576866764276 0.017004578155657292
0 0.7027818448023426 0.6648136036625246 0.04685212298682284 0.013734466971877045
0 0.6859443631039531 0.6429038587311969 0.05124450951683748 0.014388489208633094
0 0.7679355783308931 0.6344015696533682 0.0424597364568082 0.018312622629169394
0 0.6720351390922401 0.617724002616089 0.043923865300146414 0.016350555918901243
0 0.7606149341142021 0.6066056245912361 0.048316251830161056 0.017658600392413345
0 0.6742313323572474 0.5889470241988228 0.0629575402635432 0.018966644865925444
0 0.7481698389458272 0.5837148463047744 0.0527086383601757 0.020274689339437543
0 0.7423133235724744 0.5572269457161544 0.06149341142020498 0.017004578155657292
0 0.6471449487554906 0.5572269457161544 0.04978038067349927 0.018312622629169394
0 0.7313323572474378 0.5382603008502289 0.03953147877013177 0.019620667102681493
0 0.6456808199121523 0.5281229561805102 0.0527086383601757 0.015042511445389144
0 0.718887262079063 0.5137344669718771 0.032210834553440704 0.013734466971877045
0 0.7115666178623719 0.4918247220405494 0.040995607613469986 0.019620667102681493
0 0.6325036603221084 0.5003270111183781 0.04978038067349927 0.02616088947024199
0 0.6969253294289898 0.47024198822759977 0.06149341142020498 0.019620667102681493
0 0.6215226939970717 0.46370176586003925 0.04538799414348463 0.018312622629169394
0 0.691800878477306 0.4414650098103336 0.05710102489019034 0.02616088947024199
0 0.6142020497803807 0.4381948986265533 0.03074670571010249 0.018312622629169394
0 0.6800878477306003 0.41072596468279926 0.05417276720351391 0.02877697841726619
0 0.5995607613469985 0.4035317200784827 0.036603221083455345 0.019620667102681493
0 0.6617862371888726 0.380967952910399 0.0527086383601757 0.018966644865925444
0 0.5841874084919473 0.37279267495094837 0.040995607613469986 0.020928711576193592
0 0.6566617862371888 0.3564421190320471 0.0424597364568082 0.02223675604970569
0 0.5761346998535871 0.3410725964682799 0.03367496339677892 0.016350555918901243
0 0.6442166910688141 0.3247220405493787 0.03513909224011713 0.02158273381294964
0 0.6339677891654466 0.3001962066710268 0.040995607613469986 0.02223675604970569
0 0.5658857979502196 0.3116415958142577 0.0424597364568082 0.02158273381294964
0 0.5512445095168375 0.28875081752779597 0.036603221083455345 0.017658600392413345
0 0.6295754026354319 0.2642249836494441 0.06442166910688141 0.02354480052321779
0 0.5387994143484627 0.26226291693917597 0.05856515373352855 0.020928711576193592
0 0.6193265007320644 0.24002616088947026 0.0527086383601757 0.018312622629169394
0 0.527818448023426 0.23479398299542187 0.03953147877013177 0.017004578155657292
0 0.6032210834553441 0.20928711576193593 0.03806734992679356 0.017004578155657292
0 0.5080527086383602 0.18312622629169392 0.04685212298682284 0.017004578155657292
0 0.5234260614934114 0.20372792674950949 0.03074670571010249 0.018966644865925444
0 0.5849194729136165 0.17952910398953564 0.04538799414348463 0.017658600392413345
0 0.5014641288433382 0.15434924787442775 0.0424597364568082 0.017004578155657292
0 0.561493411420205 0.1458469587965991 0.021961932650073207 0.015696533682145193
0 0.5893118594436311 0.15533028122956183 0.03074670571010249 0.020274689339437543
0 0.49926793557833093 0.131458469587966 0.043923865300146414 0.020928711576193592
0 0.5622254758418741 0.11641595814257685 0.043923865300146414 0.019620667102681493
0 0.47364568081991215 0.10595160235448006 0.048316251830161056 0.015696533682145193
0 0.5475841874084919 0.09156311314584696 0.06442166910688141 0.017004578155657292
0 0.47218155197657397 0.08567691301504252 0.04538799414348463 0.019620667102681493
0 0.5512445095168375 0.06213211249182472 0.05710102489019034 0.020928711576193592
0 0.4575402635431918 0.05068672334859386 0.036603221083455345 0.016350555918901243