0 0.26852976913730253 0.9487510766580534 0.014580801944106925 0.01119724375538329
0 0.25091130012150664 0.9130060292850991 0.018226002430133656 0.012058570198105082
0 0.2916160388821385 0.8953488372093024 0.026731470230862694 0.01119724375538329
0 0.284325637910085 0.8574504737295435 0.021871202916160386 0.019810508182601206
0 0.2691373025516403 0.8217054263565892 0.02794653705953827 0.017226528854435832
0 0.23086269744835963 0.8367786391042205 0.019441069258809233 0.01119724375538329
0 0.22296476306196839 0.8010335917312662 0.018226002430133656 0.012058570198105082
0 0.264277035236938 0.7842377260981912 0.023086269744835963 0.01808785529715762
0 0.25698663426488455 0.7510766580534023 0.025516403402187117 0.013781223083548665
0 0.2065613608748481 0.7256675279931094 0.01701093560145808 0.01119724375538329
0 0.24301336573511542 0.6774332472006891 0.02430133657351154 0.01636520241171404
0 0.18833535844471444 0.6511627906976745 0.021871202916160386 0.012058570198105082
0 0.23086269744835963 0.6425495262704565 0.02430133657351154 0.013781223083548665
0 0.17861482381530983 0.6184323858742463 0.021871202916160386 0.013781223083548665
0 0.2217496962332928 0.6055124892334195 0.023086269744835963 0.017226528854435832
0 0.2114216281895504 0.5693367786391043 0.02430133657351154 0.017226528854435832
0 0.15127582017010935 0.5469422911283376 0.030376670716889428 0.017226528854435832
0 0.20352369380315916 0.5335917312661499 0.018226002430133656 0.012919896640826873
0 0.14034021871202915 0.5021533161068045 0.023086269744835963 0.013781223083548665
0 0.1913730255164034 0.4935400516795866 0.023086269744835963 0.020671834625323
0 0.12636695018226002 0.4715762273901809 0.019441069258809233 0.012919896640826873
0 0.1257594167679222 0.43669250645994834 0.023086269744835963 0.013781223083548665
0 0.17071688942891858 0.4272179155900086 0.02794653705953827 0.017226528854435832
0 0.11968408262454434 0.4043927648578811 0.025516403402187117 0.012919896640826873
0 0.1537059538274605 0.3587424633936262 0.023086269744835963 0.01119724375538329
0 0.1057108140947752 0.3376399655469423 0.021871202916160386 0.015503875968992248
0 0.14094775212636693 0.3285960378983635 0.021871202916160386 0.01808785529715762
0 0.08687727825030375 0.30921619293712316 0.025516403402187117 0.013781223083548665
0 0.12515188335358443 0.297588285960379 0.02430133657351154 0.019810508182601206
0 0.08201701093560144 0.2786391042204996 0.023086269744835963 0.014642549526270457
0 0.12818955042527339 0.26916451335055985 0.03280680437424058 0.024978466838931956
0 0.0795868772782503 0.25107665805340224 0.023086269744835963 0.01119724375538329
0 0.12393681652490886 0.24074074074074073 0.021871202916160386 0.01636520241171404
0 0.06500607533414338 0.22179155900086134 0.030376670716889428 0.01636520241171404
0 0.11907654921020655 0.21016365202411713 0.02916160388821385 0.017226528854435832
0 0.051032806804374234 0.19509043927648578 0.02430133657351154 0.01636520241171404
0 0.10206561360874847 0.181739879414298 0.026731470230862694 0.0103359173126615
0 0.09477521263669501 0.14599483204134367 0.02430133657351154 0.014642549526270457
0 0.24240583232077761 0.1223083548664944 0.02065613608748481 0.018949181739879414
0 0.28857837181044954 0.13996554694229113 0.025516403402187117 0.019810508182601206
0 0.255771567436209 0.1925064599483204 0.025516403402187117 0.014642549526270457
0 0.29890643985419196 0.20025839793281655 0.019441069258809233 0.012919896640826873
0 0.26306196840826246 0.22954349698535745 0.015795868772782502 0.012919896640826873
0 0.2697448359659781 0.2571059431524548 0.019441069258809233 0.012919896640826873
0 0.28797083839611176 0.2950043066322136 0.021871202916160386 0.012919896640826873
0 0.2922235722964763 0.33376399655469424 0.025516403402187117 0.012919896640826873
0 0.3408262454434994 0.32256675279931096 0.023086269744835963 0.014642549526270457
0 0.29951397326852974 0.3682170542635659 0.018226002430133656 0.01636520241171404
0 0.307411907654921 0.39276485788113696 0.026731470230862694 0.012058570198105082
0 0.32138517618469015 0.42204995693367786 0.018226002430133656 0.013781223083548665
0 0.3286755771567436 0.45047372954349696 0.02065613608748481 0.017226528854435832
0 0.3450789793438639 0.49224806201550386 0.02430133657351154 0.019810508182601206
0 0.3493317132442284 0.5305770887166236 0.025516403402187117 0.017226528854435832
0 0.3584447144592952 0.5641688199827735 0.02430133657351154 0.012058570198105082
0 0.37241798298906437 0.5921619293712317 0.015795868772782502 0.009474590869939707
0 0.4161603888213851 0.5917312661498708 0.018226002430133656 0.0103359173126615
0 0.37788578371810444 0.6231696813092162 0.02430133657351154 0.012919896640826873
0 0.3857837181044957 0.6606373815676141 0.023086269744835963 0.017226528854435832
0 0.3985419198055893 0.6907838070628768 0.014580801944106925 0.015503875968992248
0 0.405224787363305 0.7230835486649441 0.023086269744835963 0.01636520241171404
0 0.4179829890643985 0.7553832902670112 0.026731470230862694 0.018949181739879414
0 0.42588092345078976 0.7850990525409131 0.02794653705953827 0.01636520241171404
0 0.49453219927095987 0.8540051679586563 0.021871202916160386 0.01636520241171404
0 0.4550425273390036 0.8962101636520241 0.02065613608748481 0.01119724375538329
0 0.4605103280680437 0.9250645994832042 0.014580801944106925 0.012058570198105082
0 0.6603888213851761 0.8858742463393626 0.030376670716889428 0.01636520241171404
0 0.7132442284325637 0.8845822566752799 0.02916160388821385 0.015503875968992248
0 0.6470230862697448 0.8578811369509044 0.025516403402187117 0.017226528854435832
0 0.7035236938031592 0.8488372093023255 0.02430133657351154 0.014642549526270457
0 0.6427703523693803 0.826442721791559 0.021871202916160386 0.012919896640826873
0 0.6859052247873633 0.8122308354866494 0.02065613608748481 0.0103359173126615
0 0.6342648845686513 0.7958656330749354 0.026731470230862694 0.017226528854435832
0 0.6312272174969623 0.7691645133505599 0.023086269744835963 0.018949181739879414
0 0.6275820170109355 0.7377260981912145 0.025516403402187117 0.01636520241171404
0 0.6555285540704738 0.7200689061154177 0.023086269744835963 0.018949181739879414
0 0.614823815309842 0.702411714039621 0.02430133657351154 0.012919896640826873
0 0.6561360874848116 0.6791559000861327 0.021871202916160386 0.014642549526270457
0 0.6044957472660996 0.6748492678725236 0.023086269744835963 0.014642549526270457
0 0.591737545565006 0.6408268733850129 0.026731470230862694 0.020671834625323
0 0.6452004860267314 0.6468561584840654 0.01701093560145808 0.012058570198105082
0 0.6373025516403401 0.6046511627906976 0.018226002430133656 0.012058570198105082
0 0.5795868772782502 0.5844099913867356 0.026731470230862694 0.02153316106804479
0 0.6184690157958688 0.5676141257536607 0.026731470230862694 0.015503875968992248
0 0.5741190765492101 0.5534022394487511 0.025516403402187117 0.01636520241171404
0 0.6130012150668286 0.5297157622739018 0.025516403402187117 0.018949181739879414
0 0.5692588092345079 0.5228251507321274 0.030376670716889428 0.018949181739879414
0 0.5589307411907655 0.4900947459086994 0.021871202916160386 0.013781223083548665
0 0.5959902794653705 0.4974160206718346 0.015795868772782502 0.014642549526270457
0 0.5935601458080194 0.4595176571920758 0.02065613608748481 0.014642549526270457
0 0.5510328068043742 0.45434969853574503 0.02794653705953827 0.019810508182601206
0 0.5370595382746051 0.42291128337639966 0.02430133657351154 0.018949181739879414
0 0.5838396111786148 0.42248062015503873 0.018226002430133656 0.014642549526270457
0 0.5249088699878492 0.39276485788113696 0.02430133657351154 0.015503875968992248
0 0.5583232077764276 0.35745047372954347 0.025516403402187117 0.017226528854435832
0 0.5151883353584447 0.3298880275624462 0.021871202916160386 0.018949181739879414
0 0.5583232077764276 0.3234280792420327 0.02065613608748481 0.01636520241171404
0 0.49939246658566216 0.30361757105943155 0.021871202916160386 0.012919896640826873
0 0.4975698663426488 0.26830318690783805 0.025516403402187117 0.01119724375538329
0 0.5321992709599027 0.2566752799310939 0.02430133657351154 0.018949181739879414
0 0.4763061968408262 0.24074074074074073 0.01701093560145808 0.014642549526270457
0 0.5273390036452005 0.22609819121447028 0.014580801944106925 0.01119724375538329
0 0.46233292831105705 0.21102497846683893 0.023086269744835963 0.015503875968992248
0 0.5176184690157958 0.19638242894056848 0.021871202916160386 0.015503875968992248
0 0.5157958687727825 0.16795865633074936 0.02065613608748481 0.012058570198105082
0 0.45929526123936815 0.17786391042204996 0.021871202916160386 0.01636520241171404
0 0.4556500607533414 0.1520241171403962 0.021871202916160386 0.01808785529715762
0 0.4495747266099635 0.11800172265288544 0.019441069258809233 0.013781223083548665
0 0.47934386391251516 0.07062876830318691 0.018226002430133656 0.015503875968992248
0 0.6773997569866342 0.05770887166236004 0.02065613608748481 0.015503875968992248
0 0.6458080194410692 0.11498708010335917 0.025516403402187117 0.014642549526270457
0 0.6773997569866342 0.20068906115417742 0.037667071688942885 0.020671834625323
0 0.6895504252733899 0.26830318690783805 0.025516403402187117 0.01636520241171404
0 0.7047387606318347 0.2954349698535745 0.02430133657351154 0.017226528854435832
0 0.7114216281895503 0.3268733850129199 0.02065613608748481 0.01636520241171404
0 0.7205346294046172 0.35271317829457366 0.021871202916160386 0.012919896640826873
0 0.7746051032806803 0.3695090439276486 0.018226002430133656 0.0103359173126615
0 0.7369380315917374 0.41042204995693365 0.023086269744835963 0.01636520241171404
0 0.7399756986634264 0.44573643410852715 0.02430133657351154 0.01636520241171404
0 0.7521263669501822 0.4715762273901809 0.021871202916160386 0.01119724375538329
0 0.7545565006075333 0.5017226528854436 0.01701093560145808 0.012919896640826873
0 0.7654921020656136 0.5452196382428941 0.02430133657351154 0.015503875968992248
0 0.775820170109356 0.5736434108527132 0.023086269744835963 0.012058570198105082
0 0.8086269744835966 0.6675279931093885 0.02065613608748481 0.013781223083548665
0 0.8201701093560145 0.6976744186046512 0.021871202916160386 0.017226528854435832
0 0.8201701093560145 0.727390180878553 0.01215066828675577 0.009474590869939707
0 0.8292831105710813 0.7700258397932817 0.018226002430133656 0.013781223083548665
0 0.8547995139732685 0.8449612403100775 0.015795868772782502 0.017226528854435832