0 0.8095238095238095 0.9766977363515313 0.08843537414965986 0.02529960053262317
0 0.6513605442176871 0.959387483355526 0.10544217687074829 0.02796271637816245
0 0.7840136054421768 0.9434087882822904 0.0782312925170068 0.033288948069241014
0 0.7653061224489796 0.8901464713715047 0.10884353741496598 0.03595206391478029
0 0.608843537414966 0.8968042609853529 0.09523809523809523 0.03595206391478029
0 0.5629251700680272 0.8475366178428763 0.10544217687074829 0.03861517976031958
0 0.7142857142857143 0.85219707057257 0.09523809523809523 0.03195739014647137
0 0.7244897959183674 0.8009320905459388 0.10884353741496598 0.02796271637816245
0 0.532312925170068 0.788948069241012 0.09183673469387754 0.02529960053262317
0 0.7074829931972789 0.7643142476697737 0.10884353741496598 0.03994673768308922
0 0.6819727891156462 0.7210386151797604 0.11224489795918367 0.030625832223701733
0 0.5204081632653061 0.7356857523302264 0.09523809523809523 0.033288948069241014
0 0.49489795918367346 0.6944074567243675 0.09863945578231292 0.04394141145139814
0 0.6547619047619048 0.6664447403462052 0.0782312925170068 0.033288948069241014
0 0.6462585034013605 0.6231691078561918 0.10884353741496598 0.03462050599201066
0 0.47108843537414963 0.6318242343541944 0.11904761904761904 0.04394141145139814
0 0.4557823129251701 0.5845539280958723 0.10204081632653061 0.03994673768308922
0 0.6360544217687074 0.5732356857523303 0.11564625850340135 0.030625832223701733
0 0.5850340136054422 0.5319573901464714 0.08843537414965986 0.033288948069241014
0 0.4064625850340136 0.53728362183755 0.11224489795918367 0.04660452729693742
0 0.5663265306122449 0.492676431424767 0.09863945578231292 0.03195739014647137
0 0.38945578231292516 0.4700399467376831 0.12585034013605442 0.03994673768308922
0 0.5493197278911565 0.4420772303595207 0.10544217687074829 0.0426098535286285
0 0.3758503401360544 0.426098535286285 0.12585034013605442 0.03462050599201066
0 0.5357142857142857 0.3968042609853529 0.07142857142857142 0.026631158455392812
0 0.5221088435374149 0.35352862849533956 0.09183673469387754 0.02796271637816245
0 0.3520408163265306 0.3615179760319574 0.10544217687074829 0.04394141145139814
0 0.30272108843537415 0.31225033288948073 0.08843537414965986 0.030625832223701733
0 0.48299319727891155 0.3015978695073236 0.10204081632653061 0.041278295605858856
0 0.46768707482993194 0.2563249001331558 0.09863945578231292 0.033288948069241014
0 0.304421768707483 0.24900133155792278 0.09183673469387754 0.0426098535286285
0 0.2738095238095238 0.20173102529960055 0.10544217687074829 0.033288948069241014
0 0.44047619047619047 0.20705725699067912 0.10544217687074829 0.033288948069241014
0 0.42857142857142855 0.1544607190412783 0.09523809523809523 0.037283621837549935
0 0.22448979591836735 0.1418109187749667 0.05442176870748299 0.01997336884154461
0 0.37414965986394555 0.10852197070572571 0.1292517006802721 0.041278295605858856
0 0.22789115646258504 0.07656458055925433 0.09523809523809523 0.041278295605858856
0 0.3333333333333333 0.05792276964047936 0.09523809523809523 0.02796271637816245