0 0.18959731543624161 0.060625 0.06375838926174497 0.02875
0 0.37919463087248323 0.0625 0.10738255033557047 0.0275
0 0.4161073825503356 0.1125 0.10738255033557047 0.035
0 0.22818791946308725 0.1225 0.12080536912751677 0.04
0 0.3087248322147651 0.1775 0.12080536912751677 0.0475
0 0.4597315436241611 0.176875 0.10067114093959731 0.04125
0 0.45805369127516776 0.211875 0.11073825503355704 0.02625
0 0.33053691275167785 0.23375 0.12416107382550336 0.04
0 0.3271812080536913 0.274375 0.11073825503355704 0.03625
0 0.4697986577181208 0.265 0.10067114093959731 0.0275
0 0.47315436241610737 0.313125 0.1342281879194631 0.04125
0 0.36912751677852346 0.33 0.087248322147651 0.045
0 0.37919463087248323 0.380625 0.11409395973154363 0.043750000000000004
0 0.5218120805369127 0.361875 0.1174496644295302 0.04125
0 0.5687919463087249 0.40625 0.08389261744966443 0.04
0 0.41442953020134227 0.43125 0.08389261744966443 0.0425
0 0.552013422818792 0.460625 0.09731543624161074 0.03625
0 0.41946308724832215 0.48375 0.1342281879194631 0.03
0 0.6241610738255033 0.50375 0.12080536912751677 0.0375
0 0.4312080536912752 0.534375 0.1442953020134228 0.03625
0 0.4949664429530201 0.568125 0.11073825503355704 0.03875
0 0.6090604026845637 0.5493750000000001 0.09731543624161074 0.03625
0 0.6644295302013423 0.5975 0.12751677852348994 0.0375
0 0.5184563758389261 0.620625 0.08389261744966443 0.02875
0 0.5184563758389261 0.66625 0.1174496644295302 0.04
0 0.6610738255033557 0.64625 0.10738255033557047 0.0425
0 0.6711409395973155 0.6975 0.10067114093959731 0.035
0 0.5637583892617449 0.7156250000000001 0.10067114093959731 0.03625
0 0.5402684563758389 0.76375 0.10067114093959731 0.025
0 0.714765100671141 0.7262500000000001 0.03355704697986577 0.015
0 0.7164429530201342 0.75375 0.11073825503355704 0.03
0 0.75 0.79625 0.1040268456375839 0.0425
0 0.5838926174496644 0.81625 0.10738255033557047 0.0375
0 0.6124161073825504 0.86625 0.11073825503355704 0.045
0 0.7600671140939597 0.843125 0.11073825503355704 0.03625
0 0.7600671140939597 0.8825000000000001 0.11073825503355704 0.035
0 0.6543624161073825 0.915625 0.10067114093959731 0.04625
0 0.7835570469798657 0.94125 0.11073825503355704 0.04
0 0.6543624161073825 0.9625 0.10067114093959731 0.035