0 0.17845659163987138 0.9065281899109793 0.08681672025723472 0.0741839762611276
0 0.20096463022508038 0.8264094955489615 0.04180064308681672 0.032640949554896145
0 0.12540192926045016 0.8115727002967359 0.05787781350482315 0.050445103857566766
0 0.09807073954983923 0.7507418397626113 0.04823151125401929 0.05934718100890208
0 0.19614147909967847 0.7255192878338279 0.07717041800643087 0.06231454005934718
0 0.20418006430868166 0.6379821958456974 0.08681672025723472 0.0771513353115727
0 0.10610932475884244 0.6364985163204748 0.05787781350482315 0.050445103857566766
0 0.1977491961414791 0.5489614243323442 0.08038585209003216 0.05341246290801187
0 0.19935691318327975 0.46142433234421365 0.0707395498392283 0.06824925816023739
0 0.0932475884244373 0.4510385756676558 0.05144694533762058 0.05341246290801187
0 0.18810289389067525 0.36350148367952523 0.08681672025723472 0.06824925816023739
0 0.12218649517684887 0.2596439169139466 0.06430868167202572 0.050445103857566766
0 0.1270096463022508 0.17804154302670624 0.06752411575562701 0.04747774480712166
0 0.20096463022508038 0.16172106824925817 0.05466237942122187 0.06231454005934718
0 0.8569131832797428 0.8605341246290802 0.028938906752411574 0.02373887240356083
0 0.752411575562701 0.8694362017804155 0.05144694533762058 0.0771513353115727
0 0.7813504823151125 0.6231454005934718 0.05144694533762058 0.05341246290801187
0 0.8713826366559485 0.6172106824925816 0.08360128617363344 0.06528189910979229
0 0.8520900321543409 0.6810089020771514 0.06430868167202572 0.05637982195845698
0 0.8553054662379421 0.5311572700296736 0.07717041800643087 0.06528189910979229
0 0.7315112540192926 0.43471810089020774 0.04823151125401929 0.06824925816023739
0 0.8536977491961415 0.443620178041543 0.06752411575562701 0.06824925816023739
0 0.7331189710610932 0.34124629080118696 0.07717041800643087 0.0712166172106825
0 0.8504823151125401 0.3264094955489614 0.06109324758842444 0.08308605341246292
0 0.8408360128617364 0.23293768545994067 0.06109324758842444 0.09198813056379822
0 0.7572347266881029 0.2507418397626113 0.06752411575562701 0.04451038575667656
0 0.7540192926045016 0.14094955489614244 0.06752411575562701 0.0741839762611276
0 0.8794212218649518 0.14688427299703263 0.06109324758842444 0.06231454005934718