0 0.2482142857142857 0.9108589951377634 0.06785714285714285 0.03565640194489465
0 0.09107142857142857 0.779578606158833 0.06785714285714285 0.03241491085899514
0 0.2357142857142857 0.7552674230145867 0.08571428571428572 0.022690437601296597
0 0.2875 0.0972447325769854 0.08214285714285714 0.03889789303079416
0 0.25 0.18962722852512154 0.09999999999999999 0.03889789303079416
0 0.10357142857142856 0.2706645056726094 0.07142857142857142 0.022690437601296597
0 0.2625 0.3095623987034036 0.08928571428571429 0.022690437601296597
0 0.2767857142857143 0.35089141004862234 0.09642857142857142 0.03079416531604538
0 0.10535714285714286 0.3273905996758509 0.06785714285714285 0.04213938411669368
0 0.10714285714285714 0.3711507293354943 0.09999999999999999 0.03241491085899514
0 0.09642857142857142 0.43354943273905994 0.07142857142857142 0.027552674230145867
0 0.09642857142857142 0.5316045380875203 0.09999999999999999 0.03889789303079416
0 0.10714285714285714 0.6280388978930308 0.09999999999999999 0.027552674230145867
0 0.09285714285714286 0.6653160453808752 0.06428571428571428 0.03403565640194489
0 0.0875 0.7074554294975689 0.05357142857142857 0.027552674230145867
0 0.8946428571428571 0.04376012965964343 0.08214285714285714 0.05186385737439222
0 0.7821428571428571 0.10777957860615883 0.08571428571428572 0.04051863857374392
0 0.8767857142857143 0.11021069692058347 0.075 0.0486223662884927
0 0.7839285714285714 0.14910858995137763 0.08928571428571429 0.03241491085899514
0 0.8821428571428571 0.17017828200972446 0.09999999999999999 0.03565640194489465
0 0.7964285714285714 0.20421393841166935 0.07857142857142857 0.04538087520259319
0 0.8821428571428571 0.2106969205834684 0.08571428571428572 0.04213938411669368
0 0.7678571428571428 0.2706645056726094 0.11428571428571428 0.05186385737439222
0 0.8660714285714285 0.293354943273906 0.05357142857142857 0.022690437601296597
0 0.7589285714285714 0.31361426256077796 0.09642857142857142 0.03403565640194489
0 0.7839285714285714 0.3581847649918963 0.09642857142857142 0.0486223662884927
0 0.8892857142857142 0.39546191247974066 0.09285714285714286 0.03889789303079416
0 0.7910714285714285 0.39951377633711505 0.08214285714285714 0.02106969205834684
0 0.8642857142857142 0.4505672609400324 0.09285714285714286 0.03889789303079416
0 0.7714285714285714 0.45948136142625606 0.07142857142857142 0.03079416531604538
0 0.7821428571428571 0.5551053484602917 0.09285714285714286 0.04700162074554295
0 0.8803571428571428 0.5478119935170178 0.10357142857142856 0.05186385737439222
0 0.8589285714285714 0.5948136142625607 0.08928571428571429 0.02917341977309562
0 0.7946428571428571 0.6539708265802269 0.08928571428571429 0.05348460291734197
0 0.8714285714285714 0.6499189627228524 0.05714285714285714 0.06158833063209076
0 0.7803571428571429 0.7017828200972447 0.09642857142857142 0.03241491085899514
0 0.8803571428571428 0.7074554294975689 0.075 0.027552674230145867
0 0.775 0.7536466774716369 0.09285714285714286 0.0486223662884927
0 0.8607142857142857 0.752836304700162 0.07142857142857142 0.03079416531604538
0 0.7767857142857143 0.8047001620745543 0.09642857142857142 0.04051863857374392
0 0.7875 0.8484602917341977 0.09642857142857142 0.03403565640194489
0 0.8553571428571428 0.8670988654781199 0.060714285714285714 0.01620745542949757
0 0.7982142857142857 0.8946515397082657 0.125 0.0486223662884927
0 0.7785714285714286 0.9489465153970826 0.08571428571428572 0.04376012965964343
0 0.8589285714285714 0.9448946515397082 0.06785714285714285 0.03889789303079416