0 0.8199152542372882 0.9378742514970061 0.05084745762711865 0.0344311377245509
0 0.9205508474576272 0.940868263473054 0.05296610169491525 0.031437125748503
0 0.9088983050847458 0.8824850299401198 0.05084745762711865 0.02245508982035928
0 0.8326271186440678 0.8300898203592815 0.0635593220338983 0.040419161676646706
0 0.9141949152542372 0.8263473053892216 0.05296610169491525 0.038922155688622756
0 0.8252118644067796 0.7245508982035929 0.048728813559322036 0.035928143712574856
0 0.9152542372881356 0.7155688622754491 0.059322033898305086 0.035928143712574856
0 0.913135593220339 0.6751497005988024 0.046610169491525424 0.035928143712574856
0 0.8411016949152542 0.6220059880239521 0.05084745762711865 0.037425149700598806
0 0.836864406779661 0.5164670658682635 0.05508474576271186 0.04191616766467066
0 0.9226694915254238 0.5209580838323353 0.048728813559322036 0.038922155688622756
0 0.9311440677966102 0.4573353293413174 0.048728813559322036 0.0344311377245509
0 0.8358050847457628 0.4603293413173653 0.05296610169491525 0.0344311377245509
0 0.8315677966101694 0.4154191616766467 0.057203389830508475 0.04341317365269461
0 0.9290254237288136 0.36751497005988026 0.05296610169491525 0.0344311377245509
0 0.8379237288135594 0.312874251497006 0.048728813559322036 0.038922155688622756
0 0.9311440677966102 0.3061377245508982 0.04025423728813559 0.028443113772455092
0 0.9332627118644068 0.2694610778443114 0.048728813559322036 0.035928143712574856
0 0.8379237288135594 0.26047904191616766 0.04449152542372881 0.035928143712574856
0 0.9216101694915254 0.21482035928143714 0.06779661016949153 0.04640718562874252
0 0.836864406779661 0.2065868263473054 0.0423728813559322 0.02694610778443114
0 0.940677966101695 0.16392215568862276 0.05084745762711865 0.031437125748503
0 0.9205508474576272 0.12125748502994013 0.048728813559322036 0.038922155688622756
0 0.8453389830508474 0.16092814371257486 0.0423728813559322 0.031437125748503
0 0.840042372881356 0.125 0.05296610169491525 0.031437125748503
0 0.8432203389830508 0.09206586826347306 0.05084745762711865 0.031437125748503
0 0.8463983050847458 0.04416167664670659 0.048728813559322036 0.040419161676646706
0 0.5095338983050848 0.027694610778443117 0.048728813559322036 0.031437125748503
0 0.4491525423728814 0.07559880239520958 0.0423728813559322 0.037425149700598806
0 0.5116525423728814 0.11826347305389222 0.057203389830508475 0.029940119760479042
0 0.538135593220339 0.15194610778443116 0.038135593220338986 0.02544910179640719
0 0.4427966101694915 0.16092814371257486 0.0423728813559322 0.037425149700598806
0 0.4364406779661017 0.21032934131736528 0.046610169491525424 0.0344311377245509
0 0.4300847457627119 0.2559880239520958 0.05084745762711865 0.029940119760479042
0 0.534957627118644 0.2537425149700599 0.04449152542372881 0.02544910179640719
0 0.5180084745762712 0.3203592814371258 0.05296610169491525 0.035928143712574856
0 0.4258474576271186 0.3098802395209581 0.05084745762711865 0.035928143712574856
0 0.513771186440678 0.407934131736527 0.0614406779661017 0.037425149700598806
0 0.4406779661016949 0.4214071856287425 0.05084745762711865 0.0344311377245509
0 0.4375 0.4603293413173653 0.04025423728813559 0.031437125748503
0 0.5222457627118644 0.4633233532934132 0.05296610169491525 0.0344311377245509
0 0.4353813559322034 0.5232035928143713 0.036016949152542374 0.0344311377245509
0 0.527542372881356 0.5583832335329342 0.046610169491525424 0.035928143712574856
0 0.5233050847457628 0.597305389221557 0.038135593220338986 0.035928143712574856
0 0.4300847457627119 0.5748502994011977 0.05084745762711865 0.029940119760479042
0 0.4279661016949153 0.6497005988023953 0.0423728813559322 0.03293413173652695
0 0.5370762711864406 0.658682634730539 0.05296610169491525 0.03293413173652695
0 0.5391949152542372 0.7013473053892216 0.048728813559322036 0.0344311377245509
0 0.5328389830508474 0.7372754491017964 0.048728813559322036 0.031437125748503
0 0.4279661016949153 0.7440119760479043 0.0423728813559322 0.03293413173652695
0 0.4491525423728814 0.7926646706586827 0.05084745762711865 0.037425149700598806
0 0.5233050847457628 0.8675149700598803 0.05508474576271186 0.037425149700598806
0 0.4438559322033898 0.876497005988024 0.04449152542372881 0.028443113772455092
0 0.5169491525423728 0.9206586826347306 0.05084745762711865 0.035928143712574856
0 0.4470338983050847 0.9191616766467067 0.0423728813559322 0.038922155688622756
0 0.07415254237288135 0.10104790419161677 0.0635593220338983 0.04940119760479042
0 0.1302966101694915 0.12425149700598803 0.05296610169491525 0.04191616766467066
0 0.06779661016949153 0.15568862275449102 0.046610169491525424 0.038922155688622756
0 0.1408898305084746 0.16092814371257486 0.057203389830508475 0.0344311377245509
0 0.13135593220338984 0.2470059880239521 0.0423728813559322 0.04191616766467066
0 0.0625 0.19461077844311378 0.06991525423728813 0.04191616766467066
0 0.06779661016949153 0.24026946107784433 0.0635593220338983 0.040419161676646706
0 0.05084745762711865 0.28592814371257486 0.05508474576271186 0.04191616766467066
0 0.11970338983050847 0.3323353293413174 0.048728813559322036 0.023952095808383235
0 0.04449152542372881 0.32335329341317365 0.059322033898305086 0.023952095808383235
0 0.06038135593220339 0.36227544910179643 0.06991525423728813 0.03293413173652695
0 0.13453389830508475 0.36526946107784436 0.057203389830508475 0.03293413173652695
0 0.03389830508474576 0.3922155688622755 0.038135593220338986 0.02694610778443114
0 0.09533898305084745 0.3997005988023952 0.05508474576271186 0.029940119760479042
0 0.046610169491525424 0.4333832335329342 0.05508474576271186 0.040419161676646706
0 0.046610169491525424 0.47679640718562877 0.05084745762711865 0.028443113772455092
0 0.06779661016949153 0.5209580838323353 0.05508474576271186 0.04191616766467066
0 0.0815677966101695 0.5681137724550899 0.04449152542372881 0.04341317365269461
0 0.1292372881355932 0.6519461077844312 0.059322033898305086 0.037425149700598806
0 0.057203389830508475 0.6856287425149701 0.0635593220338983 0.035928143712574856
0 0.1239406779661017 0.6931137724550899 0.06567796610169492 0.03293413173652695
0 0.125 0.7327844311377246 0.05084745762711865 0.037425149700598806
0 0.05614406779661017 0.720808383233533 0.0614406779661017 0.031437125748503
0 0.057203389830508475 0.7604790419161677 0.07627118644067797 0.035928143712574856
0 0.13135593220338984 0.7717065868263474 0.059322033898305086 0.028443113772455092
0 0.0646186440677966 0.8038922155688624 0.057203389830508475 0.04790419161676647
0 0.13559322033898305 0.8248502994011977 0.059322033898305086 0.05389221556886228
0 0.13347457627118645 0.8892215568862276 0.046610169491525424 0.04790419161676647