0 0.09515570934256055 0.8876923076923077 0.07958477508650519 0.07076923076923076
0 0.11245674740484429 0.7046153846153846 0.0726643598615917 0.08
0 0.2058823529411765 0.7338461538461538 0.07958477508650519 0.08307692307692308
0 0.1903114186851211 0.8107692307692308 0.06228373702422146 0.07076923076923076
0 0.21280276816608998 0.5953846153846154 0.08650519031141869 0.06461538461538462
0 0.18858131487889274 0.5215384615384615 0.09342560553633218 0.07076923076923076
0 0.21453287197231835 0.4276923076923077 0.06920415224913495 0.06153846153846154
0 0.08304498269896193 0.39692307692307693 0.06228373702422146 0.055384615384615386
0 0.10034602076124567 0.31076923076923074 0.06920415224913495 0.06769230769230769
0 0.21626297577854672 0.31846153846153846 0.08650519031141869 0.06461538461538462
0 0.21453287197231835 0.22923076923076924 0.08304498269896193 0.033846153846153845
0 0.11072664359861592 0.2246153846153846 0.07612456747404844 0.07384615384615384
0 0.20415224913494812 0.12615384615384614 0.06920415224913495 0.043076923076923075
0 0.8321799307958477 0.14307692307692307 0.058823529411764705 0.06461538461538462
0 0.7179930795847751 0.19230769230769232 0.07958477508650519 0.06461538461538462
0 0.8252595155709342 0.2246153846153846 0.0726643598615917 0.06769230769230769
0 0.7318339100346021 0.2815384615384615 0.07958477508650519 0.07076923076923076
0 0.7301038062283737 0.3646153846153846 0.06920415224913495 0.06461538461538462
0 0.8304498269896194 0.39076923076923076 0.07612456747404844 0.06769230769230769
0 0.7145328719723184 0.44461538461538463 0.08650519031141869 0.06461538461538462
0 0.8252595155709342 0.4846153846153846 0.0726643598615917 0.05846153846153846
0 0.7197231833910035 0.5261538461538462 0.06920415224913495 0.055384615384615386
0 0.8373702422145329 0.5615384615384615 0.06920415224913495 0.07076923076923076
0 0.7387543252595156 0.6276923076923077 0.06574394463667821 0.055384615384615386
0 0.8166089965397925 0.6369230769230769 0.06920415224913495 0.055384615384615386
0 0.759515570934256 0.7 0.058823529411764705 0.07692307692307693
0 0.828719723183391 0.7323076923076923 0.0726643598615917 0.06153846153846154
0 0.8633217993079585 0.796923076923077 0.06574394463667821 0.07384615384615384
0 0.7491349480968859 0.796923076923077 0.0726643598615917 0.06153846153846154
0 0.7560553633217993 0.88 0.06574394463667821 0.08615384615384615
0 0.8529411764705883 0.9 0.06574394463667821 0.07076923076923076