0 0.524 0.9070796460176991 0.052000000000000005 0.029498525073746312
0 0.455 0.9528023598820059 0.034 0.029498525073746312
0 0.518 0.8613569321533923 0.04 0.032448377581120944
0 0.432 0.8532448377581121 0.04 0.028023598820058997
0 0.444 0.8156342182890856 0.052000000000000005 0.032448377581120944
0 0.445 0.7684365781710915 0.046 0.038348082595870206
0 0.435 0.721976401179941 0.034 0.022123893805309734
0 0.451 0.6806784660766961 0.038 0.030973451327433628
0 0.537 0.5833333333333334 0.05 0.03982300884955752
0 0.528 0.6769911504424778 0.06 0.038348082595870206
0 0.524 0.6356932153392331 0.048 0.035398230088495575
0 0.431 0.6327433628318584 0.038 0.032448377581120944
0 0.44 0.5951327433628318 0.048 0.03687315634218289
0 0.512 0.5317109144542773 0.048 0.030973451327433628
0 0.439 0.49926253687315636 0.042 0.03687315634218289
0 0.505 0.47787610619469023 0.042 0.035398230088495575
0 0.523 0.43436578171091444 0.046 0.030973451327433628
0 0.446 0.41519174041297935 0.032 0.022123893805309734
0 0.506 0.3753687315634218 0.044 0.03392330383480826
0 0.437 0.36430678466076694 0.038 0.035398230088495575
0 0.442 0.29572271386430676 0.06 0.03687315634218289
0 0.436 0.25958702064896755 0.052000000000000005 0.032448377581120944
0 0.448 0.21165191740412978 0.036000000000000004 0.019174041297935103
0 0.536 0.16371681415929204 0.044 0.04129793510324484
0 0.453 0.16445427728613568 0.042 0.025073746312684365
0 0.448 0.11799410029498525 0.04 0.04424778761061947
0 0.146 0.7691740412979351 0.052000000000000005 0.03982300884955752
0 0.152 0.8126843657817109 0.056 0.038348082595870206
0 0.078 0.8126843657817109 0.044 0.029498525073746312
0 0.08600000000000001 0.726401179941003 0.044 0.03687315634218289
0 0.15 0.06710914454277286 0.056 0.03687315634218289
0 0.099 0.0700589970501475 0.042 0.03982300884955752
0 0.10200000000000001 0.1224188790560472 0.044 0.032448377581120944
0 0.148 0.1261061946902655 0.036000000000000004 0.03392330383480826
0 0.14 0.17256637168141592 0.036000000000000004 0.04129793510324484
0 0.083 0.17035398230088494 0.038 0.03687315634218289
0 0.082 0.2168141592920354 0.048 0.032448377581120944
0 0.14100000000000001 0.22492625368731564 0.038 0.028023598820058997
0 0.132 0.2721238938053097 0.028 0.019174041297935103
0 0.088 0.28171091445427726 0.032 0.035398230088495575
0 0.08700000000000001 0.32964601769911506 0.054 0.03392330383480826
0 0.136 0.3355457227138643 0.036000000000000004 0.03392330383480826
0 0.073 0.3665191740412979 0.046 0.028023598820058997
0 0.137 0.38495575221238937 0.05 0.038348082595870206
0 0.132 0.4284660766961652 0.052000000000000005 0.03687315634218289
0 0.076 0.4631268436578171 0.044 0.032448377581120944
0 0.124 0.471976401179941 0.048 0.035398230088495575
0 0.146 0.5081120943952803 0.056 0.028023598820058997
0 0.096 0.5199115044247787 0.04 0.030973451327433628
0 0.08600000000000001 0.8915929203539823 0.04 0.022123893805309734
0 0.139 0.8768436578171092 0.03 0.028023598820058997
0 0.129 0.8997050147492626 0.038 0.02359882005899705
0 0.08700000000000001 0.9328908554572272 0.046 0.028023598820058997
0 0.14 0.9321533923303835 0.04 0.029498525073746312
0 0.891 0.14528023598820058 0.062 0.03392330383480826
0 0.899 0.058997050147492625 0.042 0.032448377581120944
0 0.894 0.10176991150442477 0.048 0.038348082595870206
0 0.844 0.058997050147492625 0.044 0.029498525073746312
0 0.886 0.23377581120943952 0.04 0.03392330383480826
0 0.8300000000000001 0.2308259587020649 0.052000000000000005 0.028023598820058997
0 0.8230000000000001 0.2721238938053097 0.046 0.03982300884955752
0 0.892 0.2750737463126844 0.036000000000000004 0.022123893805309734
0 0.881 0.3001474926253687 0.038 0.019174041297935103
0 0.8280000000000001 0.3266961651917404 0.044 0.04277286135693215
0 0.8260000000000001 0.3775811209439528 0.056 0.032448377581120944
0 0.887 0.3805309734513274 0.042 0.032448377581120944
0 0.876 0.4196165191740413 0.044 0.03687315634218289
0 0.8300000000000001 0.4299410029498525 0.044 0.03687315634218289
0 0.836 0.47050147492625366 0.032 0.029498525073746312
0 0.88 0.47271386430678464 0.036000000000000004 0.028023598820058997
0 0.838 0.5154867256637168 0.044 0.028023598820058997
0 0.889 0.5191740412979351 0.05 0.035398230088495575
0 0.8290000000000001 0.5737463126843658 0.042 0.035398230088495575
0 0.892 0.5678466076696165 0.06 0.02359882005899705
0 0.8290000000000001 0.6202064896755162 0.05 0.019174041297935103
0 0.887 0.6231563421828908 0.042 0.03687315634218289
0 0.8320000000000001 0.6607669616519174 0.052000000000000005 0.038348082595870206
0 0.884 0.6740412979351033 0.044 0.032448377581120944
0 0.88 0.7227138643067846 0.036000000000000004 0.038348082595870206
0 0.888 0.782448377581121 0.052000000000000005 0.03982300884955752
0 0.8160000000000001 0.8207964601769911 0.048 0.030973451327433628
0 0.881 0.8281710914454277 0.038 0.04277286135693215
0 0.8280000000000001 0.8679941002949852 0.044 0.045722713864306784
0 0.8260000000000001 0.9682890855457227 0.064 0.019174041297935103
0 0.8280000000000001 0.9203539823008849 0.056 0.038348082595870206
0 0.873 0.9601769911504424 0.07 0.032448377581120944