0 0.81799591002045 0.9323308270676692 0.049079754601227 0.039097744360902256
0 0.8967280163599183 0.942857142857143 0.026584867075664625 0.02105263157894737
0 0.8844580777096115 0.8849624060150376 0.055214723926380375 0.03458646616541353
0 0.8875255623721883 0.8323308270676693 0.0408997955010225 0.031578947368421054
0 0.8220858895705522 0.8263157894736842 0.044989775051124746 0.03458646616541353
0 0.8517382413087935 0.8187969924812031 0.034764826175869123 0.019548872180451128
0 0.8261758691206544 0.7834586466165414 0.044989775051124746 0.02706766917293233
0 0.8905930470347649 0.7796992481203008 0.03885480572597137 0.031578947368421054
0 0.8803680981595093 0.7240601503759398 0.059304703476482624 0.0406015037593985
0 0.8231083844580778 0.7383458646616542 0.04703476482617587 0.039097744360902256
0 0.8312883435582823 0.6691729323308271 0.059304703476482624 0.039097744360902256
0 0.8957055214723927 0.6729323308270677 0.049079754601227 0.04360902255639098
0 0.8282208588957056 0.6233082706766918 0.044989775051124746 0.03458646616541353
0 0.8946830265848672 0.6090225563909775 0.059304703476482624 0.0481203007518797
0 0.8241308793456034 0.574436090225564 0.05316973415132925 0.039097744360902256
0 0.9018404907975461 0.5218045112781955 0.05316973415132925 0.04511278195488722
0 0.8333333333333334 0.5233082706766917 0.04294478527607362 0.03609022556390978
0 0.8456032719836402 0.46766917293233085 0.055214723926380375 0.04210526315789474
0 0.8957055214723927 0.40977443609022557 0.0408997955010225 0.03458646616541353
0 0.9008179959100205 0.3661654135338346 0.04703476482617587 0.03458646616541353
0 0.8445807770961146 0.4150375939849624 0.03680981595092025 0.039097744360902256
0 0.8374233128834356 0.3699248120300752 0.051124744376278126 0.039097744360902256
0 0.8364008179959102 0.3105263157894737 0.0572597137014315 0.0406015037593985
0 0.8353783231083846 0.26842105263157895 0.051124744376278126 0.031578947368421054
0 0.8456032719836402 0.2172932330827068 0.04294478527607362 0.03759398496240602
0 0.8946830265848672 0.18646616541353384 0.059304703476482624 0.030075187969924814
0 0.8445807770961146 0.1699248120300752 0.032719836400818 0.02406015037593985
0 0.9049079754601228 0.14135338345864662 0.059304703476482624 0.0330827067669173
0 0.9069529652351739 0.09323308270676692 0.04703476482617587 0.0330827067669173
0 0.8466257668711658 0.07142857142857144 0.049079754601227 0.03759398496240602
0 0.9059304703476484 0.049624060150375945 0.0572597137014315 0.04210526315789474
0 0.5194274028629857 0.056390977443609026 0.049079754601227 0.03458646616541353
0 0.45092024539877307 0.038345864661654135 0.034764826175869123 0.0406015037593985
0 0.45092024539877307 0.0849624060150376 0.022494887525562373 0.010526315789473686
0 0.5102249488752557 0.017293233082706767 0.022494887525562373 0.010526315789473686
0 0.532719836400818 0.10300751879699249 0.04703476482617587 0.03458646616541353
0 0.5296523517382413 0.1398496240601504 0.05316973415132925 0.03609022556390978
0 0.5265848670756647 0.1962406015037594 0.04703476482617587 0.03458646616541353
0 0.44376278118609414 0.30601503759398496 0.049079754601227 0.028571428571428574
0 0.5357873210633948 0.3330827067669173 0.044989775051124746 0.031578947368421054
0 0.44785276073619634 0.35639097744360904 0.05316973415132925 0.030075187969924814
0 0.523517382413088 0.38195488721804516 0.0572597137014315 0.03609022556390978
0 0.44785276073619634 0.4030075187969925 0.03680981595092025 0.039097744360902256
0 0.4468302658486708 0.46015037593984964 0.04703476482617587 0.0330827067669173
0 0.5112474437627812 0.44135338345864666 0.049079754601227 0.03458646616541353
0 0.441717791411043 0.4992481203007519 0.0245398773006135 0.02406015037593985
0 0.42024539877300615 0.5421052631578948 0.03885480572597137 0.028571428571428574
0 0.5194274028629857 0.5421052631578948 0.05316973415132925 0.031578947368421054
0 0.5112474437627812 0.5804511278195489 0.0572597137014315 0.0330827067669173
0 0.425357873210634 0.5857142857142857 0.049079754601227 0.028571428571428574
0 0.4304703476482618 0.6406015037593985 0.051124744376278126 0.039097744360902256
0 0.523517382413088 0.6421052631578947 0.06134969325153375 0.0330827067669173
0 0.5132924335378324 0.6804511278195489 0.0408997955010225 0.031578947368421054
0 0.4304703476482618 0.7360902255639098 0.06339468302658487 0.03458646616541353
0 0.42126789366053174 0.7819548872180452 0.05316973415132925 0.030075187969924814
0 0.4386503067484663 0.8330827067669173 0.051124744376278126 0.03609022556390978
0 0.4498977505112475 0.8842105263157896 0.06134969325153375 0.04210526315789474
0 0.05828220858895706 0.8609022556390978 0.04703476482617587 0.03759398496240602
0 0.05010224948875256 0.8195488721804511 0.051124744376278126 0.039097744360902256
0 0.12474437627811862 0.781203007518797 0.0408997955010225 0.02255639097744361
0 0.12372188139059306 0.6909774436090226 0.04703476482617587 0.028571428571428574
0 0.06134969325153375 0.6563909774436091 0.049079754601227 0.02556390977443609
0 0.059304703476482624 0.6067669172932331 0.0572597137014315 0.031578947368421054
0 0.05010224948875256 0.5609022556390978 0.055214723926380375 0.0330827067669173
0 0.12167689161554193 0.51203007518797 0.034764826175869123 0.02255639097744361
0 0.056237218813905934 0.4992481203007519 0.04703476482617587 0.030075187969924814
0 0.056237218813905934 0.4503759398496241 0.03885480572597137 0.02556390977443609
0 0.1441717791411043 0.32781954887218046 0.034764826175869123 0.015037593984962407
0 0.06850715746421268 0.4127819548872181 0.026584867075664625 0.013533834586466165
0 0.06850715746421268 0.29097744360902256 0.04294478527607362 0.031578947368421054
0 0.08895705521472394 0.2481203007518797 0.030674846625766874 0.02105263157894737
0 0.08282208588957056 0.2067669172932331 0.03885480572597137 0.0406015037593985
0 0.14110429447852763 0.20601503759398498 0.0408997955010225 0.02706766917293233
0 0.16257668711656442 0.1037593984962406 0.04294478527607362 0.0330827067669173