0 0.12871287128712872 0.856020942408377 0.066006600660066 0.05759162303664922
0 0.2524752475247525 0.799738219895288 0.07590759075907591 0.04973821989528796
0 0.25742574257425743 0.712041884816754 0.0594059405940594 0.05759162303664922
0 0.13696369636963696 0.6924083769633508 0.0627062706270627 0.060209424083769635
0 0.2376237623762376 0.6348167539267016 0.07920792079207921 0.0549738219895288
0 0.23597359735973597 0.4790575916230367 0.0891089108910891 0.06282722513089006
0 0.132013201320132 0.48298429319371733 0.07260726072607261 0.04973821989528796
0 0.14026402640264027 0.40575916230366493 0.07590759075907591 0.02617801047120419
0 0.12211221122112212 0.3455497382198953 0.066006600660066 0.04712041884816754
0 0.23597359735973597 0.33246073298429324 0.07590759075907591 0.05759162303664922
0 0.23267326732673269 0.2670157068062827 0.07590759075907591 0.05235602094240838
0 0.24752475247524752 0.20287958115183247 0.066006600660066 0.0549738219895288
0 0.132013201320132 0.19895287958115185 0.052805280528052806 0.03664921465968587
0 0.7046204620462047 0.9384816753926702 0.07590759075907591 0.04973821989528796
0 0.8448844884488449 0.93717277486911 0.09240924092409242 0.05759162303664922
0 0.8531353135313532 0.8691099476439791 0.0429042904290429 0.06282722513089006
0 0.7128712871287128 0.8664921465968587 0.052805280528052806 0.04712041884816754
0 0.7277227722772277 0.774869109947644 0.06930693069306931 0.05759162303664922
0 0.8448844884488449 0.786649214659686 0.0594059405940594 0.04973821989528796
0 0.7062706270627063 0.6910994764397906 0.07260726072607261 0.05759162303664922
0 0.8432343234323433 0.705497382198953 0.06930693069306931 0.04973821989528796
0 0.8267326732673267 0.6178010471204188 0.0627062706270627 0.06282722513089006
0 0.7326732673267327 0.6086387434554974 0.07260726072607261 0.04973821989528796
0 0.7326732673267327 0.5301047120418848 0.066006600660066 0.0549738219895288
0 0.8663366336633663 0.5405759162303665 0.06930693069306931 0.0549738219895288
0 0.7442244224422442 0.4476439790575916 0.06930693069306931 0.04712041884816754
0 0.8646864686468647 0.4502617801047121 0.04620462046204621 0.04712041884816754
0 0.7145214521452146 0.36256544502617805 0.06930693069306931 0.044502617801047126
0 0.7442244224422442 0.168848167539267 0.056105610561056105 0.044502617801047126