0 0.66 0.8915929203539823 0.184 0.03392330383480826
0 0.608 0.9373156342182891 0.16 0.028023598820058997
0 0.40800000000000003 0.9454277286135693 0.224 0.0471976401179941
0 0.448 0.8930678466076696 0.192 0.03392330383480826
0 0.62 0.8030973451327433 0.232 0.03392330383480826
0 0.388 0.8030973451327433 0.216 0.025073746312684365
0 0.368 0.7573746312684365 0.224 0.03392330383480826
0 0.332 0.717551622418879 0.232 0.04277286135693215
0 0.5720000000000001 0.6644542772861357 0.152 0.028023598820058997
0 0.332 0.6283185840707964 0.216 0.032448377581120944
0 0.58 0.6216814159292036 0.2 0.03392330383480826
0 0.496 0.5383480825958702 0.20800000000000002 0.032448377581120944
0 0.272 0.5479351032448377 0.176 0.030973451327433628
0 0.312 0.49262536873156343 0.224 0.032448377581120944
0 0.616 0.49557522123893805 0.16 0.038348082595870206
0 0.336 0.4469026548672566 0.16 0.029498525073746312
0 0.596 0.39823008849557523 0.168 0.032448377581120944
0 0.364 0.40634218289085544 0.2 0.03982300884955752
0 0.588 0.3554572271386431 0.168 0.02654867256637168
0 0.324 0.35398230088495575 0.2 0.038348082595870206
0 0.316 0.3163716814159292 0.168 0.028023598820058997
0 0.596 0.27654867256637167 0.216 0.03982300884955752
0 0.34400000000000003 0.28023598820059 0.16 0.032448377581120944
0 0.384 0.2411504424778761 0.176 0.03392330383480826
0 0.364 0.2042772861356932 0.2 0.03687315634218289
0 0.62 0.19985250737463126 0.184 0.03687315634218289
0 0.34 0.1592920353982301 0.168 0.032448377581120944
0 0.6 0.1556047197640118 0.20800000000000002 0.03982300884955752
0 0.336 0.09292035398230089 0.16 0.029498525073746312
0 0.584 0.08407079646017698 0.192 0.02654867256637168
0 0.592 0.11799410029498525 0.224 0.032448377581120944