0 0.2087227414330218 0.7970297029702971 0.056074766355140186 0.04950495049504951
0 0.19781931464174454 0.6547029702970297 0.059190031152647975 0.04207920792079208
0 0.19470404984423675 0.5792079207920792 0.0529595015576324 0.039603960396039604
0 0.11370716510903427 0.5767326732673267 0.059190031152647975 0.04455445544554455
0 0.20404984423676012 0.42945544554455445 0.0529595015576324 0.04207920792079208
0 0.1277258566978193 0.4245049504950495 0.06853582554517133 0.03712871287128713
0 0.1261682242990654 0.3527227722772277 0.059190031152647975 0.04207920792079208
0 0.2071651090342679 0.3440594059405941 0.0529595015576324 0.039603960396039604
0 0.22274143302180685 0.27970297029702973 0.0529595015576324 0.04455445544554455
0 0.11526479750778816 0.2896039603960396 0.04361370716510903 0.04455445544554455
0 0.11993769470404984 0.22772277227722773 0.03426791277258567 0.034653465346534656
0 0.2118380062305296 0.2264851485148515 0.056074766355140186 0.04702970297029703
0 0.20093457943925233 0.15346534653465346 0.0529595015576324 0.039603960396039604
0 0.1043613707165109 0.16584158415841585 0.04672897196261682 0.019801980198019802
0 0.6838006230529595 0.1373762376237624 0.028037383177570093 0.027227722772277228
0 0.6697819314641744 0.30198019801980197 0.06230529595015576 0.0594059405940594
0 0.8146417445482865 0.48267326732673266 0.06542056074766354 0.0594059405940594
0 0.6666666666666666 0.5210396039603961 0.07476635514018691 0.03712871287128713
0 0.6588785046728972 0.5804455445544554 0.08411214953271028 0.06683168316831684
0 0.6557632398753894 0.6336633663366337 0.08411214953271028 0.034653465346534656
0 0.8068535825545171 0.5606435643564357 0.08722741433021806 0.06683168316831684
0 0.7912772585669782 0.6262376237623762 0.07476635514018691 0.04455445544554455
0 0.9190031152647975 0.6274752475247525 0.037383177570093455 0.027227722772277228
0 0.661993769470405 0.7153465346534653 0.0529595015576324 0.06930693069306931
0 0.6697819314641744 0.7871287128712872 0.04361370716510903 0.034653465346534656
0 0.6697819314641744 0.8688118811881188 0.06853582554517133 0.034653465346534656
0 0.8037383177570093 0.7128712871287128 0.056074766355140186 0.054455445544554455
0 0.8177570093457943 0.8638613861386139 0.06542056074766354 0.06930693069306931