0 0.6644736842105263 0.9094827586206896 0.05921052631578947 0.04310344827586207
0 0.794407894736842 0.9181034482758621 0.08223684210526315 0.048850574712643674
0 0.6858552631578947 0.8045977011494253 0.06907894736842105 0.05172413793103448
0 0.819078947368421 0.7227011494252873 0.07894736842105263 0.06609195402298851
0 0.825657894736842 0.6379310344827586 0.06578947368421052 0.04597701149425287
0 0.7171052631578947 0.632183908045977 0.06578947368421052 0.05747126436781609
0 0.7088815789473684 0.5560344827586207 0.06907894736842105 0.05459770114942529
0 0.8338815789473684 0.5474137931034483 0.06907894736842105 0.048850574712643674
0 0.8273026315789473 0.47988505747126436 0.0625 0.08045977011494253
0 0.7203947368421052 0.46695402298850575 0.05263157894736842 0.06609195402298851
0 0.8289473684210525 0.3807471264367816 0.06578947368421052 0.06609195402298851
0 0.6957236842105263 0.3577586206896552 0.0756578947368421 0.06609195402298851
0 0.8223684210526315 0.20977011494252873 0.06578947368421052 0.05747126436781609
0 0.8092105263157894 0.08477011494252873 0.07236842105263158 0.05459770114942529
0 0.7039473684210525 0.07902298850574713 0.05921052631578947 0.04310344827586207
0 0.20888157894736842 0.12931034482758622 0.049342105263157895 0.05172413793103448
0 0.20723684210526314 0.20114942528735633 0.05263157894736842 0.05747126436781609
0 0.05756578947368421 0.12643678160919541 0.0756578947368421 0.04597701149425287
0 0.10361842105263157 0.26580459770114945 0.0756578947368421 0.048850574712643674
0 0.1957236842105263 0.28304597701149425 0.049342105263157895 0.04310344827586207
0 0.17927631578947367 0.35201149425287354 0.06907894736842105 0.06034482758620689
0 0.1957236842105263 0.4583333333333333 0.05592105263157894 0.05459770114942529
0 0.19901315789473684 0.5244252873563219 0.06907894736842105 0.05459770114942529
0 0.07401315789473684 0.4367816091954023 0.06907894736842105 0.06321839080459771
0 0.09210526315789473 0.5043103448275862 0.05921052631578947 0.05459770114942529
0 0.07730263157894736 0.6005747126436781 0.08223684210526315 0.06321839080459771
0 0.08552631578947367 0.6681034482758621 0.05921052631578947 0.05459770114942529
0 0.21875 0.6939655172413793 0.042763157894736836 0.048850574712643674
0 0.22368421052631576 0.6048850574712643 0.05921052631578947 0.048850574712643674
0 0.1924342105263158 0.8419540229885057 0.06907894736842105 0.06321839080459771
0 0.11184210526315788 0.8419540229885057 0.06578947368421052 0.05747126436781609