0 0.39473684210526316 0.9133333333333333 0.23308270676691728 0.04296296296296296
0 0.5827067669172932 0.8681481481481481 0.12781954887218044 0.026666666666666665
0 0.575187969924812 0.8222222222222222 0.23308270676691728 0.04148148148148148
0 0.30451127819548873 0.782962962962963 0.17293233082706766 0.04
0 0.5338345864661653 0.7696296296296296 0.21052631578947367 0.03407407407407407
0 0.2744360902255639 0.7303703703703703 0.21804511278195488 0.038518518518518514
0 0.556390977443609 0.7288888888888888 0.19548872180451127 0.038518518518518514
0 0.2932330827067669 0.674074074074074 0.21052631578947367 0.038518518518518514
0 0.556390977443609 0.674074074074074 0.19548872180451127 0.04148148148148148
0 0.36466165413533835 0.6192592592592592 0.18796992481203006 0.035555555555555556
0 0.5639097744360901 0.6222222222222222 0.18045112781954886 0.03259259259259259
0 0.575187969924812 0.5266666666666666 0.17293233082706766 0.04296296296296296
0 0.36466165413533835 0.5740740740740741 0.15789473684210525 0.037037037037037035
0 0.5263157894736842 0.5718518518518518 0.19548872180451127 0.03259259259259259
0 0.37593984962406013 0.47259259259259256 0.19548872180451127 0.038518518518518514
0 0.33458646616541354 0.4185185185185185 0.23308270676691728 0.04296296296296296
0 0.5526315789473684 0.42148148148148146 0.11278195488721804 0.025185185185185185
0 0.34962406015037595 0.3733333333333333 0.18796992481203006 0.038518518518518514
0 0.5526315789473684 0.3785185185185185 0.18796992481203006 0.04
0 0.5827067669172932 0.3162962962962963 0.21804511278195488 0.04296296296296296
0 0.3609022556390977 0.2659259259259259 0.15037593984962405 0.037037037037037035
0 0.5827067669172932 0.26814814814814814 0.11278195488721804 0.017777777777777778
0 0.36466165413533835 0.20888888888888887 0.20300751879699247 0.04148148148148148
0 0.556390977443609 0.16518518518518518 0.19548872180451127 0.037037037037037035
0 0.36466165413533835 0.12518518518518518 0.18796992481203006 0.037037037037037035
0 0.3571428571428571 0.16518518518518518 0.17293233082706766 0.028148148148148148
0 0.2969924812030075 0.05185185185185185 0.20300751879699247 0.029629629629629627
0 0.6052631578947368 0.09333333333333332 0.18796992481203006 0.04444444444444444
0 0.5827067669172932 0.12962962962962962 0.11278195488721804 0.02222222222222222
0 0.3721804511278195 0.317037037037037 0.09774436090225563 0.02074074074074074