0 0.23378839590443687 0.9140969162995595 0.09215017064846416 0.03964757709251101
0 0.7133105802047781 0.9317180616740087 0.06825938566552901 0.03083700440528634
0 0.8122866894197952 0.9030837004405285 0.07508532423208192 0.026431718061674006
0 0.8191126279863481 0.8568281938325991 0.10238907849829351 0.03964757709251101
0 0.09044368600682594 0.9104258443465492 0.05802047781569966 0.0381791483113069
0 0.12286689419795221 0.8707782672540382 0.08873720136518772 0.041116005873715125
0 0.09215017064846416 0.8193832599118942 0.10238907849829351 0.04698972099853157
0 0.08703071672354949 0.7745961820851688 0.08532423208191127 0.033773861967694566
0 0.2713310580204778 0.6005873715124816 0.09897610921501707 0.04698972099853157
0 0.7491467576791809 0.7980910425844346 0.06484641638225257 0.03671071953010279
0 0.7303754266211604 0.7621145374449338 0.08191126279863481 0.026431718061674006
0 0.8378839590443686 0.7041116005873714 0.08532423208191127 0.03671071953010279
0 0.11262798634812286 0.5888399412628487 0.09556313993174062 0.04405286343612334
0 0.11092150170648464 0.5411160058737151 0.07849829351535836 0.03671071953010279
0 0.25938566552901027 0.5411160058737151 0.10921501706484642 0.03964757709251101
0 0.2525597269624573 0.5036710719530102 0.08873720136518772 0.032305433186490456
0 0.25597269624573377 0.4508076358296622 0.07508532423208192 0.041116005873715125
0 0.13139931740614336 0.39720998531571217 0.07167235494880546 0.04552129221732746
0 0.25938566552901027 0.27826725403817915 0.08191126279863481 0.03964757709251101
0 0.25597269624573377 0.18281938325991187 0.09556313993174062 0.03671071953010279
0 0.13822525597269625 0.14684287812041116 0.09215017064846416 0.04405286343612334
0 0.26621160409556316 0.042584434654919234 0.10238907849829351 0.049926578560939794
0 0.25426621160409557 0.09618208516886931 0.11262798634812286 0.04552129221732746
0 0.15187713310580206 0.06754772393538913 0.051194539249146756 0.0381791483113069
0 0.12969283276450513 0.23788546255506607 0.06143344709897611 0.02936857562408223
0 0.12457337883959045 0.27826725403817915 0.051194539249146756 0.01908957415565345
0 0.856655290102389 0.06461086637298091 0.11604095563139932 0.04405286343612334
0 0.7713310580204779 0.11453744493392069 0.07508532423208192 0.032305433186490456
0 0.8651877133105802 0.11674008810572686 0.09897610921501707 0.042584434654919234
0 0.8242320819112628 0.17400881057268722 0.07849829351535836 0.033773861967694566
0 0.7337883959044369 0.16960352422907488 0.07508532423208192 0.03964757709251101
0 0.7372013651877133 0.21145374449339205 0.06825938566552901 0.02936857562408223
0 0.841296928327645 0.21806167400881057 0.09215017064846416 0.033773861967694566
0 0.7474402730375427 0.2599118942731277 0.09556313993174062 0.04405286343612334
0 0.7457337883959044 0.3230543318649045 0.051194539249146756 0.0381791483113069
0 0.8293515358361775 0.4530102790014684 0.07508532423208192 0.02790014684287812
0 0.7747440273037542 0.5095447870778267 0.09556313993174062 0.020558002936857563
0 0.10068259385665529 0.6387665198237885 0.03754266211604096 0.020558002936857563
0 0.1075085324232082 0.6747430249632892 0.04436860068259386 0.02202643171806167
0 0.8447098976109215 0.5484581497797356 0.07849829351535836 0.033773861967694566
0 0.764505119453925 0.5513950073421439 0.08191126279863481 0.04552129221732746
0 0.8122866894197952 0.31497797356828194 0.06143344709897611 0.03083700440528634