0 0.657556270096463 0.9275568181818182 0.06109324758842444 0.06534090909090909
0 0.7958199356913184 0.9247159090909092 0.04823151125401929 0.05397727272727273
0 0.662379421221865 0.8338068181818182 0.05787781350482315 0.048295454545454544
0 0.8070739549839229 0.8295454545454546 0.06430868167202572 0.05113636363636364
0 0.6768488745980707 0.7485795454545455 0.05466237942122187 0.048295454545454544
0 0.8118971061093248 0.7329545454545455 0.06752411575562701 0.0625
0 0.6736334405144695 0.6349431818181819 0.06752411575562701 0.04261363636363637
0 0.8360128617363344 0.6278409090909091 0.05144694533762058 0.05113636363636364
0 0.6832797427652733 0.5440340909090909 0.06752411575562701 0.05965909090909091
0 0.8408360128617364 0.5511363636363636 0.05466237942122187 0.045454545454545456
0 0.837620578778135 0.45738636363636365 0.04823151125401929 0.03409090909090909
0 0.6881028938906752 0.4474431818181818 0.06430868167202572 0.05397727272727273
0 0.6784565916398714 0.359375 0.05144694533762058 0.05965909090909091
0 0.8022508038585209 0.26136363636363635 0.04823151125401929 0.05113636363636364
0 0.837620578778135 0.19744318181818182 0.06109324758842444 0.048295454545454544
0 0.7009646302250804 0.09375 0.05787781350482315 0.05113636363636364
0 0.842443729903537 0.10085227272727273 0.04501607717041801 0.05965909090909091
0 0.17041800643086816 0.8579545454545455 0.05787781350482315 0.06818181818181818
0 0.09967845659163987 0.8636363636363636 0.06430868167202572 0.045454545454545456
0 0.07234726688102894 0.7769886363636364 0.06109324758842444 0.05397727272727273
0 0.16720257234726688 0.7769886363636364 0.05144694533762058 0.05397727272727273
0 0.18971061093247588 0.6846590909090909 0.06430868167202572 0.05113636363636364
0 0.09485530546623794 0.5994318181818182 0.08681672025723472 0.07386363636363637
0 0.1832797427652733 0.5340909090909091 0.0707395498392283 0.07386363636363637
0 0.18167202572347266 0.4431818181818182 0.08038585209003216 0.07954545454545454
0 0.0819935691318328 0.43892045454545453 0.04180064308681672 0.036931818181818184
0 0.08038585209003216 0.34232954545454547 0.07717041800643087 0.05965909090909091
0 0.20418006430868166 0.3338068181818182 0.07395498392282958 0.06534090909090909
0 0.19614147909967847 0.2599431818181818 0.08360128617363344 0.07102272727272728
0 0.20096463022508038 0.09090909090909091 0.06752411575562701 0.07386363636363637
0 0.1977491961414791 0.16619318181818182 0.0932475884244373 0.05965909090909091
0 0.09003215434083602 0.16761363636363638 0.0707395498392283 0.0625
0 0.0932475884244373 0.10511363636363637 0.0707395498392283 0.05681818181818182