0 0.5180180180180181 0.9385838150289016 0.1891891891891892 0.030346820809248554
0 0.527027027027027 0.8973988439306358 0.1891891891891892 0.03468208092485549
0 0.24774774774774774 0.8901734104046243 0.22522522522522523 0.03757225433526011
0 0.25225225225225223 0.8388728323699421 0.21621621621621623 0.033236994219653176
0 0.5180180180180181 0.8417630057803468 0.1891891891891892 0.033236994219653176
0 0.4954954954954955 0.8005780346820809 0.12612612612612611 0.023121387283236993
0 0.1981981981981982 0.8070809248554913 0.16216216216216217 0.02167630057803468
0 0.17567567567567569 0.7630057803468208 0.1891891891891892 0.026011560693641616
0 0.46846846846846846 0.7536127167630058 0.1981981981981982 0.02745664739884393
0 0.5 0.7138728323699421 0.13513513513513514 0.017341040462427744
0 0.22072072072072071 0.7182080924855491 0.15315315315315314 0.023121387283236993
0 0.45045045045045046 0.6676300578034682 0.1981981981981982 0.028901734104046242
0 0.19369369369369369 0.671242774566474 0.17117117117117117 0.02745664739884393
0 0.44144144144144143 0.6278901734104045 0.21621621621621623 0.030346820809248554
0 0.46846846846846846 0.578757225433526 0.1981981981981982 0.02745664739884393
0 0.23423423423423423 0.588150289017341 0.25225225225225223 0.03468208092485549
0 0.23873873873873874 0.5332369942196532 0.1891891891891892 0.028901734104046242
0 0.45945945945945943 0.5014450867052023 0.21621621621621623 0.02023121387283237
0 0.5 0.43641618497109824 0.15315315315315314 0.02023121387283237
0 0.17117117117117117 0.39378612716763006 0.18018018018018017 0.02745664739884393
0 0.536036036036036 0.338150289017341 0.13513513513513514 0.028901734104046242
0 0.23423423423423423 0.34031791907514447 0.18018018018018017 0.030346820809248554
0 0.21621621621621623 0.30491329479768786 0.21621621621621623 0.02023121387283237
0 0.5855855855855856 0.29624277456647397 0.21621621621621623 0.03468208092485549
0 0.6351351351351351 0.26011560693641617 0.13513513513513514 0.023121387283236993
0 0.6396396396396397 0.20809248554913293 0.21621621621621623 0.031791907514450865
0 0.6486486486486487 0.11705202312138728 0.12612612612612611 0.031791907514450865
0 0.3018018018018018 0.1134393063583815 0.22522522522522523 0.02167630057803468
0 0.26576576576576577 0.0838150289017341 0.22522522522522523 0.031791907514450865
0 0.23873873873873874 0.4949421965317919 0.1891891891891892 0.033236994219653176