0 0.5916030534351144 0.05555555555555555 0.2213740458015267 0.04204204204204204
0 0.32061068702290074 0.06531531531531531 0.22900763358778625 0.03153153153153153
0 0.5954198473282443 0.11936936936936937 0.16793893129770993 0.03453453453453453
0 0.5572519083969465 0.16666666666666666 0.183206106870229 0.04804804804804805
0 0.5725190839694656 0.22072072072072071 0.1984732824427481 0.04204204204204204
0 0.3549618320610687 0.23423423423423423 0.16030534351145037 0.04204204204204204
0 0.31679389312977096 0.27627627627627627 0.11450381679389313 0.02702702702702703
0 0.6335877862595419 0.2777777777777778 0.183206106870229 0.036036036036036036
0 0.6526717557251908 0.31681681681681684 0.16030534351145037 0.036036036036036036
0 0.6030534351145038 0.3611111111111111 0.21374045801526717 0.03753753753753754
0 0.3511450381679389 0.33183183183183185 0.16793893129770993 0.04204204204204204
0 0.3549618320610687 0.3708708708708709 0.20610687022900762 0.03003003003003003
0 0.34732824427480913 0.41516516516516516 0.16030534351145037 0.03153153153153153
0 0.5801526717557252 0.4084084084084084 0.1984732824427481 0.04204204204204204
0 0.32061068702290074 0.4512012012012012 0.13740458015267176 0.025525525525525526
0 0.5419847328244275 0.45045045045045046 0.22900763358778625 0.036036036036036036
0 0.366412213740458 0.49774774774774777 0.183206106870229 0.03753753753753754
0 0.5877862595419847 0.5 0.183206106870229 0.03903903903903904
0 0.4847328244274809 0.5503003003003003 0.19083969465648853 0.03753753753753754
0 0.3053435114503817 0.5915915915915916 0.183206106870229 0.03003003003003003
0 0.5190839694656488 0.5885885885885885 0.22900763358778625 0.03003003003003003
0 0.5534351145038168 0.6373873873873874 0.17557251908396945 0.04354354354354354
0 0.5305343511450381 0.7192192192192192 0.19083969465648853 0.03003003003003003
0 0.34351145038167935 0.7297297297297297 0.12213740458015267 0.03303303303303303
0 0.5114503816793893 0.7612612612612613 0.183206106870229 0.036036036036036036
0 0.5076335877862596 0.801051051051051 0.20610687022900762 0.04054054054054054
0 0.47709923664122134 0.8513513513513513 0.1450381679389313 0.04204204204204204
0 0.3053435114503817 0.8633633633633634 0.1984732824427481 0.04204204204204204
0 0.4961832061068702 0.9016516516516516 0.183206106870229 0.03453453453453453
0 0.5 0.9309309309309309 0.11450381679389313 0.024024024024024024
0 0.29770992366412213 0.9136636636636637 0.1984732824427481 0.04354354354354354
0 0.3244274809160305 0.9466966966966966 0.17557251908396945 0.03153153153153153