0 0.11764705882352942 0.84 0.06811145510835914 0.06285714285714286
0 0.22910216718266255 0.7771428571428571 0.0804953560371517 0.05714285714285714
0 0.22445820433436534 0.6842857142857143 0.07739938080495357 0.04857142857142857
0 0.12229102167182664 0.7085714285714285 0.05882352941176471 0.06285714285714286
0 0.11764705882352942 0.7742857142857142 0.030959752321981428 0.017142857142857144
0 0.21826625386996906 0.5814285714285714 0.06501547987616099 0.054285714285714284
0 0.11145510835913314 0.5871428571428572 0.07430340557275542 0.04857142857142857
0 0.19814241486068113 0.5042857142857143 0.061919504643962855 0.04857142857142857
0 0.10526315789473685 0.5085714285714286 0.061919504643962855 0.04
0 0.2058823529411765 0.3985714285714286 0.07120743034055728 0.04285714285714286
0 0.20278637770897834 0.33 0.07120743034055728 0.06
0 0.10526315789473685 0.3485714285714286 0.061919504643962855 0.05714285714285714
0 0.12229102167182664 0.23285714285714285 0.052631578947368425 0.04285714285714286
0 0.11609907120743035 0.16714285714285715 0.05882352941176471 0.054285714285714284
0 0.2105263157894737 0.10142857142857142 0.07430340557275542 0.054285714285714284
0 0.21362229102167185 0.16285714285714287 0.061919504643962855 0.06285714285714286
0 0.6702786377708979 0.91 0.05882352941176471 0.04857142857142857
0 0.825077399380805 0.9157142857142857 0.03405572755417957 0.037142857142857144
0 0.8297213622291022 0.83 0.05572755417956657 0.06571428571428571
0 0.6718266253869969 0.8142857142857143 0.07430340557275542 0.045714285714285714
0 0.6687306501547988 0.7242857142857143 0.06811145510835914 0.04857142857142857
0 0.8343653250773995 0.75 0.06501547987616099 0.04857142857142857
0 0.6857585139318886 0.6342857142857142 0.052631578947368425 0.05714285714285714
0 0.8421052631578948 0.6428571428571429 0.04953560371517028 0.05714285714285714
0 0.8297213622291022 0.56 0.04953560371517028 0.05714285714285714
0 0.7058823529411765 0.4514285714285714 0.061919504643962855 0.05142857142857143
0 0.8622291021671827 0.44142857142857145 0.04024767801857585 0.06
0 0.6919504643962848 0.3757142857142857 0.05882352941176471 0.04285714285714286
0 0.8668730650154799 0.3585714285714286 0.061919504643962855 0.04285714285714286
0 0.8823529411764707 0.28285714285714286 0.06811145510835914 0.05714285714285714
0 0.6965944272445821 0.2742857142857143 0.043343653250773995 0.045714285714285714
0 0.6965944272445821 0.2 0.05572755417956657 0.045714285714285714
0 0.8808049535603716 0.18857142857142858 0.06501547987616099 0.05714285714285714
0 0.890092879256966 0.11571428571428571 0.05882352941176471 0.04285714285714286
0 0.7043343653250774 0.10428571428571429 0.05882352941176471 0.054285714285714284