0 0.11937716262975778 0.943801652892562 0.03114186851211073 0.01652892561983471
0 0.1903114186851211 0.9429752066115702 0.04152249134948097 0.01487603305785124
0 0.09688581314878893 0.8446280991735537 0.03460207612456748 0.023140495867768594
0 0.22491349480968859 0.7363636363636363 0.08304498269896193 0.03801652892561983
0 0.2301038062283737 0.5694214876033058 0.09342560553633218 0.04132231404958678
0 0.12629757785467127 0.4586776859504132 0.051903114186851215 0.028099173553719006
0 0.2681660899653979 0.41570247933884297 0.058823529411764705 0.01487603305785124
0 0.2595155709342561 0.3049586776859504 0.06920415224913495 0.03471074380165289
0 0.2664359861591696 0.2636363636363636 0.08996539792387544 0.03471074380165289
0 0.12629757785467127 0.24793388429752067 0.0726643598615917 0.03305785123966942
0 0.14705882352941177 0.1446280991735537 0.051903114186851215 0.021487603305785124
0 0.3079584775086505 0.09834710743801653 0.04844290657439446 0.028099173553719006
0 0.30103806228373703 0.0396694214876033 0.09688581314878893 0.03305785123966942
0 0.685121107266436 0.10743801652892562 0.06920415224913495 0.01652892561983471
0 0.726643598615917 0.33884297520661155 0.04844290657439446 0.03305785123966942
0 0.7318339100346021 0.29421487603305785 0.03806228373702422 0.023140495867768594
0 0.8356401384083045 0.2611570247933884 0.07958477508650519 0.023140495867768594
0 0.7352941176470589 0.21322314049586777 0.04498269896193772 0.026446280991735537
0 0.7647058823529412 0.0743801652892562 0.07612456747404844 0.01652892561983471
0 0.8200692041522492 0.4396694214876033 0.04844290657439446 0.01652892561983471
0 0.6712802768166091 0.04132231404958678 0.04844290657439446 0.01652892561983471
0 0.039792387543252594 0.7462809917355372 0.04498269896193772 0.024793388429752067