0 0.22950819672131148 0.9393491124260355 0.07868852459016393 0.03550295857988166
0 0.11475409836065574 0.9423076923076923 0.07868852459016393 0.03254437869822485
0 0.1 0.9090236686390533 0.06885245901639345 0.034023668639053255
0 0.2540983606557377 0.9016272189349113 0.06885245901639345 0.034023668639053255
0 0.23934426229508196 0.8579881656804733 0.07213114754098361 0.03254437869822485
0 0.1360655737704918 0.8505917159763313 0.08196721311475409 0.03550295857988166
0 0.2459016393442623 0.8195266272189349 0.07213114754098361 0.03550295857988166
0 0.2360655737704918 0.772189349112426 0.05901639344262295 0.03550295857988166
0 0.13442622950819672 0.7633136094674556 0.06557377049180328 0.038461538461538464
0 0.12459016393442623 0.724112426035503 0.05245901639344262 0.02514792899408284
0 0.14590163934426228 0.6856508875739645 0.05573770491803279 0.02514792899408284
0 0.14754098360655737 0.6331360946745562 0.07868852459016393 0.03254437869822485
0 0.260655737704918 0.6264792899408284 0.08852459016393442 0.028106508875739643
0 0.26721311475409837 0.6723372781065089 0.04262295081967213 0.016272189349112426
0 0.260655737704918 0.5909763313609467 0.06885245901639345 0.022189349112426034
0 0.25245901639344265 0.5569526627218935 0.05245901639344262 0.028106508875739643
0 0.1540983606557377 0.5517751479289941 0.08524590163934426 0.03550295857988166
0 0.1360655737704918 0.5133136094674556 0.06885245901639345 0.03254437869822485
0 0.2754098360655738 0.46745562130177515 0.06557377049180328 0.023668639053254437
0 0.25081967213114753 0.5014792899408284 0.09508196721311475 0.03254437869822485
0 0.12622950819672132 0.47707100591715973 0.08196721311475409 0.034023668639053255
0 0.1360655737704918 0.42899408284023666 0.04918032786885246 0.023668639053254437
0 0.2754098360655738 0.382396449704142 0.07213114754098361 0.03106508875739645
0 0.13278688524590163 0.33357988165680474 0.06229508196721312 0.022189349112426034
0 0.14754098360655737 0.28994082840236685 0.07213114754098361 0.03254437869822485
0 0.29180327868852457 0.28476331360946744 0.08524590163934426 0.03698224852071006
0 0.29180327868852457 0.24704142011834318 0.07213114754098361 0.03254437869822485
0 0.15737704918032785 0.23742603550295857 0.05901639344262295 0.028106508875739643
0 0.1557377049180328 0.20192307692307693 0.07540983606557378 0.034023668639053255
0 0.2836065573770492 0.20192307692307693 0.06885245901639345 0.03106508875739645
0 0.28688524590163933 0.14866863905325445 0.06885245901639345 0.03106508875739645
0 0.15737704918032785 0.15236686390532544 0.07868852459016393 0.03254437869822485
0 0.1540983606557377 0.11464497041420119 0.07213114754098361 0.03698224852071006
0 0.29508196721311475 0.10059171597633136 0.05901639344262295 0.026627218934911243
0 0.7770491803278688 0.10724852071005916 0.07213114754098361 0.03106508875739645
0 0.7573770491803279 0.13979289940828402 0.06557377049180328 0.028106508875739643
0 0.8491803278688524 0.14053254437869822 0.05245901639344262 0.01775147928994083
0 0.8622950819672132 0.17751479289940827 0.08524590163934426 0.038461538461538464
0 0.7704918032786885 0.23002958579881655 0.08524590163934426 0.04585798816568047
0 0.7524590163934426 0.2655325443786982 0.08852459016393442 0.028106508875739643
0 0.8557377049180328 0.23224852071005916 0.07213114754098361 0.04437869822485207
0 0.8557377049180328 0.27884615384615385 0.08524590163934426 0.042899408284023666
0 0.7573770491803279 0.3217455621301775 0.08524590163934426 0.04585798816568047
0 0.860655737704918 0.3269230769230769 0.09508196721311475 0.04142011834319526
0 0.8704918032786885 0.367603550295858 0.06229508196721312 0.019230769230769232
0 0.7622950819672131 0.40532544378698226 0.10163934426229508 0.04142011834319526
0 0.8491803278688524 0.4386094674556213 0.07868852459016393 0.03698224852071006
0 0.7786885245901639 0.45340236686390534 0.04262295081967213 0.028106508875739643
0 0.7622950819672131 0.496301775147929 0.08852459016393442 0.03994082840236686
0 0.7540983606557377 0.5436390532544378 0.05901639344262295 0.028106508875739643
0 0.7672131147540984 0.5894970414201184 0.07213114754098361 0.022189349112426034
0 0.8459016393442623 0.5850591715976331 0.07868852459016393 0.03698224852071006
0 0.8475409836065574 0.6767751479289941 0.08852459016393442 0.03698224852071006
0 0.7491803278688525 0.6849112426035503 0.08852459016393442 0.03254437869822485
0 0.7622950819672131 0.6442307692307692 0.06885245901639345 0.04585798816568047
0 0.7442622950819672 0.7300295857988166 0.08524590163934426 0.034023668639053255
0 0.8377049180327869 0.7248520710059172 0.07540983606557378 0.026627218934911243
0 0.8360655737704918 0.7625739644970414 0.07868852459016393 0.03994082840236686
0 0.7622950819672131 0.7781065088757396 0.06885245901639345 0.03550295857988166
0 0.740983606557377 0.8210059171597633 0.05245901639344262 0.04142011834319526
0 0.8229508196721311 0.8106508875739645 0.09180327868852459 0.04437869822485207
0 0.7770491803278688 0.863905325443787 0.07213114754098361 0.047337278106508875
0 0.8344262295081967 0.8661242603550295 0.06229508196721312 0.028106508875739643
0 0.8442622950819673 0.9075443786982248 0.05573770491803279 0.03106508875739645
0 0.7721311475409836 0.9149408284023668 0.08196721311475409 0.03698224852071006
0 0.8262295081967214 0.9526627218934911 0.08524590163934426 0.04437869822485207