0 0.11468812877263583 0.9198473282442748 0.04024144869215292 0.025954198473282442
0 0.05935613682092556 0.9206106870229007 0.05030181086519115 0.03969465648854962
0 0.04527162977867204 0.8793893129770992 0.05432595573440644 0.03358778625954199
0 0.11569416498993965 0.8770992366412214 0.03822937625754527 0.02900763358778626
0 0.05533199195171026 0.8175572519083969 0.04627766599597586 0.03206106870229008
0 0.10764587525150907 0.833587786259542 0.04627766599597586 0.03358778625954199
0 0.05432595573440644 0.7770992366412214 0.04024144869215292 0.03969465648854962
0 0.05432595573440644 0.7366412213740458 0.044265593561368215 0.03206106870229008
0 0.11569416498993965 0.7412213740458016 0.04627766599597586 0.03816793893129771
0 0.1448692152917505 0.6961832061068702 0.048289738430583505 0.03358778625954199
0 0.05633802816901409 0.6854961832061068 0.052313883299798795 0.0366412213740458
0 0.11670020120724348 0.6549618320610687 0.048289738430583505 0.030534351145038167
0 0.04627766599597586 0.6221374045801527 0.052313883299798795 0.035114503816793895
0 0.05331991951710262 0.583206106870229 0.03822937625754527 0.03969465648854962
0 0.052313883299798795 0.5488549618320611 0.044265593561368215 0.022900763358778626
0 0.11670020120724348 0.565648854961832 0.052313883299798795 0.035114503816793895
0 0.12575452716297789 0.6 0.03018108651911469 0.02748091603053435
0 0.11066398390342053 0.49923664122137407 0.028169014084507046 0.0366412213740458
0 0.05432595573440644 0.45267175572519086 0.052313883299798795 0.03816793893129771
0 0.05130784708249497 0.4030534351145038 0.03822937625754527 0.02748091603053435
0 0.11770623742454729 0.41068702290076337 0.04225352112676057 0.0366412213740458
0 0.11770623742454729 0.3709923664122137 0.026156941649899398 0.015267175572519083
0 0.061368209255533206 0.3656488549618321 0.04627766599597586 0.03206106870229008
0 0.06740442655935615 0.2717557251908397 0.04627766599597586 0.03358778625954199
0 0.06237424547283703 0.2312977099236641 0.052313883299798795 0.035114503816793895
0 0.14285714285714288 0.2687022900763359 0.052313883299798795 0.03969465648854962
0 0.1317907444668008 0.2267175572519084 0.03420523138832998 0.035114503816793895
0 0.1388329979879276 0.1717557251908397 0.04024144869215292 0.025954198473282442
0 0.1317907444668008 0.1381679389312977 0.03420523138832998 0.025954198473282442
0 0.0824949698189135 0.1282442748091603 0.048289738430583505 0.03358778625954199
0 0.07847082494969819 0.07709923664122137 0.05633802816901409 0.035114503816793895
0 0.1448692152917505 0.08625954198473282 0.03219315895372234 0.03206106870229008
0 0.13279678068410464 0.04045801526717557 0.024144869215291753 0.016793893129770993
0 0.07042253521126761 0.03587786259541985 0.03219315895372234 0.03206106870229008
0 0.42655935613682094 0.025954198473282442 0.07243460764587525 0.04580152671755725
0 0.5100603621730383 0.03435114503816794 0.07042253521126761 0.03206106870229008
0 0.5211267605633804 0.07251908396946564 0.06036217303822938 0.03816793893129771
0 0.4315895372233401 0.09312977099236641 0.05432595573440644 0.03358778625954199
0 0.43561368209255535 0.14198473282442747 0.06237424547283703 0.0366412213740458
0 0.4396378269617707 0.1900763358778626 0.05432595573440644 0.03206106870229008
0 0.5100603621730383 0.16030534351145037 0.06237424547283703 0.03358778625954199
0 0.5160965794768612 0.20610687022900764 0.05432595573440644 0.03969465648854962
0 0.5150905432595574 0.2595419847328244 0.048289738430583505 0.03969465648854962
0 0.5150905432595574 0.3251908396946565 0.052313883299798795 0.051908396946564885
0 0.4346076458752515 0.34580152671755726 0.06036217303822938 0.044274809160305344
0 0.5020120724346077 0.38549618320610685 0.06639839034205232 0.059541984732824425
0 0.4315895372233401 0.3916030534351145 0.06237424547283703 0.035114503816793895
0 0.4346076458752515 0.4435114503816794 0.048289738430583505 0.04122137404580153
0 0.5020120724346077 0.4297709923664122 0.03822937625754527 0.016793893129770993
0 0.49597585513078474 0.46946564885496184 0.06237424547283703 0.044274809160305344
0 0.5020120724346077 0.5786259541984733 0.07042253521126761 0.042748091603053436
0 0.49597585513078474 0.6374045801526718 0.05835010060362174 0.04732824427480916
0 0.49597585513078474 0.6946564885496184 0.05432595573440644 0.051908396946564885
0 0.4325955734406439 0.683969465648855 0.05633802816901409 0.042748091603053436
0 0.42454728370221334 0.7274809160305343 0.06438631790744467 0.03816793893129771
0 0.437625754527163 0.783969465648855 0.05030181086519115 0.044274809160305344
0 0.49698189134808857 0.7748091603053435 0.06036217303822938 0.044274809160305344
0 0.5080482897384306 0.8213740458015267 0.05030181086519115 0.03358778625954199
0 0.5020120724346077 0.9259541984732824 0.05835010060362174 0.04732824427480916
0 0.437625754527163 0.9244274809160306 0.06237424547283703 0.035114503816793895
0 0.8772635814889337 0.9541984732824428 0.05633802816901409 0.03969465648854962
0 0.795774647887324 0.9564885496183206 0.05030181086519115 0.035114503816793895
0 0.7977867203219317 0.9091603053435114 0.05432595573440644 0.03206106870229008
0 0.8712273641851107 0.9061068702290076 0.048289738430583505 0.04122137404580153
0 0.8712273641851107 0.8572519083969465 0.05633802816901409 0.035114503816793895
0 0.8229376257545272 0.8732824427480916 0.044265593561368215 0.02748091603053435
0 0.7927565392354126 0.8175572519083969 0.052313883299798795 0.04122137404580153
0 0.8631790744466802 0.7480916030534351 0.06036217303822938 0.042748091603053436
0 0.7877263581488935 0.7625954198473283 0.03822937625754527 0.03816793893129771
0 0.7847082494969819 0.7175572519083969 0.04024144869215292 0.030534351145038167
0 0.7917505030181087 0.6648854961832061 0.04627766599597586 0.04122137404580153
0 0.864185110663984 0.6458015267175572 0.05432595573440644 0.03969465648854962
0 0.7947686116700202 0.6137404580152672 0.052313883299798795 0.03969465648854962
0 0.864185110663984 0.5931297709923664 0.05432595573440644 0.03816793893129771
0 0.8631790744466802 0.5320610687022901 0.048289738430583505 0.044274809160305344
0 0.7927565392354126 0.5236641221374045 0.06438631790744467 0.03358778625954199
0 0.7897384305835011 0.4633587786259542 0.04627766599597586 0.03816793893129771
0 0.8792756539235413 0.43740458015267175 0.04024144869215292 0.03206106870229008
0 0.7897384305835011 0.4129770992366412 0.05432595573440644 0.04122137404580153
0 0.8772635814889337 0.3938931297709924 0.048289738430583505 0.030534351145038167
0 0.7917505030181087 0.3656488549618321 0.05432595573440644 0.02900763358778626
0 0.881287726358149 0.34427480916030534 0.052313883299798795 0.03816793893129771
0 0.7987927565392354 0.3114503816793893 0.052313883299798795 0.04580152671755725
0 0.8822937625754528 0.2916030534351145 0.05432595573440644 0.03969465648854962
0 0.7987927565392354 0.2603053435114504 0.052313883299798795 0.02900763358778626
0 0.8923541247484911 0.18625954198473282 0.04627766599597586 0.0366412213740458
0 0.812877263581489 0.14580152671755725 0.03621730382293763 0.03816793893129771
0 0.9024144869215293 0.08702290076335878 0.05432595573440644 0.0366412213740458
0 0.8169014084507042 0.09465648854961832 0.044265593561368215 0.0366412213740458
0 0.8239436619718311 0.038931297709923665 0.04627766599597586 0.035114503816793895
0 0.8923541247484911 0.04580152671755725 0.04627766599597586 0.0366412213740458