0 0.597457627118644 0.9270833333333333 0.1440677966101695 0.026785714285714284
0 0.5423728813559322 0.8772321428571428 0.1694915254237288 0.03125
0 0.3347457627118644 0.9360119047619047 0.1271186440677966 0.020833333333333332
0 0.3728813559322034 0.9107142857142857 0.2033898305084746 0.023809523809523808
0 0.3135593220338983 0.8809523809523809 0.15254237288135594 0.026785714285714284
0 0.5889830508474576 0.8273809523809523 0.211864406779661 0.04464285714285714
0 0.5889830508474576 0.7745535714285714 0.17796610169491525 0.03125
0 0.3305084745762712 0.7782738095238095 0.2711864406779661 0.050595238095238096
0 0.3516949152542373 0.7313988095238095 0.2457627118644068 0.040178571428571425
0 0.5889830508474576 0.7172619047619048 0.211864406779661 0.03869047619047619
0 0.3177966101694915 0.6800595238095237 0.17796610169491525 0.03869047619047619
0 0.5169491525423728 0.6845238095238095 0.2033898305084746 0.023809523809523808
0 0.5932203389830508 0.6376488095238095 0.2033898305084746 0.049107142857142856
0 0.5889830508474576 0.5848214285714285 0.2627118644067797 0.03273809523809523
0 0.5889830508474576 0.5461309523809523 0.2288135593220339 0.04464285714285714
0 0.326271186440678 0.5364583333333333 0.19491525423728814 0.05803571428571428
0 0.3220338983050847 0.4851190476190476 0.22033898305084745 0.03571428571428571
0 0.3135593220338983 0.4263392857142857 0.2542372881355932 0.03720238095238095
0 0.3050847457627119 0.37723214285714285 0.22033898305084745 0.049107142857142856
0 0.6313559322033898 0.3601190476190476 0.2627118644067797 0.05952380952380952
0 0.3347457627118644 0.3214285714285714 0.2457627118644068 0.050595238095238096
0 0.6271186440677966 0.28348214285714285 0.2711864406779661 0.040178571428571425
0 0.3644067796610169 0.2805059523809524 0.22033898305084745 0.025297619047619048
0 0.3813559322033898 0.23511904761904762 0.2033898305084746 0.050595238095238096
0 0.6228813559322034 0.13988095238095238 0.2966101694915254 0.03869047619047619
0 0.326271186440678 0.14583333333333331 0.16101694915254236 0.026785714285714284
0 0.326271186440678 0.0974702380952381 0.2288135593220339 0.043154761904761904
0 0.6822033898305084 0.09821428571428571 0.2627118644067797 0.04464285714285714
0 0.6398305084745762 0.04985119047619047 0.2457627118644068 0.043154761904761904
0 0.3305084745762712 0.04836309523809523 0.22033898305084745 0.03422619047619047