0 0.7787769784172662 0.0530421216848674 0.06115107913669065 0.0249609984399376
0 0.8705035971223022 0.1107644305772231 0.08633093525179857 0.028081123244929798
0 0.8758992805755396 0.15600624024961 0.07553956834532374 0.0187207488299532
0 0.7697841726618705 0.15834633385335414 0.04316546762589928 0.0234009360374415
0 0.7517985611510791 0.20826833073322934 0.06474820143884892 0.0265210608424337
0 0.8435251798561152 0.21138845553822153 0.0683453237410072 0.0421216848673947
0 0.7482014388489209 0.2574102964118565 0.09352517985611511 0.0374414976599064
0 0.8597122302158274 0.3705148205928237 0.08633093525179857 0.0390015600624025
0 0.8381294964028777 0.421996879875195 0.08633093525179857 0.029641185647425898
0 0.7643884892086331 0.47815912636505464 0.08273381294964029 0.0327613104524181
0 0.7464028776978417 0.5273010920436818 0.03956834532374101 0.0187207488299532
0 0.8471223021582734 0.5327613104524181 0.08992805755395684 0.0421216848673947
0 0.7428057553956835 0.6357254290171607 0.03956834532374101 0.0171606864274571
0 0.8453237410071943 0.5858034321372855 0.03597122302158273 0.0109204368174727
0 0.75 0.6973478939157567 0.03956834532374101 0.0187207488299532
0 0.8363309352517986 0.7004680187207488 0.053956834532374105 0.0218408736349454
0 0.9046762589928058 0.749609984399376 0.03956834532374101 0.0234009360374415
0 0.8237410071942447 0.8010920436817472 0.06474820143884892 0.0234009360374415
0 0.9046762589928058 0.8159126365054602 0.053956834532374105 0.0218408736349454
0 0.7482014388489209 0.9071762870514821 0.05755395683453238 0.0358814352574103
0 0.8129496402877698 0.9165366614664587 0.05035971223021583 0.0265210608424337
0 0.723021582733813 0.9617784711388456 0.05035971223021583 0.0265210608424337
0 0.11151079136690648 0.06006240249609984 0.04316546762589928 0.029641185647425898
0 0.2302158273381295 0.12402496099843995 0.06474820143884892 0.0265210608424337
0 0.10071942446043167 0.15756630265210608 0.07194244604316546 0.0374414976599064
0 0.24820143884892087 0.2480499219968799 0.06474820143884892 0.031201248049921998
0 0.20863309352517986 0.27301092043681746 0.04316546762589928 0.015600624024960999
0 0.2392086330935252 0.30343213728549145 0.0683453237410072 0.0327613104524181
0 0.14028776978417268 0.3003120124804992 0.06474820143884892 0.0390015600624025
0 0.131294964028777 0.34867394695787834 0.0683453237410072 0.0265210608424337
0 0.2392086330935252 0.35725429017160687 0.08273381294964029 0.0436817472698908
0 0.13309352517985612 0.45553822152886114 0.05035971223021583 0.0249609984399376
0 0.12410071942446044 0.562402496099844 0.06115107913669065 0.0265210608424337
0 0.23201438848920863 0.6146645865834633 0.06115107913669065 0.0343213728549142
0 0.11870503597122303 0.6614664586583463 0.05035971223021583 0.0249609984399376
0 0.2194244604316547 0.6677067082683308 0.07194244604316546 0.031201248049921998
0 0.11151079136690648 0.7129485179407177 0.07913669064748202 0.0343213728549142
0 0.22661870503597123 0.7129485179407177 0.07194244604316546 0.028081123244929798
0 0.1223021582733813 0.7574102964118565 0.07913669064748202 0.0327613104524181
0 0.09532374100719425 0.8135725429017161 0.07553956834532374 0.029641185647425898
0 0.21762589928057555 0.8088923556942278 0.06115107913669065 0.029641185647425898
0 0.23201438848920863 0.8556942277691107 0.06115107913669065 0.0327613104524181
0 0.22661870503597123 0.9087363494539782 0.06474820143884892 0.029641185647425898
0 0.11151079136690648 0.9009360374414976 0.07913669064748202 0.0327613104524181
0 0.09172661870503597 0.9321372854914197 0.053956834532374105 0.0265210608424337