0 0.7450980392156863 0.9365284974093264 0.058823529411764705 0.04922279792746114
0 0.7352941176470589 0.8626943005181348 0.058823529411764705 0.05699481865284974
0 0.7565359477124183 0.7655440414507773 0.07516339869281045 0.054404145077720206
0 0.7565359477124183 0.6981865284974094 0.06209150326797386 0.05958549222797928
0 0.8741830065359477 0.6878238341968912 0.06209150326797386 0.054404145077720206
0 0.8725490196078431 0.594559585492228 0.05228758169934641 0.02849740932642487
0 0.8937908496732027 0.5246113989637305 0.06862745098039216 0.044041450777202076
0 0.7663398692810458 0.5038860103626943 0.06862745098039216 0.054404145077720206
0 0.8970588235294118 0.36528497409326427 0.08169934640522876 0.046632124352331605
0 0.880718954248366 0.1839378238341969 0.06862745098039216 0.046632124352331605
0 0.29248366013071897 0.8691709844559585 0.042483660130718956 0.054404145077720206
0 0.18137254901960784 0.8769430051813472 0.03594771241830066 0.023316062176165803
0 0.28594771241830064 0.7914507772020726 0.07516339869281045 0.06476683937823835
0 0.17483660130718956 0.7797927461139896 0.07516339869281045 0.05181347150259068
0 0.25 0.7085492227979275 0.06862745098039216 0.05958549222797928
0 0.15849673202614378 0.6981865284974094 0.05555555555555556 0.04922279792746114
0 0.2549019607843137 0.6230569948186528 0.058823529411764705 0.054404145077720206
0 0.2630718954248366 0.560880829015544 0.08169934640522876 0.054404145077720206
0 0.14869281045751634 0.5518134715025907 0.07516339869281045 0.046632124352331605
0 0.2679738562091503 0.4922279792746114 0.07189542483660132 0.06217616580310881
0 0.1503267973856209 0.4922279792746114 0.06535947712418301 0.031088082901554404
0 0.15522875816993464 0.43264248704663216 0.07516339869281045 0.06217616580310881
0 0.25326797385620914 0.4158031088082902 0.029411764705882353 0.02849740932642487
0 0.25163398692810457 0.35103626943005184 0.08496732026143791 0.04922279792746114
0 0.2679738562091503 0.2759067357512954 0.0784313725490196 0.054404145077720206
0 0.25653594771241833 0.1489637305699482 0.029411764705882353 0.023316062176165803
0 0.11601307189542484 0.15414507772020725 0.042483660130718956 0.02849740932642487
0 0.1503267973856209 0.28886010362694303 0.058823529411764705 0.04922279792746114
0 0.1519607843137255 0.3795336787564767 0.05555555555555556 0.023316062176165803
0 0.1519607843137255 0.33937823834196895 0.029411764705882353 0.02072538860103627