0 0.876753507014028 0.9638643067846607 0.05410821643286573 0.048672566371681415
0 0.8176352705410821 0.9100294985250738 0.044088176352705406 0.038348082595870206
0 0.814629258517034 0.8643067846607669 0.04609218436873747 0.029498525073746312
0 0.8907815631262525 0.8053097345132744 0.058116232464929855 0.04129793510324484
0 0.9038076152304608 0.7632743362831859 0.052104208416833664 0.03392330383480826
0 0.8246492985971943 0.71976401179941 0.06212424849699398 0.038348082595870206
0 0.8246492985971943 0.6740412979351033 0.05410821643286573 0.038348082595870206
0 0.8206412825651302 0.6150442477876106 0.06212424849699398 0.04129793510324484
0 0.8967935871743486 0.612094395280236 0.058116232464929855 0.0471976401179941
0 0.81563126252505 0.5589970501474926 0.05611222444889779 0.032448377581120944
0 0.8837675350701402 0.5250737463126843 0.05611222444889779 0.035398230088495575
0 0.8967935871743486 0.47123893805309736 0.07014028056112225 0.045722713864306784
0 0.8216432865731462 0.3775811209439528 0.052104208416833664 0.038348082595870206
0 0.8206412825651302 0.4218289085545723 0.05410821643286573 0.04424778761061947
0 0.9008016032064128 0.3222713864306785 0.05410821643286573 0.045722713864306784
0 0.81563126252505 0.21902654867256638 0.04809619238476953 0.03392330383480826
0 0.9128256513026052 0.22492625368731564 0.04609218436873747 0.03687315634218289
0 0.9138276553106212 0.1836283185840708 0.052104208416833664 0.04277286135693215
0 0.8216432865731462 0.12020648967551623 0.04809619238476953 0.03982300884955752
0 0.909819639278557 0.12463126843657817 0.052104208416833664 0.030973451327433628
0 0.9108216432865731 0.0752212389380531 0.05410821643286573 0.0471976401179941
0 0.8196392785571142 0.07374631268436578 0.052104208416833664 0.04424778761061947
0 0.5280561122244488 0.10103244837758112 0.038076152304609215 0.028023598820058997
0 0.5220440881763526 0.16224188790560473 0.058116232464929855 0.038348082595870206
0 0.5210420841683366 0.20722713864306785 0.04008016032064128 0.03687315634218289
0 0.5250501002004008 0.25737463126843657 0.06412825651302605 0.03687315634218289
0 0.5300601202404809 0.31194690265486724 0.06212424849699398 0.03982300884955752
0 0.4348697394789579 0.334070796460177 0.06412825651302605 0.03687315634218289
0 0.43587174348697394 0.37905604719764013 0.058116232464929855 0.04424778761061947
0 0.4428857715430861 0.4225663716814159 0.044088176352705406 0.028023598820058997
0 0.5220440881763526 0.3694690265486726 0.0501002004008016 0.04277286135693215
0 0.44388777555110215 0.5508849557522124 0.04609218436873747 0.03392330383480826
0 0.5130260521042084 0.551622418879056 0.04809619238476953 0.032448377581120944
0 0.4509018036072144 0.6755162241887905 0.044088176352705406 0.04129793510324484
0 0.5090180360721442 0.6858407079646017 0.052104208416833664 0.035398230088495575
0 0.43587174348697394 0.726401179941003 0.058116232464929855 0.045722713864306784
0 0.5210420841683366 0.8097345132743363 0.052104208416833664 0.032448377581120944
0 0.5240480961923847 0.8510324483775811 0.04208416833667334 0.038348082595870206
0 0.4539078156312625 0.8119469026548672 0.04609218436873747 0.03982300884955752
0 0.45290581162324645 0.7743362831858407 0.03206412825651302 0.014749262536873156
0 0.4549098196392785 0.8613569321533923 0.06813627254509018 0.032448377581120944
0 0.4519038076152304 0.8982300884955752 0.05410821643286573 0.032448377581120944
0 0.5250501002004008 0.9424778761061947 0.052104208416833664 0.04129793510324484
0 0.18036072144288576 0.06858407079646017 0.04008016032064128 0.04277286135693215
0 0.09018036072144288 0.1556047197640118 0.06012024048096192 0.04277286135693215
0 0.08416833667334668 0.3001474926253687 0.06012024048096192 0.04277286135693215
0 0.0781563126252505 0.35914454277286134 0.06412825651302605 0.03982300884955752
0 0.08216432865731463 0.40412979351032446 0.052104208416833664 0.04424778761061947
0 0.0721442885771543 0.4498525073746313 0.06412825651302605 0.04129793510324484
0 0.15731462925851702 0.471976401179941 0.058116232464929855 0.0471976401179941
0 0.07314629258517033 0.49926253687315636 0.04609218436873747 0.03392330383480826
0 0.08617234468937875 0.5331858407079646 0.052104208416833664 0.03392330383480826
0 0.14529058116232463 0.528023598820059 0.05410821643286573 0.035398230088495575
0 0.1402805611222445 0.5781710914454277 0.052104208416833664 0.035398230088495575
0 0.06412825651302605 0.5752212389380531 0.05611222444889779 0.035398230088495575
0 0.07414829659318636 0.6172566371681416 0.04008016032064128 0.04277286135693215
0 0.1442885771543086 0.6275811209439528 0.044088176352705406 0.030973451327433628
0 0.1503006012024048 0.6585545722713865 0.044088176352705406 0.022123893805309734
0 0.08216432865731463 0.696165191740413 0.052104208416833664 0.04424778761061947
0 0.1472945891783567 0.7234513274336283 0.05410821643286573 0.03687315634218289
0 0.07114228456913826 0.7345132743362832 0.058116232464929855 0.029498525073746312
0 0.07715430861723446 0.771386430678466 0.06212424849699398 0.035398230088495575
0 0.14829659318637273 0.7669616519174041 0.06412825651302605 0.04424778761061947
0 0.1503006012024048 0.8134218289085545 0.05611222444889779 0.030973451327433628
0 0.0751503006012024 0.8613569321533923 0.058116232464929855 0.038348082595870206
0 0.08517034068136271 0.9033923303834808 0.05410821643286573 0.03982300884955752
0 0.15531062124248496 0.9041297935103245 0.05410821643286573 0.038348082595870206
0 0.15130260521042083 0.9454277286135693 0.06212424849699398 0.035398230088495575