0 0.6481481481481481 0.9157303370786517 0.18518518518518517 0.06179775280898876
0 0.7129629629629629 0.8370786516853932 0.14814814814814814 0.0449438202247191
0 0.3472222222222222 0.8230337078651685 0.25 0.05056179775280899
0 0.34259259259259256 0.7443820224719101 0.18518518518518517 0.06741573033707865
0 0.29166666666666663 0.6474719101123595 0.21296296296296297 0.05898876404494382
0 0.3935185185185185 0.550561797752809 0.21296296296296297 0.06179775280898876
0 0.38425925925925924 0.47752808988764045 0.17592592592592593 0.06741573033707865
0 0.7407407407407407 0.4803370786516854 0.2222222222222222 0.056179775280898875
0 0.7129629629629629 0.3693820224719101 0.12962962962962962 0.042134831460674156
0 0.39814814814814814 0.2808988764044944 0.2037037037037037 0.05056179775280899
0 0.6805555555555555 0.2752808988764045 0.15740740740740738 0.033707865168539325
0 0.6805555555555555 0.18258426966292135 0.23148148148148145 0.0449438202247191
0 0.37037037037037035 0.09550561797752809 0.16666666666666666 0.06741573033707865
0 0.5972222222222222 0.08707865168539325 0.23148148148148145 0.06179775280898876
0 0.37037037037037035 0.19382022471910113 0.16666666666666666 0.06179775280898876