0 0.8296146044624746 0.9320457796852647 0.04056795131845842 0.027181688125894134
0 0.8853955375253549 0.938483547925608 0.05070993914807302 0.031473533619456366
0 0.8894523326572008 0.8962804005722461 0.05070993914807302 0.030042918454935622
0 0.8235294117647058 0.8891273247496423 0.028397565922920892 0.01859799713876967
0 0.8275862068965517 0.84620886981402 0.0486815415821501 0.035765379113018594
0 0.8904665314401623 0.8469241773962803 0.04056795131845842 0.03719599427753934
0 0.8853955375253549 0.8082975679542204 0.02636916835699797 0.020028612303290415
0 0.8306288032454361 0.8061516452074392 0.04665314401622718 0.027181688125894134
0 0.8955375253549696 0.7703862660944206 0.058823529411764705 0.027181688125894134
0 0.8235294117647058 0.7496423462088698 0.05273833671399594 0.031473533619456366
0 0.8123732251521298 0.7060085836909871 0.05476673427991886 0.032904148783977114
0 0.8762677484787018 0.7117310443490701 0.04056795131845842 0.030042918454935622
0 0.821501014198783 0.6602288984263233 0.0486815415821501 0.027181688125894134
0 0.8782961460446247 0.6123032904148784 0.04462474645030426 0.03719599427753934
0 0.8133874239350912 0.6065808297567954 0.05273833671399594 0.022889842632331903
0 0.8073022312373225 0.5636623748211731 0.036511156186612576 0.022889842632331903
0 0.8894523326572008 0.5278969957081545 0.038539553752535496 0.034334763948497854
0 0.8316430020283976 0.5107296137339056 0.05273833671399594 0.03719599427753934
0 0.8286004056795132 0.474964234620887 0.038539553752535496 0.031473533619456366
0 0.8935091277890467 0.48783977110157367 0.04259634888438134 0.031473533619456366
0 0.832657200811359 0.4270386266094421 0.04665314401622718 0.027181688125894134
0 0.8864097363083164 0.43204577968526464 0.04462474645030426 0.034334763948497854
0 0.8935091277890467 0.39127324749642345 0.038539553752535496 0.030042918454935622
0 0.8377281947261663 0.37768240343347637 0.04462474645030426 0.031473533619456366
0 0.8417849898580122 0.3369098712446352 0.04056795131845842 0.030042918454935622
0 0.896551724137931 0.30257510729613735 0.04056795131845842 0.032904148783977114
0 0.8336713995943205 0.290414878397711 0.036511156186612576 0.031473533619456366
0 0.8336713995943205 0.26108726752503575 0.036511156186612576 0.02145922746781116
0 0.8864097363083164 0.2532188841201717 0.04056795131845842 0.031473533619456366
0 0.845841784989858 0.2246065808297568 0.032454361054766734 0.022889842632331903
0 0.8985801217038539 0.2224606580829757 0.04056795131845842 0.024320457796852647
0 0.8397565922920892 0.18454935622317598 0.036511156186612576 0.017167381974248927
0 0.8945233265720081 0.17453505007153075 0.04462474645030426 0.031473533619456366
0 0.8985801217038539 0.14377682403433475 0.04056795131845842 0.027181688125894134
0 0.847870182555781 0.14163090128755365 0.04056795131845842 0.02861230329041488
0 0.8509127789046653 0.09298998569384835 0.030425963488843813 0.02861230329041488
0 0.8975659229208924 0.09799713876967096 0.038539553752535496 0.027181688125894134
0 0.44421906693711966 0.9184549356223176 0.05273833671399594 0.031473533619456366
0 0.524340770791075 0.8655221745350501 0.04665314401622718 0.031473533619456366
0 0.4300202839756592 0.8583690987124464 0.04462474645030426 0.04291845493562232
0 0.5253549695740365 0.8226037195994278 0.060851926977687626 0.031473533619456366
0 0.5040567951318459 0.7782546494992847 0.06288032454361055 0.04005722460658083
0 0.4279918864097363 0.7739628040057225 0.05273833671399594 0.034334763948497854
0 0.5040567951318459 0.6838340486409156 0.04259634888438134 0.03719599427753934
0 0.4330628803245436 0.6409155937052933 0.034482758620689655 0.02861230329041488
0 0.5081135902636916 0.6366237482117311 0.04665314401622718 0.031473533619456366
0 0.45841784989858014 0.6795422031473534 0.04056795131845842 0.020028612303290415
0 0.5010141987829615 0.5965665236051502 0.04462474645030426 0.02861230329041488
0 0.4290060851926978 0.5915593705293276 0.034482758620689655 0.035765379113018594
0 0.43407707910750504 0.49141630901287553 0.04462474645030426 0.032904148783977114
0 0.5030425963488844 0.4563662374821173 0.04462474645030426 0.04005722460658083
0 0.41886409736308317 0.4513590844062947 0.04665314401622718 0.024320457796852647
0 0.4503042596348884 0.413447782546495 0.04056795131845842 0.02575107296137339
0 0.45233265720081134 0.36838340486409155 0.04462474645030426 0.030042918454935622
0 0.5223123732251521 0.3748211731044349 0.038539553752535496 0.01430615164520744
0 0.5212981744421906 0.32260371959942774 0.056795131845841784 0.035765379113018594
0 0.526369168356998 0.2811158798283262 0.030425963488843813 0.01859799713876967
0 0.5202839756592292 0.24105865522174535 0.05476673427991886 0.032904148783977114
0 0.4381338742393509 0.23319027181688126 0.05273833671399594 0.03719599427753934
0 0.44929006085192696 0.16165951359084407 0.05476673427991886 0.031473533619456366
0 0.5294117647058824 0.15450643776824036 0.05273833671399594 0.034334763948497854
0 0.5354969574036511 0.11945636623748211 0.05273833671399594 0.027181688125894134
0 0.4543610547667343 0.12374821173104435 0.056795131845841784 0.027181688125894134
0 0.5365111561866126 0.08297567954220314 0.05476673427991886 0.034334763948497854
0 0.08417849898580121 0.11015736766809728 0.05070993914807302 0.034334763948497854
0 0.08519269776876268 0.15951359084406294 0.0486815415821501 0.030042918454935622
0 0.1511156186612576 0.1609442060085837 0.04259634888438134 0.035765379113018594
0 0.14705882352941177 0.20243204577968527 0.038539553752535496 0.030042918454935622
0 0.13184584178498987 0.24892703862660945 0.0486815415821501 0.04005722460658083
0 0.0872210953346856 0.2947067238912732 0.04462474645030426 0.034334763948497854
0 0.1460446247464503 0.2918454935622318 0.0486815415821501 0.034334763948497854
0 0.140973630831643 0.3447782546494993 0.038539553752535496 0.031473533619456366
0 0.14300202839756593 0.39341917024320455 0.038539553752535496 0.02575107296137339
0 0.09939148073022312 0.3791130185979971 0.06490872210953347 0.022889842632331903
0 0.07200811359026368 0.39842632331902716 0.030425963488843813 0.01859799713876967
0 0.14198782961460446 0.4728183118741059 0.05273833671399594 0.032904148783977114
0 0.07302231237322515 0.5128755364806867 0.04056795131845842 0.032904148783977114
0 0.0821501014198783 0.5572246065808297 0.034482758620689655 0.02145922746781116
0 0.07302231237322515 0.5958512160228898 0.04462474645030426 0.035765379113018594
0 0.13184584178498987 0.597997138769671 0.0486815415821501 0.04005722460658083
0 0.07809330628803246 0.6673819742489271 0.04665314401622718 0.035765379113018594
0 0.07809330628803246 0.7052932761087267 0.058823529411764705 0.034334763948497854
0 0.13793103448275862 0.7131616595135909 0.04462474645030426 0.032904148783977114
0 0.1308316430020284 0.7525035765379113 0.05070993914807302 0.02861230329041488
0 0.06288032454361055 0.7839771101573677 0.05273833671399594 0.04005722460658083
0 0.06592292089249494 0.7439198855507868 0.05070993914807302 0.034334763948497854
0 0.055780933062880324 0.829041487839771 0.04665314401622718 0.024320457796852647
0 0.12474645030425963 0.8304721030042919 0.02636916835699797 0.012875536480686695
0 0.05476673427991886 0.8648068669527897 0.06490872210953347 0.032904148783977114
0 0.1125760649087221 0.8733905579399142 0.04259634888438134 0.024320457796852647
0 0.1308316430020284 0.9034334763948498 0.05476673427991886 0.035765379113018594
0 0.05273833671399594 0.9041487839771102 0.06490872210953347 0.031473533619456366