0 0.05463917525773196 0.9326465927099842 0.051546391752577324 0.0427892234548336
0 0.1134020618556701 0.945324881141046 0.03711340206185567 0.020602218700475437
0 0.11958762886597939 0.8090332805071315 0.053608247422680416 0.0427892234548336
0 0.06494845360824743 0.731378763866878 0.051546391752577324 0.0364500792393027
0 0.07216494845360825 0.6901743264659271 0.04536082474226804 0.030110935023771792
0 0.1154639175257732 0.6434231378763867 0.0288659793814433 0.028526148969889066
0 0.058762886597938144 0.5966719492868463 0.04329896907216495 0.02377179080824089
0 0.13298969072164948 0.1196513470681458 0.03917525773195876 0.02694136291600634
0 0.07628865979381444 0.1735340729001585 0.04948453608247423 0.039619651347068144
0 0.13711340206185568 0.17274167987321712 0.04329896907216495 0.025356576862123614
0 0.1443298969072165 0.20839936608557846 0.04948453608247423 0.03328050713153724
0 0.07938144329896907 0.23137876386687797 0.04742268041237113 0.05071315372424723
0 0.12989690721649486 0.25356576862123614 0.032989690721649485 0.03803486529318542
0 0.06391752577319587 0.2908082408874802 0.041237113402061855 0.02377179080824089
0 0.12371134020618557 0.3446909667194929 0.04536082474226804 0.02377179080824089
0 0.14536082474226805 0.3827258320126783 0.051546391752577324 0.04595879556259905
0 0.0731958762886598 0.3835182250396197 0.04329896907216495 0.03169572107765452
0 0.07731958762886598 0.41362916006339145 0.04329896907216495 0.022187004754358162
0 0.06701030927835051 0.4730586370839937 0.05567010309278351 0.0364500792393027
0 0.13814432989690723 0.46909667194928684 0.041237113402061855 0.03169572107765452
0 0.12989690721649486 0.5182250396196514 0.041237113402061855 0.03486529318541997
0 0.0577319587628866 0.5118858954041204 0.041237113402061855 0.01901743264659271
0 0.06288659793814433 0.554675118858954 0.06391752577319587 0.03169572107765452
0 0.11030927835051546 0.5602218700475436 0.026804123711340208 0.02694136291600634
0 0.49896907216494846 0.9096671949286846 0.053608247422680416 0.044374009508716325
0 0.41649484536082476 0.910459587955626 0.0577319587628866 0.0364500792393027
0 0.4216494845360825 0.8629160063391442 0.06391752577319587 0.039619651347068144
0 0.5020618556701031 0.8660855784469097 0.03505154639175258 0.03328050713153724
0 0.4298969072164949 0.8137876386687798 0.05567010309278351 0.0427892234548336
0 0.4896907216494846 0.7717908082408875 0.051546391752577324 0.04754358161648178
0 0.41340206185567013 0.720285261489699 0.04742268041237113 0.0364500792393027
0 0.5010309278350515 0.7060221870047544 0.0577319587628866 0.0427892234548336
0 0.5072164948453608 0.659270998415214 0.04536082474226804 0.04120443740095087
0 0.42061855670103093 0.659270998415214 0.0577319587628866 0.03486529318541997
0 0.5020618556701031 0.6109350237717909 0.04742268041237113 0.04595879556259905
0 0.4216494845360825 0.6117274167987322 0.04329896907216495 0.04754358161648178
0 0.41855670103092785 0.5206022187004754 0.06597938144329897 0.04595879556259905
0 0.4896907216494846 0.5158478605388273 0.051546391752577324 0.039619651347068144
0 0.422680412371134 0.4643423137876387 0.053608247422680416 0.03486529318541997
0 0.4927835051546392 0.45641838351822506 0.04536082474226804 0.04120443740095087
0 0.5061855670103093 0.40253565768621236 0.06804123711340207 0.03803486529318542
0 0.41030927835051545 0.35340729001584786 0.061855670103092786 0.03486529318541997
0 0.42371134020618556 0.2979397781299525 0.051546391752577324 0.03803486529318542
0 0.5082474226804123 0.30665610142630745 0.03505154639175258 0.0364500792393027
0 0.49896907216494846 0.25039619651347067 0.04948453608247423 0.03169572107765452
0 0.4268041237113402 0.24405705229793978 0.0577319587628866 0.05388272583201268
0 0.42577319587628865 0.19334389857369255 0.05567010309278351 0.03803486529318542
0 0.511340206185567 0.049128367670364506 0.04536082474226804 0.03169572107765452
0 0.4350515463917526 0.04833597464342314 0.06597938144329897 0.03328050713153724
0 0.4278350515463918 0.08795562599049128 0.06391752577319587 0.0427892234548336
0 0.43711340206185567 0.1259904912836767 0.061855670103092786 0.030110935023771792
0 0.8092783505154639 0.05784469096671949 0.05567010309278351 0.030110935023771792
0 0.8896907216494846 0.061014263074484945 0.051546391752577324 0.039619651347068144
0 0.8824742268041237 0.12282091917591126 0.041237113402061855 0.04595879556259905
0 0.8030927835051547 0.10776545166402536 0.03917525773195876 0.03169572107765452
0 0.8051546391752578 0.17194928684627575 0.06391752577319587 0.039619651347068144
0 0.8030927835051547 0.21394611727416799 0.05979381443298969 0.03803486529318542
0 0.8835051546391752 0.21870047543581617 0.051546391752577324 0.04120443740095087
0 0.7948453608247423 0.2797147385103011 0.05567010309278351 0.03328050713153724
0 0.8731958762886598 0.2702060221870048 0.04742268041237113 0.03328050713153724
0 0.8793814432989691 0.320919175911252 0.04742268041237113 0.04595879556259905
0 0.8154639175257732 0.33201267828843106 0.05979381443298969 0.02694136291600634
0 0.7969072164948454 0.38589540412044376 0.04742268041237113 0.0427892234548336
0 0.88659793814433 0.3684627575277338 0.053608247422680416 0.039619651347068144
0 0.8731958762886598 0.42472266244057055 0.051546391752577324 0.028526148969889066
0 0.8061855670103093 0.44611727416798735 0.04948453608247423 0.039619651347068144
0 0.8721649484536083 0.48019017432646594 0.061855670103092786 0.03803486529318542
0 0.7917525773195877 0.5507131537242472 0.06597938144329897 0.049128367670364506
0 0.8041237113402062 0.6069730586370841 0.053608247422680416 0.044374009508716325
0 0.7927835051546392 0.6632329635499208 0.05567010309278351 0.039619651347068144
0 0.8701030927835052 0.6513470681458003 0.04948453608247423 0.04120443740095087
0 0.7927835051546392 0.722662440570523 0.051546391752577324 0.044374009508716325
0 0.7948453608247423 0.7717908082408875 0.051546391752577324 0.03169572107765452
0 0.8567010309278351 0.7741679873217115 0.051546391752577324 0.039619651347068144
0 0.797938144329897 0.8232963549920761 0.053608247422680416 0.03328050713153724
0 0.7989690721649485 0.8660855784469097 0.05567010309278351 0.039619651347068144
0 0.7804123711340206 0.9255150554675119 0.051546391752577324 0.03803486529318542