0 0.2079207920792079 0.9265536723163842 0.07260726072607261 0.06214689265536723
0 0.12706270627062707 0.8997175141242938 0.0429042904290429 0.0423728813559322
0 0.21287128712871287 0.8502824858757062 0.06930693069306931 0.06779661016949153
0 0.22772277227722773 0.7754237288135594 0.066006600660066 0.059322033898305086
0 0.11716171617161716 0.7641242937853108 0.04950495049504951 0.031073446327683614
0 0.21617161716171618 0.6822033898305084 0.07590759075907591 0.07627118644067797
0 0.14026402640264027 0.692090395480226 0.04950495049504951 0.04519774011299435
0 0.13036303630363036 0.617231638418079 0.056105610561056105 0.03672316384180791
0 0.1353135313531353 0.4322033898305085 0.07260726072607261 0.05649717514124294
0 0.20957095709570958 0.4279661016949153 0.056105610561056105 0.0480225988700565
0 0.23267326732673269 0.3502824858757062 0.06930693069306931 0.05649717514124294
0 0.11716171617161716 0.2725988700564972 0.056105610561056105 0.03672316384180791
0 0.23267326732673269 0.2669491525423729 0.06930693069306931 0.07062146892655367
0 0.2590759075907591 0.15677966101694915 0.056105610561056105 0.059322033898305086
0 0.11551155115511551 0.1483050847457627 0.066006600660066 0.059322033898305086
0 0.2079207920792079 0.6228813559322034 0.066006600660066 0.0423728813559322
0 0.735973597359736 0.9067796610169492 0.07920792079207921 0.06214689265536723
0 0.7293729372937294 0.7429378531073446 0.0594059405940594 0.05084745762711865
0 0.8250825082508251 0.8926553672316384 0.07260726072607261 0.05084745762711865
0 0.8481848184818482 0.8319209039548022 0.0594059405940594 0.06497175141242938
0 0.8366336633663366 0.7542372881355932 0.07590759075907591 0.05649717514124294
0 0.8465346534653465 0.6836158192090396 0.08250825082508251 0.05084745762711865
0 0.8432343234323433 0.6045197740112994 0.056105610561056105 0.05649717514124294
0 0.735973597359736 0.5112994350282486 0.07260726072607261 0.04519774011299435
0 0.8399339933993399 0.5254237288135594 0.04950495049504951 0.05084745762711865
0 0.8399339933993399 0.4435028248587571 0.07590759075907591 0.05084745762711865
0 0.8382838283828383 0.3686440677966102 0.0594059405940594 0.06497175141242938
0 0.7145214521452146 0.3375706214689266 0.04950495049504951 0.03672316384180791
0 0.7260726072607261 0.4209039548022599 0.0594059405940594 0.05649717514124294
0 0.7541254125412541 0.24293785310734464 0.06930693069306931 0.06779661016949153
0 0.8184818481848185 0.19350282485875706 0.066006600660066 0.059322033898305086