0 0.3632075471698113 0.17159763313609466 0.1792452830188679 0.05917159763313609
0 0.660377358490566 0.16124260355029585 0.18867924528301885 0.05029585798816568
0 0.28773584905660377 0.2544378698224852 0.16037735849056603 0.05917159763313609
0 0.6509433962264151 0.24260355029585798 0.20754716981132074 0.05325443786982249
0 0.5424528301886792 0.33579881656804733 0.14150943396226415 0.056213017751479286
0 0.3584905660377358 0.35502958579881655 0.16981132075471697 0.029585798816568046
0 0.40566037735849053 0.42899408284023666 0.18867924528301885 0.05325443786982249
0 0.6792452830188679 0.4230769230769231 0.18867924528301885 0.05325443786982249
0 0.40094339622641506 0.5014792899408284 0.16037735849056603 0.03254437869822485
0 0.6132075471698113 0.5133136094674556 0.1320754716981132 0.056213017751479286
0 0.6132075471698113 0.6020710059171598 0.18867924528301885 0.056213017751479286
0 0.32547169811320753 0.6272189349112426 0.1981132075471698 0.0650887573964497
0 0.570754716981132 0.6937869822485206 0.16037735849056603 0.06804733727810651
0 0.3584905660377358 0.7056213017751479 0.20754716981132074 0.056213017751479286
0 0.5849056603773585 0.7855029585798816 0.16981132075471697 0.06804733727810651
0 0.33490566037735847 0.7899408284023668 0.1792452830188679 0.05917159763313609
0 0.33962264150943394 0.8579881656804733 0.22641509433962265 0.05325443786982249
0 0.5990566037735848 0.8653846153846154 0.16037735849056603 0.0621301775147929
0 0.5518867924528301 0.9260355029585798 0.1792452830188679 0.05917159763313609
0 0.35377358490566035 0.9467455621301775 0.21698113207547168 0.05325443786982249