0 0.42366412213740456 0.937592867756315 0.29770992366412213 0.03566121842496285
0 0.3053435114503817 0.9019316493313521 0.12213740458015267 0.017830609212481426
0 0.5305343511450381 0.8907875185735512 0.25190839694656486 0.040118870728083206
0 0.34732824427480913 0.8514115898959881 0.20610687022900762 0.041604754829123326
0 0.4961832061068702 0.8090638930163447 0.16793893129770993 0.04309063893016345
0 0.3282442748091603 0.800148588410104 0.13740458015267176 0.02526002971768202
0 0.27862595419847325 0.7622585438335809 0.19083969465648853 0.03566121842496285
0 0.2900763358778626 0.7176820208023774 0.16793893129770993 0.03863298662704309
0 0.2900763358778626 0.6805349182763744 0.21374045801526717 0.03268945022288261
0 0.5572519083969465 0.6307578008915304 0.183206106870229 0.03714710252600297
0 0.5381679389312977 0.0512630014858841 0.20610687022900762 0.04606240713224368
0 0.2595419847328244 0.0549777117384844 0.22900763358778625 0.0475482912332838
0 0.21755725190839695 0.09286775631500742 0.20610687022900762 0.02526002971768202
0 0.5038167938931297 0.09212481426448736 0.21374045801526717 0.029717682020802376
0 0.4580152671755725 0.1352154531946508 0.1984732824427481 0.04457652303120356
0 0.23282442748091603 0.1352154531946508 0.17557251908396945 0.03863298662704309
0 0.48854961832061067 0.18647845468053492 0.183206106870229 0.040118870728083206
0 0.3015267175572519 0.18499257057949478 0.1297709923664122 0.019316493313521546
0 0.4809160305343511 0.2741456166419019 0.2748091603053435 0.03714710252600297
0 0.27099236641221375 0.3276374442793462 0.20610687022900762 0.04309063893016345
0 0.26717557251908397 0.38112927191679047 0.1984732824427481 0.03714710252600297
0 0.29389312977099236 0.424962852897474 0.20610687022900762 0.041604754829123326
0 0.29770992366412213 0.47994056463595836 0.16793893129770993 0.0475482912332838
0 0.5229007633587786 0.575037147102526 0.20610687022900762 0.041604754829123326
0 0.2633587786259542 0.5334323922734027 0.19083969465648853 0.03863298662704309
0 0.4389312977099237 0.5304606240713224 0.11450381679389313 0.029717682020802376