0 0.2643097643097643 0.9560000000000001 0.09764309764309764 0.056
0 0.28114478114478114 0.8992 0.08417508417508417 0.0448
0 0.265993265993266 0.8432000000000001 0.05387205387205387 0.032
0 0.11784511784511784 0.8456 0.10101010101010101 0.0432
0 0.25252525252525254 0.788 0.10101010101010101 0.049600000000000005
0 0.1212121212121212 0.784 0.09427609427609428 0.038400000000000004
0 0.13636363636363635 0.7344 0.10437710437710437 0.0512
0 0.27104377104377103 0.608 0.1111111111111111 0.041600000000000005
0 0.13636363636363635 0.6048 0.10437710437710437 0.041600000000000005
0 0.14309764309764308 0.5512 0.09764309764309764 0.04
0 0.2727272727272727 0.56 0.09427609427609428 0.048
0 0.25757575757575757 0.496 0.09764309764309764 0.0512
0 0.13973063973063973 0.44720000000000004 0.08417508417508417 0.0368
0 0.24074074074074073 0.39440000000000003 0.1111111111111111 0.0432
0 0.12457912457912457 0.3336 0.09427609427609428 0.04
0 0.23063973063973062 0.2776 0.09090909090909091 0.04
0 0.25252525252525254 0.2376 0.07407407407407407 0.033600000000000005
0 0.265993265993266 0.188 0.08754208754208753 0.0432
0 0.2542087542087542 0.1336 0.09764309764309764 0.0528
0 0.27104377104377103 0.062400000000000004 0.10437710437710437 0.0608
0 0.1212121212121212 0.0712 0.0808080808080808 0.046400000000000004
0 0.13468013468013468 0.1264 0.1212121212121212 0.0608
0 0.7542087542087542 0.8696 0.09427609427609428 0.0432
0 0.7491582491582491 0.0752 0.09764309764309764 0.0352
0 0.8855218855218855 0.09040000000000001 0.09427609427609428 0.04
0 0.7373737373737373 0.164 0.07407407407407407 0.027200000000000002
0 0.8821548821548821 0.1608 0.09427609427609428 0.033600000000000005
0 0.8552188552188552 0.1288 0.0808080808080808 0.024
0 0.7508417508417508 0.2432 0.0808080808080808 0.038400000000000004
0 0.8383838383838383 0.2368 0.05387205387205387 0.028800000000000003
0 0.8872053872053872 0.2616 0.08417508417508417 0.020800000000000003
0 0.8619528619528619 0.3 0.08754208754208753 0.049600000000000005
0 0.7626262626262625 0.3 0.09090909090909091 0.0432
0 0.7542087542087542 0.3552 0.10101010101010101 0.057600000000000005
0 0.8602693602693602 0.3528 0.050505050505050504 0.033600000000000005
0 0.8400673400673401 0.44320000000000004 0.07744107744107744 0.041600000000000005
0 0.8434343434343434 0.4944 0.0707070707070707 0.038400000000000004
0 0.8552188552188552 0.6008 0.09427609427609428 0.04
0 0.765993265993266 0.5920000000000001 0.10437710437710437 0.048
0 0.7592592592592592 0.7016 0.06397306397306397 0.04
0 0.7575757575757576 0.49520000000000003 0.10101010101010101 0.0368
0 0.7356902356902356 0.4496 0.07744107744107744 0.0512
0 0.7744107744107743 0.7592 0.07407407407407407 0.049600000000000005
0 0.8417508417508417 0.8152 0.0808080808080808 0.0528
0 0.7542087542087542 0.8192 0.08754208754208753 0.0512
0 0.8400673400673401 0.8728 0.06397306397306397 0.0368