0 0.2665505226480836 0.9491255961844198 0.07317073170731707 0.044515103338632754
0 0.2700348432055749 0.8600953895071543 0.09407665505226481 0.03815580286168522
0 0.15156794425087108 0.8593004769475359 0.09407665505226481 0.03656597774244833
0 0.18118466898954705 0.8155802861685215 0.04878048780487805 0.022257551669316377
0 0.27526132404181186 0.8100158982511925 0.0627177700348432 0.030206677265500796
0 0.29094076655052264 0.7710651828298888 0.07317073170731707 0.03815580286168522
0 0.2857142857142857 0.726550079491256 0.11846689895470383 0.041335453100158986
0 0.16898954703832753 0.7186009538950716 0.08013937282229965 0.041335453100158986
0 0.31010452961672474 0.6709062003179651 0.0975609756097561 0.041335453100158986
0 0.1759581881533101 0.6677265500794913 0.07317073170731707 0.03815580286168522
0 0.3118466898954704 0.6279809220985691 0.09407665505226481 0.03815580286168522
0 0.28222996515679444 0.5818759936406995 0.09059233449477352 0.03815580286168522
0 0.17247386759581881 0.5445151033386327 0.08710801393728224 0.03656597774244833
0 0.3083623693379791 0.47615262321144675 0.07317073170731707 0.0397456279809221
0 0.28222996515679444 0.4276629570747218 0.07665505226480836 0.03815580286168522
0 0.2735191637630662 0.3783783783783784 0.08013937282229965 0.03497615262321145
0 0.1759581881533101 0.3712241653418124 0.10104529616724739 0.0397456279809221
0 0.27177700348432055 0.3044515103338633 0.06968641114982578 0.033386327503974564
0 0.1672473867595819 0.31558028616852146 0.08362369337979095 0.04292527821939587
0 0.18989547038327526 0.25834658187599363 0.07317073170731707 0.033386327503974564
0 0.28397212543554007 0.26788553259141495 0.059233449477351915 0.02384737678855326
0 0.2961672473867596 0.22655007949125597 0.07665505226480836 0.030206677265500796
0 0.1759581881533101 0.22178060413354533 0.08710801393728224 0.030206677265500796
0 0.18118466898954705 0.1875993640699523 0.0627177700348432 0.03497615262321145
0 0.1759581881533101 0.1494435612082671 0.08710801393728224 0.03815580286168522
0 0.2735191637630662 0.15023847376788554 0.08013937282229965 0.03656597774244833
0 0.2926829268292683 0.10651828298887123 0.07665505226480836 0.03815580286168522
0 0.18118466898954705 0.10095389507154214 0.08362369337979095 0.0397456279809221
0 0.18641114982578397 0.0548489666136725 0.07317073170731707 0.033386327503974564
0 0.8484320557491289 0.9626391096979333 0.08710801393728224 0.03656597774244833
0 0.8501742160278746 0.9085850556438793 0.09059233449477352 0.033386327503974564
0 0.7543554006968641 0.9030206677265501 0.06620209059233449 0.031796502384737683
0 0.7717770034843205 0.8616852146263911 0.07317073170731707 0.041335453100158986
0 0.8850174216027874 0.8028616852146264 0.05574912891986063 0.025437201907790145
0 0.7752613240418118 0.06677265500794913 0.06620209059233449 0.03815580286168522
0 0.7822299651567944 0.1136724960254372 0.08710801393728224 0.030206677265500796
0 0.8972125435540069 0.11049284578696345 0.08013937282229965 0.030206677265500796
0 0.8797909407665505 0.151033386327504 0.06620209059233449 0.041335453100158986
0 0.7752613240418118 0.7376788553259142 0.08013937282229965 0.03497615262321145
0 0.8693379790940766 0.7376788553259142 0.09407665505226481 0.03497615262321145
0 0.7700348432055749 0.6844197138314786 0.07665505226480836 0.030206677265500796
0 0.8623693379790941 0.6756756756756758 0.08013937282229965 0.03815580286168522
0 0.7909407665505227 0.6232114467408586 0.05574912891986063 0.031796502384737683
0 0.8623693379790941 0.6263910969793323 0.06620209059233449 0.028616852146263912
0 0.867595818815331 0.568362480127186 0.08362369337979095 0.03656597774244833
0 0.7735191637630662 0.5174880763116058 0.07665505226480836 0.03656597774244833
0 0.867595818815331 0.5135135135135136 0.0975609756097561 0.03815580286168522
0 0.8867595818815331 0.4610492845786964 0.07317073170731707 0.04769475357710652
0 0.8013937282229965 0.4666136724960255 0.0627177700348432 0.033386327503974564
0 0.7926829268292683 0.4069952305246423 0.08013937282229965 0.031796502384737683
0 0.8867595818815331 0.40937996820349765 0.09407665505226481 0.03656597774244833
0 0.8013937282229965 0.35850556438791736 0.09059233449477352 0.02702702702702703
0 0.8885017421602788 0.3497615262321145 0.06968641114982578 0.03497615262321145
0 0.8763066202090593 0.3044515103338633 0.07317073170731707 0.03656597774244833
0 0.8745644599303136 0.2496025437201908 0.08362369337979095 0.03815580286168522
0 0.7822299651567944 0.21462639109697934 0.06620209059233449 0.041335453100158986
0 0.7804878048780488 0.17090620031796502 0.07665505226480836 0.033386327503974564