0 0.6228813559322034 0.14285714285714285 0.17796610169491525 0.05714285714285714
0 0.5847457627118644 0.25142857142857145 0.13559322033898305 0.05142857142857143
0 0.4025423728813559 0.3442857142857143 0.19491525423728814 0.054285714285714284
0 0.614406779661017 0.3457142857142857 0.1271186440677966 0.06285714285714286
0 0.4279661016949153 0.43 0.11016949152542373 0.054285714285714284
0 0.635593220338983 0.4185714285714286 0.13559322033898305 0.04285714285714286
0 0.4152542372881356 0.5285714285714286 0.13559322033898305 0.02857142857142857
0 0.5720338983050848 0.51 0.17796610169491525 0.06571428571428571
0 0.3601694915254237 0.6728571428571428 0.17796610169491525 0.04857142857142857
0 0.6059322033898306 0.6928571428571428 0.1440677966101695 0.04857142857142857
0 0.5254237288135594 0.7928571428571428 0.13559322033898305 0.03142857142857143
0 0.3686440677966102 0.8 0.1271186440677966 0.04
0 0.3771186440677966 0.8585714285714285 0.11016949152542373 0.04285714285714286
0 0.5677966101694916 0.8514285714285714 0.0847457627118644 0.017142857142857144
0 0.5466101694915254 0.9242857142857143 0.1271186440677966 0.07142857142857142
0 0.3728813559322034 0.9214285714285714 0.15254237288135594 0.06