0 0.6835016835016835 0.938692098092643 0.0808080808080808 0.06811989100817438
0 0.6784511784511784 0.7452316076294278 0.07744107744107744 0.06811989100817438
0 0.8484848484848484 0.9346049046321525 0.07407407407407407 0.05994550408719346
0 0.8821548821548821 0.8542234332425068 0.09427609427609428 0.05722070844686648
0 0.898989898989899 0.7438692098092643 0.0808080808080808 0.0653950953678474
0 0.8804713804713804 0.5694822888283378 0.0707070707070707 0.05449591280653951
0 0.702020202020202 0.5490463215258855 0.06397306397306397 0.04632152588555858
0 0.7373737373737373 0.46185286103542234 0.07407407407407407 0.051771117166212535
0 0.8855218855218855 0.47820163487738415 0.0808080808080808 0.04632152588555858
0 0.7087542087542087 0.38147138964577654 0.043771043771043766 0.03814713896457766
0 0.8939393939393939 0.37057220708446864 0.037037037037037035 0.027247956403269755
0 0.7424242424242424 0.273841961852861 0.07744107744107744 0.051771117166212535
0 0.9023569023569024 0.20708446866485014 0.07407407407407407 0.05449591280653951
0 0.734006734006734 0.20299727520435967 0.06734006734006734 0.06811989100817438
0 0.7424242424242424 0.11989100817438691 0.0707070707070707 0.049046321525885554
0 0.19865319865319864 0.8392370572207084 0.0606060606060606 0.05994550408719346
0 0.09764309764309764 0.8201634877384196 0.06734006734006734 0.05994550408719346
0 0.11616161616161616 0.7493188010899182 0.037037037037037035 0.027247956403269755
0 0.10101010101010101 0.6825613079019073 0.06734006734006734 0.06267029972752043
0 0.20033670033670034 0.6811989100817438 0.06397306397306397 0.07084468664850135
0 0.20875420875420875 0.5980926430517711 0.07407407407407407 0.05722070844686648
0 0.09932659932659932 0.5899182561307902 0.07744107744107744 0.06267029972752043
0 0.10942760942760943 0.5217983651226158 0.07744107744107744 0.04632152588555858
0 0.21043771043771042 0.5299727520435967 0.057239057239057235 0.051771117166212535
0 0.22727272727272727 0.43324250681198906 0.0707070707070707 0.0326975476839237
0 0.11952861952861953 0.45640326975476836 0.06397306397306397 0.04632152588555858
0 0.1127946127946128 0.34741144414168934 0.08417508417508417 0.06811989100817438
0 0.23569023569023567 0.33651226158038144 0.0606060606060606 0.06267029972752043
0 0.23737373737373738 0.2534059945504087 0.0707070707070707 0.05994550408719346
0 0.12794612794612795 0.25885558583106266 0.03367003367003367 0.010899182561307902
0 0.1212121212121212 0.18392370572207084 0.0404040404040404 0.04632152588555858
0 0.24915824915824913 0.1757493188010899 0.0808080808080808 0.04632152588555858
0 0.22895622895622894 0.10490463215258855 0.026936026936026935 0.03542234332425068
0 0.1414141414141414 0.11852861035422343 0.0606060606060606 0.03542234332425068