0 0.09922928709055877 0.9067431850789096 0.04816955684007707 0.028694404591104734
0 0.11078998073217726 0.8644189383070302 0.04816955684007707 0.027259684361549498
0 0.11464354527938343 0.8163558106169297 0.036608863198458574 0.028694404591104734
0 0.16473988439306358 0.7682926829268293 0.05202312138728324 0.038737446197991396
0 0.1579961464354528 0.7166427546628408 0.038535645472061654 0.03299856527977044
0 0.10597302504816955 0.6757532281205165 0.04238921001926782 0.04017216642754663
0 0.17341040462427745 0.6219512195121951 0.038535645472061654 0.024390243902439025
0 0.16666666666666666 0.5796269727403157 0.04431599229287091 0.03443328550932569
0 0.12138728323699421 0.4949784791965567 0.038535645472061654 0.020086083213773316
0 0.17148362235067438 0.4490674318507891 0.03468208092485549 0.028694404591104734
0 0.11078998073217726 0.4447632711621234 0.055876685934489405 0.028694404591104734
0 0.17630057803468208 0.40746054519368724 0.04046242774566474 0.02582496413199426
0 0.12909441233140656 0.40387374461979914 0.04238921001926782 0.024390243902439025
0 0.17726396917148363 0.3586800573888092 0.04238921001926782 0.04017216642754663
0 0.12909441233140656 0.36585365853658536 0.030828516377649325 0.02295552367288379
0 0.12620423892100194 0.327116212338594 0.04816955684007707 0.014347202295552367
0 0.12427745664739884 0.2697274031563845 0.04816955684007707 0.03443328550932569
0 0.17630057803468208 0.26614060258249644 0.03275529865125241 0.024390243902439025
0 0.1791907514450867 0.21664275466284075 0.046242774566473986 0.03156384505021521
0 0.11849710982658959 0.22309899569583932 0.036608863198458574 0.03299856527977044
0 0.1724470134874759 0.133428981348637 0.036608863198458574 0.028694404591104734
0 0.11175337186897881 0.13199426111908177 0.05009633911368015 0.02582496413199426
0 0.17822736030828515 0.09182209469153516 0.036608863198458574 0.028694404591104734
0 0.11849710982658959 0.08106169296987088 0.04816955684007707 0.030129124820659974
0 0.10597302504816955 0.032281205164992825 0.05009633911368015 0.03586800573888092
0 0.1791907514450867 0.035150645624103305 0.03468208092485549 0.027259684361549498
0 0.5289017341040463 0.10043041606886657 0.028901734104046242 0.02582496413199426
0 0.5163776493256262 0.15064562410329987 0.04238921001926782 0.03156384505021521
0 0.45857418111753373 0.15494978479196558 0.046242774566473986 0.03156384505021521
0 0.4489402697495183 0.20229555236728838 0.02697495183044316 0.017216642754662843
0 0.5211946050096339 0.19799139167862267 0.04046242774566474 0.028694404591104734
0 0.4556840077071291 0.25466284074605455 0.03275529865125241 0.030129124820659974
0 0.5192678227360308 0.24820659971305598 0.04046242774566474 0.03156384505021521
0 0.4595375722543353 0.2919655667144907 0.04431599229287091 0.027259684361549498
0 0.45472061657032753 0.3436154949784792 0.046242774566473986 0.01865136298421808
0 0.4527938342967245 0.3737446197991392 0.03468208092485549 0.030129124820659974
0 0.4460500963391137 0.4203730272596844 0.04046242774566474 0.02582496413199426
0 0.44990366088631983 0.4705882352941177 0.04431599229287091 0.03443328550932569
0 0.5028901734104047 0.47345767575322817 0.04238921001926782 0.028694404591104734
0 0.4393063583815029 0.5179340028694405 0.03468208092485549 0.03156384505021521
0 0.4421965317919075 0.5609756097560976 0.036608863198458574 0.03156384505021521
0 0.5048169556840078 0.5717360114777619 0.046242774566473986 0.03586800573888092
0 0.5105973025048169 0.6154949784791965 0.04238921001926782 0.03443328550932569
0 0.453757225433526 0.6743185078909613 0.03275529865125241 0.02295552367288379
0 0.5144508670520231 0.7094691535150646 0.038535645472061654 0.03299856527977044
0 0.4595375722543353 0.7051649928263989 0.055876685934489405 0.021520803443328552
0 0.4441233140655106 0.7532281205164993 0.04046242774566474 0.02582496413199426
0 0.4489402697495183 0.8041606886657102 0.046242774566473986 0.03586800573888092
0 0.5115606936416185 0.7984218077474893 0.04816955684007707 0.030129124820659974
0 0.5 0.8464849354375897 0.03275529865125241 0.02295552367288379
0 0.49710982658959535 0.8837876614060258 0.038535645472061654 0.028694404591104734
0 0.44315992292870904 0.8888091822094693 0.05009633911368015 0.027259684361549498
0 0.44797687861271673 0.930416068866571 0.036608863198458574 0.030129124820659974
0 0.8188824662813102 0.9225251076040173 0.05009633911368015 0.03730272596843616
0 0.8834296724470134 0.9375896700143472 0.05202312138728324 0.01865136298421808
0 0.8102119460500963 0.881635581061693 0.04816955684007707 0.03299856527977044
0 0.8834296724470134 0.8472022955523674 0.05202312138728324 0.038737446197991396
0 0.882466281310212 0.8859397417503587 0.057803468208092484 0.03299856527977044
0 0.8073217726396917 0.7381635581061693 0.06551059730250482 0.03299856527977044
0 0.8757225433526011 0.693687230989957 0.05202312138728324 0.05021520803443329
0 0.8959537572254335 0.5982783357245337 0.05009633911368015 0.03443328550932569
0 0.8217726396917149 0.5982783357245337 0.05973025048169557 0.04017216642754663
0 0.8901734104046243 0.554519368723099 0.04238921001926782 0.03299856527977044
0 0.815028901734104 0.4949784791965567 0.05009633911368015 0.03730272596843616
0 0.8179190751445087 0.4526542324246772 0.05202312138728324 0.03586800573888092
0 0.8140655105973025 0.39454806312769014 0.0674373795761079 0.03443328550932569
0 0.8892100192678227 0.5136298421807748 0.04046242774566474 0.03730272596843616
0 0.8892100192678227 0.30918220946915353 0.04046242774566474 0.03299856527977044
0 0.8227360308285163 0.2582496413199426 0.04238921001926782 0.04017216642754663
0 0.8911368015414258 0.2611190817790531 0.05202312138728324 0.043041606886657105
0 0.825626204238921 0.20731707317073172 0.04816955684007707 0.03299856527977044
0 0.8236994219653179 0.1592539454806313 0.05973025048169557 0.04017216642754663
0 0.8872832369942196 0.17288378766140602 0.04816955684007707 0.024390243902439025
0 0.9007707129094412 0.12338593974175037 0.04431599229287091 0.03443328550932569
0 0.896917148362235 0.07030129124820661 0.055876685934489405 0.03443328550932569