0 0.55 0.8777777777777778 0.24 0.06666666666666667
0 0.24 0.7873015873015873 0.2 0.06984126984126984
0 0.29 0.6952380952380952 0.2 0.06349206349206349
0 0.585 0.573015873015873 0.29 0.06031746031746032
0 0.255 0.5777777777777777 0.25 0.0761904761904762
0 0.19 0.4746031746031746 0.06 0.03492063492063492
0 0.525 0.4746031746031746 0.19 0.06666666666666667
0 0.5700000000000001 0.38095238095238093 0.18 0.050793650793650794
0 0.5700000000000001 0.29365079365079366 0.18 0.06666666666666667
0 0.26 0.2777777777777778 0.18 0.047619047619047616
0 0.6 0.2 0.12 0.050793650793650794
0 0.645 0.10158730158730159 0.19 0.06349206349206349
0 0.305 0.09523809523809523 0.19 0.044444444444444446