0 0.7045454545454546 0.9246575342465754 0.06493506493506494 0.06301369863013699
0 0.8831168831168832 0.7068493150684931 0.06493506493506494 0.043835616438356165
0 0.6980519480519481 0.6972602739726027 0.03246753246753247 0.0410958904109589
0 0.8555194805194806 0.6205479452054795 0.06818181818181819 0.057534246575342465
0 0.7207792207792209 0.5575342465753425 0.045454545454545456 0.057534246575342465
0 0.7386363636363636 0.40273972602739727 0.06818181818181819 0.06027397260273973
0 0.7451298701298702 0.2397260273972603 0.08766233766233766 0.057534246575342465
0 0.8733766233766235 0.22876712328767124 0.06493506493506494 0.06301369863013699
0 0.25 0.8465753424657534 0.05844155844155845 0.0547945205479452
0 0.12824675324675325 0.8493150684931506 0.08766233766233766 0.049315068493150684
0 0.13636363636363638 0.7712328767123288 0.06493506493506494 0.06301369863013699
0 0.24025974025974028 0.7643835616438356 0.07142857142857144 0.06575342465753425
0 0.23863636363636365 0.6863013698630137 0.07467532467532469 0.04657534246575343
0 0.2288961038961039 0.6191780821917808 0.07467532467532469 0.07123287671232877
0 0.12337662337662339 0.6150684931506849 0.07792207792207792 0.06301369863013699
0 0.2288961038961039 0.5150684931506849 0.06818181818181819 0.0547945205479452
0 0.09902597402597403 0.5301369863013699 0.08766233766233766 0.04657534246575343
0 0.11201298701298702 0.4438356164383562 0.061688311688311695 0.049315068493150684
0 0.21753246753246755 0.4410958904109589 0.06493506493506494 0.06027397260273973
0 0.21103896103896105 0.3698630136986301 0.07142857142857144 0.06027397260273973
0 0.09902597402597403 0.28356164383561644 0.06818181818181819 0.057534246575342465
0 0.21103896103896105 0.27534246575342464 0.03246753246753247 0.019178082191780823
0 0.2353896103896104 0.18904109589041096 0.061688311688311695 0.043835616438356165
0 0.10227272727272728 0.19863013698630136 0.07467532467532469 0.04657534246575343
0 0.10876623376623377 0.13013698630136986 0.029220779220779224 0.024657534246575342
0 0.21103896103896105 0.12328767123287672 0.06493506493506494 0.038356164383561646