0 0.6458333333333334 0.902332361516035 0.125 0.037900874635568516
0 0.5833333333333334 0.826530612244898 0.15 0.043731778425655975
0 0.37916666666666665 0.9183673469387755 0.20833333333333334 0.06997084548104957
0 0.4041666666666667 0.8440233236151603 0.19166666666666665 0.06705539358600583
0 0.5833333333333334 0.7303206997084548 0.18333333333333332 0.061224489795918366
0 0.37083333333333335 0.7288629737609329 0.20833333333333334 0.06997084548104957
0 0.6625 0.119533527696793 0.15833333333333333 0.05830903790087463
0 0.37916666666666665 0.11661807580174927 0.20833333333333334 0.0641399416909621
0 0.35833333333333334 0.19387755102040816 0.2 0.037900874635568516
0 0.6458333333333334 0.19533527696793002 0.10833333333333334 0.0641399416909621
0 0.3958333333333333 0.3104956268221574 0.125 0.03206997084548105
0 0.6416666666666666 0.3017492711370262 0.13333333333333333 0.06705539358600583
0 0.325 0.40233236151603496 0.16666666666666666 0.0641399416909621
0 0.6541666666666667 0.4096209912536443 0.19166666666666665 0.06705539358600583
0 0.6 0.49854227405247814 0.18333333333333332 0.05830903790087463
0 0.6083333333333333 0.5889212827988338 0.06666666666666667 0.029154518950437316
0 0.39166666666666666 0.5991253644314869 0.16666666666666666 0.061224489795918366
0 0.36666666666666664 0.6647230320699709 0.18333333333333332 0.052478134110787174