0 0.7463503649635036 0.9463452566096423 0.09124087591240876 0.041990668740279936
0 0.7372262773722628 0.8483670295489891 0.043795620437956206 0.026438569206842923
0 0.8375912408759124 0.843701399688958 0.09854014598540145 0.03265940902021773
0 0.8667883211678832 0.7317262830482115 0.09124087591240876 0.038880248833592534
0 0.7664233576642335 0.7255054432348367 0.08029197080291971 0.038880248833592534
0 0.7682481751824817 0.671850699844479 0.06204379562043796 0.03732503888024884
0 0.8448905109489051 0.6850699844479005 0.07664233576642336 0.029548989113530325
0 0.8558394160583941 0.6314152410575428 0.08394160583941605 0.03421461897356143
0 0.7718978102189781 0.6228615863141524 0.07664233576642336 0.029548989113530325
0 0.7645985401459854 0.5707620528771384 0.06934306569343066 0.04354587869362364
0 0.7718978102189781 0.4681181959564541 0.04744525547445255 0.01866251944012442
0 0.8576642335766423 0.47200622083981336 0.10218978102189781 0.038880248833592534
0 0.864963503649635 0.4214618973561431 0.0948905109489051 0.031104199066874026
0 0.7700729927007299 0.36391912908242613 0.06569343065693431 0.024883359253499222
0 0.8576642335766423 0.30171073094867806 0.072992700729927 0.049766718506998445
0 0.7700729927007299 0.3094867807153966 0.072992700729927 0.04354587869362364
0 0.8558394160583941 0.24572317262830481 0.08394160583941605 0.03732503888024884
0 0.7773722627737226 0.2006220839813375 0.058394160583941604 0.03732503888024884
0 0.8777372262773723 0.12830482115085537 0.10583941605839416 0.038880248833592534
0 0.9014598540145985 0.08786936236391912 0.06569343065693431 0.03265940902021773
0 0.906934306569343 0.05054432348367029 0.07664233576642336 0.03265940902021773
0 0.7937956204379562 0.060653188180404355 0.08394160583941605 0.031104199066874026
0 0.30474452554744524 0.045878693623639194 0.10583941605839416 0.041990668740279936
0 0.08576642335766423 0.03654743390357698 0.04744525547445255 0.02332814930015552
0 0.09124087591240876 0.07931570762052877 0.0948905109489051 0.04043545878693624
0 0.09124087591240876 0.13141524105754276 0.08759124087591241 0.04510108864696734
0 0.09124087591240876 0.31026438569206843 0.1094890510948905 0.04510108864696734
0 0.26824817518248173 0.3141524105754277 0.09124087591240876 0.03421461897356143
0 0.08941605839416059 0.4097978227060653 0.09854014598540145 0.04821150855365474
0 0.2572992700729927 0.4797822706065319 0.10583941605839416 0.038880248833592534
0 0.09671532846715328 0.4758942457231726 0.09854014598540145 0.03732503888024884
0 0.08576642335766423 0.5217729393468118 0.06934306569343066 0.03265940902021773
0 0.06751824817518248 0.5746500777604977 0.09854014598540145 0.05132192846034215
0 0.24270072992700728 0.5816485225505443 0.08394160583941605 0.04665629860031104
0 0.24452554744525545 0.6321928460342147 0.10218978102189781 0.04510108864696734
0 0.06934306569343066 0.6640746500777605 0.06569343065693431 0.031104199066874026
0 0.08029197080291971 0.7130637636080871 0.0948905109489051 0.038880248833592534
0 0.07664233576642336 0.76049766718507 0.08759124087591241 0.04665629860031104
0 0.22627737226277372 0.7636080870917574 0.06569343065693431 0.049766718506998445
0 0.08029197080291971 0.8188180404354588 0.08759124087591241 0.038880248833592534
0 0.22080291970802918 0.8748055987558321 0.09124087591240876 0.04510108864696734
0 0.08394160583941605 0.8693623639191291 0.10218978102189781 0.03732503888024884
0 0.07664233576642336 0.9183514774494557 0.0948905109489051 0.05132192846034215