0 0.5151515151515151 0.15482954545454547 0.15151515151515152 0.048295454545454544
0 0.25757575757575757 0.16193181818181818 0.13636363636363635 0.05681818181818182
0 0.25757575757575757 0.24005681818181818 0.15151515151515152 0.048295454545454544
0 0.29924242424242425 0.2997159090909091 0.14393939393939395 0.05965909090909091
0 0.3446969696969697 0.3849431818181818 0.14393939393939395 0.03125
0 0.4962121212121212 0.4119318181818182 0.1590909090909091 0.045454545454545456
0 0.5454545454545454 0.5042613636363636 0.16666666666666669 0.04261363636363637
0 0.4696969696969697 0.5696022727272727 0.16666666666666669 0.04261363636363637
0 0.3106060606060606 0.5653409090909091 0.15151515151515152 0.03977272727272727
0 0.28030303030303033 0.7215909090909091 0.15151515151515152 0.045454545454545456
0 0.3068181818181818 0.9034090909090909 0.08333333333333334 0.045454545454545456
0 0.4696969696969697 0.9019886363636364 0.18181818181818182 0.048295454545454544
0 0.4696969696969697 0.8125 0.09090909090909091 0.0625
0 0.4734848484848485 0.7315340909090909 0.12878787878787878 0.05965909090909091