0 0.7474747474747475 0.9065155807365439 0.20202020202020204 0.056657223796033995
0 0.7222222222222223 0.8243626062322946 0.25252525252525254 0.0623229461756374
0 0.6818181818181819 0.7535410764872522 0.13131313131313133 0.0453257790368272
0 0.7222222222222223 0.651558073654391 0.25252525252525254 0.0736543909348442
0 0.4040404040404041 0.556657223796034 0.22222222222222224 0.059490084985835696
0 0.686868686868687 0.45467422096317284 0.24242424242424243 0.042492917847025496
0 0.4141414141414142 0.45042492917847027 0.20202020202020204 0.0453257790368272
0 0.3888888888888889 0.3796033994334278 0.11111111111111112 0.0339943342776204
0 0.696969696969697 0.3824362606232295 0.20202020202020204 0.056657223796033995
0 0.6767676767676768 0.556657223796034 0.22222222222222224 0.042492917847025496
0 0.4040404040404041 0.2691218130311615 0.2828282828282829 0.0509915014164306
0 0.4090909090909091 0.3243626062322946 0.11111111111111112 0.0254957507082153
0 0.7020202020202021 0.17280453257790368 0.25252525252525254 0.056657223796033995
0 0.7121212121212122 0.07790368271954674 0.23232323232323235 0.053824362606232294
0 0.4646464646464647 0.0764872521246459 0.16161616161616163 0.0509915014164306