0 0.7353896103896105 0.9400544959128065 0.06818181818181819 0.05994550408719346
0 0.913961038961039 0.9291553133514986 0.0551948051948052 0.05449591280653951
0 0.7337662337662338 0.7425068119891008 0.05844155844155845 0.051771117166212535
0 0.7564935064935066 0.664850136239782 0.05844155844155845 0.0653950953678474
0 0.8944805194805195 0.49046321525885556 0.07467532467532469 0.03814713896457766
0 0.7353896103896105 0.5790190735694822 0.048701298701298704 0.04087193460490463
0 0.25162337662337664 0.8705722070844686 0.0551948051948052 0.05722070844686648
0 0.2483766233766234 0.8024523160762943 0.061688311688311695 0.04087193460490463
0 0.1314935064935065 0.8147138964577656 0.0551948051948052 0.03814713896457766
0 0.13474025974025974 0.885558583106267 0.029220779220779224 0.0326975476839237
0 0.2353896103896104 0.723433242506812 0.048701298701298704 0.051771117166212535
0 0.13636363636363638 0.7316076294277929 0.045454545454545456 0.051771117166212535
0 0.125 0.6471389645776566 0.061688311688311695 0.03542234332425068
0 0.23863636363636365 0.6416893732970027 0.07467532467532469 0.05722070844686648
0 0.2353896103896104 0.5640326975476839 0.07467532467532469 0.049046321525885554
0 0.24350649350649353 0.47956403269754766 0.06493506493506494 0.05449591280653951
0 0.13961038961038963 0.46730245231607626 0.05844155844155845 0.051771117166212535
0 0.2532467532467533 0.3964577656675749 0.05194805194805195 0.051771117166212535
0 0.12824675324675325 0.3664850136239782 0.029220779220779224 0.01907356948228883
0 0.25162337662337664 0.31471389645776565 0.048701298701298704 0.051771117166212535
0 0.14772727272727273 0.30245231607629425 0.061688311688311695 0.03814713896457766
0 0.12987012987012989 0.2411444141689373 0.07792207792207792 0.04632152588555858
0 0.25 0.21662125340599453 0.06493506493506494 0.051771117166212535
0 0.2548701298701299 0.1444141689373297 0.022727272727272728 0.021798365122615803
0 0.125 0.1444141689373297 0.04220779220779221 0.049046321525885554