0 0.6203703703703703 0.10270270270270271 0.14814814814814814 0.05945945945945946
0 0.2777777777777778 0.1945945945945946 0.2037037037037037 0.07027027027027027
0 0.6666666666666666 0.20270270270270271 0.16666666666666666 0.05405405405405406
0 0.32870370370370366 0.30405405405405406 0.19444444444444442 0.04054054054054054
0 0.662037037037037 0.3027027027027027 0.19444444444444442 0.05945945945945946
0 0.31481481481481477 0.5486486486486487 0.14814814814814814 0.021621621621621623
0 0.6203703703703703 0.5567567567567568 0.2777777777777778 0.05405405405405406
0 0.3657407407407407 0.47432432432432436 0.08333333333333333 0.02972972972972973
0 0.5833333333333333 0.6486486486486487 0.2037037037037037 0.043243243243243246
0 0.625 0.727027027027027 0.17592592592592593 0.04864864864864865
0 0.35185185185185186 0.7243243243243244 0.14814814814814814 0.05945945945945946
0 0.2962962962962963 0.822972972972973 0.16666666666666666 0.04054054054054054
0 0.5833333333333333 0.8067567567567568 0.14814814814814814 0.05675675675675676
0 0.29166666666666663 0.9054054054054055 0.15740740740740738 0.05405405405405406
0 0.5462962962962963 0.9094594594594595 0.12962962962962962 0.051351351351351354