0 0.13220338983050847 0.8486646884272997 0.07457627118644068 0.04747774480712166
0 0.0983050847457627 0.7106824925816024 0.06779661016949153 0.0741839762611276
0 0.711864406779661 0.9362017804154303 0.04067796610169491 0.032640949554896145
0 0.8135593220338982 0.8175074183976262 0.08135593220338982 0.06231454005934718
0 0.7915254237288135 0.7373887240356083 0.09152542372881356 0.06824925816023739
0 0.7830508474576271 0.6483679525222552 0.06101694915254237 0.04451038575667656
0 0.7203389830508474 0.6394658753709199 0.0576271186440678 0.04451038575667656
0 0.8305084745762712 0.46439169139465875 0.09491525423728814 0.06824925816023739
0 0.7508474576271186 0.46142433234421365 0.03728813559322034 0.05637982195845698
0 0.8440677966101695 0.36350148367952523 0.09491525423728814 0.06231454005934718
0 0.7372881355932204 0.3560830860534125 0.0847457627118644 0.05934718100890208
0 0.835593220338983 0.2893175074183976 0.04406779661016949 0.06231454005934718
0 0.747457627118644 0.13056379821958458 0.05084745762711864 0.05341246290801187
0 0.8033898305084746 0.13501483679525222 0.03389830508474576 0.03857566765578635
0 0.211864406779661 0.6097922848664689 0.04406779661016949 0.04451038575667656
0 0.1271186440677966 0.6053412462908012 0.10508474576271186 0.06528189910979229
0 0.1983050847457627 0.5074183976261127 0.04406779661016949 0.02967359050445104
0 0.22372881355932203 0.42136498516320475 0.05423728813559322 0.03560830860534125
0 0.1271186440677966 0.42729970326409494 0.04406779661016949 0.0771513353115727
0 0.15084745762711865 0.34421364985163205 0.04406779661016949 0.0712166172106825
0 0.22203389830508474 0.3367952522255193 0.0711864406779661 0.050445103857566766
0 0.2271186440677966 0.2507418397626113 0.08135593220338982 0.04451038575667656
0 0.13898305084745763 0.2403560830860534 0.06101694915254237 0.05934718100890208
0 0.2389830508474576 0.17210682492581603 0.04406779661016949 0.06528189910979229
0 0.1152542372881356 0.16023738872403562 0.08135593220338982 0.04154302670623146
0 0.20677966101694914 0.06231454005934718 0.07457627118644068 0.04747774480712166