0 0.1672473867595819 0.9279279279279279 0.07665505226480836 0.07807807807807808
0 0.1759581881533101 0.8348348348348348 0.059233449477351915 0.07207207207207207
0 0.17770034843205576 0.6846846846846847 0.0627177700348432 0.05405405405405406
0 0.09407665505226481 0.6756756756756757 0.07665505226480836 0.06006006006006006
0 0.18815331010452963 0.5885885885885885 0.09059233449477352 0.06006006006006006
0 0.1916376306620209 0.4894894894894895 0.06968641114982578 0.04804804804804805
0 0.20557491289198607 0.3993993993993994 0.041811846689895474 0.05405405405405406
0 0.19337979094076654 0.30930930930930933 0.059233449477351915 0.04804804804804805
0 0.08536585365853659 0.2912912912912913 0.07317073170731707 0.06606606606606606
0 0.10278745644599303 0.22372372372372373 0.06620209059233449 0.06306306306306306
0 0.2073170731707317 0.22072072072072071 0.059233449477351915 0.06306306306306306
0 0.18989547038327526 0.14864864864864866 0.07317073170731707 0.06906906906906907
0 0.09059233449477352 0.14114114114114115 0.0627177700348432 0.06006006006006006
0 0.872822299651568 0.15465465465465467 0.05226480836236934 0.06306306306306306
0 0.7491289198606271 0.2882882882882883 0.05574912891986063 0.05405405405405406
0 0.8606271777003485 0.29429429429429427 0.04878048780487805 0.036036036036036036
0 0.7299651567944251 0.36786786786786785 0.06620209059233449 0.06306306306306306
0 0.8466898954703833 0.4159159159159159 0.06968641114982578 0.05105105105105105
0 0.7369337979094077 0.6291291291291291 0.08710801393728224 0.06906906906906907
0 0.8362369337979094 0.6891891891891891 0.06968641114982578 0.05105105105105105
0 0.7369337979094077 0.7162162162162162 0.08013937282229965 0.06906906906906907
0 0.8710801393728222 0.7417417417417418 0.06968641114982578 0.04204204204204204
0 0.789198606271777 0.7807807807807807 0.10104529616724739 0.06606606606606606