0 0.4791666666666667 0.9490740740740741 0.20833333333333334 0.043209876543209874
0 0.26666666666666666 0.9151234567901234 0.23333333333333334 0.033950617283950615
0 0.5625 0.8641975308641975 0.19166666666666665 0.033950617283950615
0 0.3375 0.8271604938271604 0.10833333333333334 0.030864197530864196
0 0.525 0.8209876543209876 0.2 0.033950617283950615
0 0.3458333333333333 0.7685185185185185 0.175 0.027777777777777776
0 0.5458333333333333 0.7731481481481481 0.20833333333333334 0.040123456790123455
0 0.35833333333333334 0.7268518518518519 0.2 0.030864197530864196
0 0.5875 0.6751543209876543 0.20833333333333334 0.047839506172839504
0 0.6041666666666666 0.6265432098765432 0.225 0.030864197530864196
0 0.6541666666666667 0.5763888888888888 0.19166666666666665 0.029320987654320986
0 0.625 0.5432098765432098 0.18333333333333332 0.033950617283950615
0 0.6458333333333334 0.4884259259259259 0.175 0.035493827160493825
0 0.44166666666666665 0.4930555555555555 0.16666666666666666 0.029320987654320986
0 0.4583333333333333 0.44598765432098764 0.21666666666666667 0.043209876543209874
0 0.6541666666666667 0.44753086419753085 0.15833333333333333 0.030864197530864196
0 0.4083333333333333 0.3919753086419753 0.16666666666666666 0.027777777777777776
0 0.42083333333333334 0.3472222222222222 0.175 0.040123456790123455
0 0.6375 0.29166666666666663 0.20833333333333334 0.046296296296296294
0 0.375 0.2816358024691358 0.16666666666666666 0.032407407407407406
0 0.6625 0.22530864197530864 0.2583333333333333 0.033950617283950615
0 0.5958333333333333 0.1736111111111111 0.20833333333333334 0.038580246913580245
0 0.4125 0.1867283950617284 0.125 0.024691358024691357
0 0.6333333333333333 0.13117283950617284 0.21666666666666667 0.040123456790123455
0 0.4083333333333333 0.13425925925925924 0.2 0.040123456790123455
0 0.325 0.09027777777777778 0.2 0.035493827160493825
0 0.3333333333333333 0.05015432098765432 0.18333333333333332 0.038580246913580245