0 0.11979166666666666 0.9546850998463902 0.08680555555555555 0.041474654377880185
0 0.27604166666666663 0.9093701996927803 0.08680555555555555 0.043010752688172046
0 0.29166666666666663 0.8502304147465438 0.07638888888888888 0.03225806451612903
0 0.11631944444444443 0.8095238095238095 0.10069444444444443 0.03379416282642089
0 0.27604166666666663 0.7619047619047619 0.08680555555555555 0.04608294930875576
0 0.10590277777777778 0.7580645161290323 0.07291666666666666 0.041474654377880185
0 0.13368055555555555 0.7019969278033794 0.07291666666666666 0.039938556067588324
0 0.125 0.6559139784946236 0.10416666666666666 0.030721966205837174
0 0.3038194444444444 0.6013824884792627 0.10069444444444443 0.047619047619047616
0 0.296875 0.5560675883256528 0.10069444444444443 0.03686635944700461
0 0.13541666666666666 0.5560675883256528 0.08333333333333333 0.039938556067588324
0 0.12326388888888888 0.500768049155146 0.09375 0.04608294930875576
0 0.140625 0.4093701996927803 0.09375 0.0445468509984639
0 0.2829861111111111 0.3602150537634409 0.10069444444444443 0.03840245775729647
0 0.15277777777777776 0.31336405529953915 0.08333333333333333 0.03379416282642089
0 0.14583333333333331 0.21351766513056836 0.06944444444444445 0.043010752688172046
0 0.29166666666666663 0.17588325652841783 0.09027777777777778 0.03225806451612903
0 0.2899305555555555 0.13978494623655913 0.08680555555555555 0.03379416282642089
0 0.15625 0.09062980030721966 0.08333333333333333 0.030721966205837174
0 0.7760416666666666 0.08832565284178187 0.0798611111111111 0.047619047619047616
0 0.861111111111111 0.9585253456221198 0.0625 0.043010752688172046
0 0.782986111111111 0.9047619047619048 0.04513888888888889 0.021505376344086023
0 0.78125 0.815668202764977 0.05555555555555555 0.030721966205837174
0 0.8663194444444444 0.9032258064516129 0.07291666666666666 0.021505376344086023
0 0.7899305555555555 0.857910906298003 0.06597222222222222 0.02304147465437788
0 0.8802083333333333 0.8602150537634409 0.08680555555555555 0.030721966205837174
0 0.8697916666666666 0.8287250384024577 0.05208333333333333 0.029185867895545316
0 0.8958333333333333 0.7980030721966206 0.09027777777777778 0.029185867895545316
0 0.875 0.7642089093701997 0.09027777777777778 0.03533026113671275
0 0.782986111111111 0.7580645161290323 0.09375 0.041474654377880185
0 0.8159722222222222 0.6666666666666666 0.0625 0.027649769585253454
0 0.8854166666666666 0.6167434715821812 0.0625 0.0445468509984639
0 0.8055555555555555 0.6267281105990783 0.09027777777777778 0.04608294930875576
0 0.90625 0.5307219662058372 0.09027777777777778 0.029185867895545316
0 0.8020833333333333 0.5360983102918587 0.10416666666666666 0.03686635944700461
0 0.7951388888888888 0.4815668202764977 0.08333333333333333 0.041474654377880185
0 0.7951388888888888 0.44239631336405527 0.06944444444444445 0.03379416282642089
0 0.875 0.4293394777265745 0.08333333333333333 0.03225806451612903
0 0.9027777777777777 0.38632872503840243 0.09027777777777778 0.03225806451612903
0 0.7760416666666666 0.391705069124424 0.07291666666666666 0.021505376344086023
0 0.8888888888888888 0.34485407066052226 0.08333333333333333 0.03225806451612903
0 0.7899305555555555 0.33640552995391704 0.10069444444444443 0.05222734254992319
0 0.7708333333333333 0.2849462365591398 0.09722222222222221 0.03840245775729647
0 0.8940972222222222 0.2980030721966206 0.06597222222222222 0.04608294930875576
0 0.8871527777777777 0.25499231950844853 0.07291666666666666 0.03379416282642089
0 0.7916666666666666 0.2457757296466974 0.06944444444444445 0.030721966205837174
0 0.7760416666666666 0.18970814132104455 0.08680555555555555 0.03533026113671275
0 0.8940972222222222 0.19047619047619047 0.08680555555555555 0.039938556067588324
0 0.78125 0.1443932411674347 0.09027777777777778 0.043010752688172046
0 0.8472222222222222 0.041474654377880185 0.08333333333333333 0.027649769585253454
0 0.876736111111111 0.07680491551459294 0.08680555555555555 0.039938556067588324
0 0.10243055555555555 0.9132104454685099 0.059027777777777776 0.016897081413210446