0 0.8465447154471546 0.921875 0.05081300813008131 0.03125
0 0.8434959349593497 0.5223214285714285 0.04878048780487805 0.02976190476190476
0 0.9217479674796749 0.49032738095238093 0.0467479674796748 0.043154761904761904
0 0.926829268292683 0.28125 0.04471544715447155 0.02976190476190476
0 0.8577235772357724 0.21949404761904762 0.04878048780487805 0.02827380952380952
0 0.9207317073170733 0.24851190476190474 0.04471544715447155 0.03273809523809523
0 0.910569105691057 0.17336309523809523 0.03658536585365854 0.03422619047619047
0 0.91869918699187 0.0818452380952381 0.04878048780487805 0.03869047619047619
0 0.8577235772357724 0.08705357142857142 0.04065040650406505 0.03720238095238095
0 0.4654471544715448 0.08556547619047619 0.04065040650406505 0.02827380952380952
0 0.4623983739837399 0.125 0.03861788617886179 0.020833333333333332
0 0.5426829268292683 0.12276785714285714 0.05691056910569106 0.03720238095238095
0 0.5365853658536586 0.17261904761904762 0.052845528455284556 0.047619047619047616
0 0.4573170731707318 0.15401785714285712 0.04471544715447155 0.025297619047619048
0 0.46443089430894313 0.23511904761904762 0.0467479674796748 0.023809523809523808
0 0.5335365853658537 0.21651785714285712 0.06300813008130082 0.03422619047619047
0 0.5304878048780488 0.25148809523809523 0.032520325203252036 0.011904761904761904
0 0.5284552845528456 0.290922619047619 0.052845528455284556 0.03422619047619047
0 0.4502032520325204 0.3325892857142857 0.05081300813008131 0.040178571428571425
0 0.4542682926829269 0.3727678571428571 0.0467479674796748 0.03422619047619047
0 0.5396341463414634 0.33854166666666663 0.0467479674796748 0.03125
0 0.5416666666666667 0.38913690476190477 0.034552845528455285 0.03422619047619047
0 0.5528455284552846 0.43898809523809523 0.052845528455284556 0.03273809523809523
0 0.46138211382113825 0.49627976190476186 0.02845528455284553 0.03125
0 0.5254065040650407 0.519345238095238 0.042682926829268296 0.03869047619047619
0 0.4623983739837399 0.5885416666666666 0.042682926829268296 0.03720238095238095
0 0.535569105691057 0.6123511904761905 0.03861788617886179 0.03422619047619047
0 0.4542682926829269 0.6703869047619048 0.0467479674796748 0.03422619047619047
0 0.5335365853658537 0.7120535714285714 0.05487804878048781 0.03720238095238095
0 0.451219512195122 0.7738095238095237 0.04065040650406505 0.03571428571428571
0 0.524390243902439 0.9166666666666666 0.032520325203252036 0.041666666666666664
0 0.45325203252032525 0.9702380952380952 0.04471544715447155 0.03571428571428571
0 0.10162601626016261 0.8802083333333333 0.06097560975609757 0.043154761904761904
0 0.09552845528455285 0.8348214285714285 0.05691056910569106 0.03571428571428571
0 0.1554878048780488 0.7872023809523809 0.0467479674796748 0.02976190476190476
0 0.10060975609756098 0.784970238095238 0.0467479674796748 0.03125
0 0.1595528455284553 0.7410714285714285 0.05081300813008131 0.04464285714285714
0 0.09654471544715448 0.7455357142857142 0.030487804878048783 0.023809523809523808
0 0.16056910569105692 0.6882440476190476 0.06097560975609757 0.02827380952380952
0 0.08333333333333334 0.6517857142857143 0.04471544715447155 0.03869047619047619
0 0.1595528455284553 0.609375 0.03861788617886179 0.03422619047619047
0 0.16463414634146342 0.5647321428571428 0.05691056910569106 0.040178571428571425
0 0.0894308943089431 0.5558035714285714 0.06504065040650407 0.043154761904761904
0 0.16666666666666669 0.5111607142857143 0.06504065040650407 0.040178571428571425
0 0.10569105691056911 0.5171130952380952 0.052845528455284556 0.03422619047619047
0 0.1046747967479675 0.47098214285714285 0.05081300813008131 0.040178571428571425
0 0.1676829268292683 0.462797619047619 0.05081300813008131 0.03571428571428571
0 0.16869918699186995 0.3802083333333333 0.06097560975609757 0.03125
0 0.17073170731707318 0.328125 0.05691056910569106 0.040178571428571425
0 0.10772357723577237 0.3727678571428571 0.024390243902439025 0.02232142857142857
0 0.1046747967479675 0.4211309523809524 0.026422764227642278 0.011904761904761904
0 0.11077235772357724 0.32440476190476186 0.030487804878048783 0.017857142857142856
0 0.10975609756097562 0.2738095238095238 0.03658536585365854 0.02976190476190476
0 0.17479674796747968 0.17336309523809523 0.06910569105691057 0.043154761904761904
0 0.19410569105691058 0.13095238095238093 0.05081300813008131 0.02976190476190476
0 0.12093495934959352 0.1324404761904762 0.05894308943089432 0.03273809523809523
0 0.1819105691056911 0.09375 0.05894308943089432 0.03571428571428571
0 0.19004065040650409 0.03422619047619047 0.07113821138211383 0.041666666666666664