0 0.375 0.09742120343839542 0.21153846153846156 0.07449856733524356
0 0.6586538461538461 0.09169054441260745 0.1826923076923077 0.07449856733524356
0 0.6682692307692308 0.1819484240687679 0.125 0.025787965616045846
0 0.6298076923076923 0.27363896848137537 0.22115384615384617 0.0830945558739255
0 0.37980769230769235 0.34097421203438394 0.08653846153846154 0.028653295128939826
0 0.34615384615384615 0.4670487106017192 0.21153846153846156 0.045845272206303724
0 0.32211538461538464 0.5716332378223495 0.1826923076923077 0.06017191977077364
0 0.5961538461538461 0.5673352435530086 0.25 0.05157593123209169
0 0.2980769230769231 0.663323782234957 0.25 0.0659025787965616
0 0.639423076923077 0.6561604584527221 0.25961538461538464 0.07449856733524356
0 0.5865384615384616 0.7707736389684814 0.25 0.05730659025787965
0 0.3701923076923077 0.8438395415472779 0.2403846153846154 0.06017191977077364
0 0.27884615384615385 0.9255014326647564 0.21153846153846156 0.06876790830945559
0 0.5721153846153847 0.9212034383954154 0.2403846153846154 0.07163323782234957