0 0.3577586206896552 0.04444444444444444 0.19827586206896552 0.038518518518518514
0 0.7370689655172413 0.047407407407407405 0.23275862068965517 0.035555555555555556
0 0.3793103448275862 0.08148148148148147 0.24137931034482757 0.029629629629629627
0 0.7758620689655172 0.08444444444444445 0.15517241379310345 0.026666666666666665
0 0.4051724137931034 0.11555555555555555 0.22413793103448276 0.035555555555555556
0 0.7025862068965517 0.1259259259259259 0.11206896551724138 0.023703703703703703
0 0.3232758620689655 0.1562962962962963 0.2672413793103448 0.04
0 0.7068965517241379 0.16074074074074074 0.1724137931034483 0.03407407407407407
0 0.3275862068965517 0.20074074074074072 0.24137931034482757 0.037037037037037035
0 0.646551724137931 0.20074074074074072 0.25862068965517243 0.03407407407407407
0 0.3922413793103448 0.2577777777777778 0.23275862068965517 0.04444444444444444
0 0.7068965517241379 0.2518518518518518 0.24137931034482757 0.03259259259259259
0 0.6594827586206896 0.2992592592592592 0.21551724137931033 0.03259259259259259
0 0.41810344827586204 0.34074074074074073 0.23275862068965517 0.02074074074074074
0 0.6982758620689655 0.34148148148148144 0.24137931034482757 0.04
0 0.3706896551724138 0.39037037037037037 0.24137931034482757 0.04296296296296296
0 0.6293103448275862 0.39555555555555555 0.22413793103448276 0.03259259259259259
0 0.34913793103448276 0.4451851851851852 0.21551724137931033 0.03407407407407407
0 0.6206896551724138 0.4444444444444444 0.1724137931034483 0.029629629629629627
0 0.3793103448275862 0.4918518518518518 0.3103448275862069 0.035555555555555556
0 0.6379310344827586 0.4888888888888889 0.1724137931034483 0.026666666666666665
0 0.34913793103448276 0.5511111111111111 0.1810344827586207 0.038518518518518514
0 0.36637931034482757 0.5903703703703703 0.21551724137931033 0.03407407407407407
0 0.646551724137931 0.5525925925925925 0.1896551724137931 0.038518518518518514
0 0.33620689655172414 0.654074074074074 0.27586206896551724 0.03111111111111111
0 0.3448275862068966 0.757037037037037 0.22413793103448276 0.05037037037037037
0 0.646551724137931 0.7637037037037037 0.22413793103448276 0.037037037037037035
0 0.6120689655172413 0.8088888888888889 0.12068965517241378 0.03259259259259259
0 0.3275862068965517 0.8651851851851852 0.22413793103448276 0.04148148148148148
0 0.5732758620689655 0.9081481481481481 0.21551724137931033 0.05037037037037037
0 0.29310344827586204 0.9214814814814815 0.22413793103448276 0.04444444444444444
0 0.3189655172413793 0.9607407407407407 0.1896551724137931 0.025185185185185185
0 0.5344827586206896 0.9592592592592593 0.1896551724137931 0.04