0 0.4198473282442748 0.8970149253731343 0.16793893129770993 0.0746268656716418
0 0.38167938931297707 0.817910447761194 0.13740458015267176 0.05970149253731343
0 0.6106870229007634 0.8059701492537313 0.07633587786259542 0.029850746268656716
0 0.6221374045801527 0.7074626865671642 0.16030534351145037 0.05970149253731343
0 0.3931297709923664 0.7223880597014926 0.17557251908396945 0.07164179104477612
0 0.36259541984732824 0.6507462686567165 0.16030534351145037 0.04776119402985075
0 0.5572519083969465 0.6447761194029851 0.07633587786259542 0.023880597014925373
0 0.5801526717557252 0.5373134328358209 0.183206106870229 0.07761194029850746
0 0.416030534351145 0.5253731343283582 0.1450381679389313 0.04776119402985075
0 0.38549618320610685 0.4552238805970149 0.17557251908396945 0.056716417910447764
0 0.6259541984732824 0.4492537313432836 0.12213740458015267 0.0746268656716418
0 0.6297709923664122 0.36716417910447763 0.1297709923664122 0.04776119402985075
0 0.34351145038167935 0.3611940298507463 0.061068702290076333 0.01791044776119403
0 0.3778625954198473 0.29402985074626864 0.1450381679389313 0.06865671641791045
0 0.6984732824427481 0.2985074626865672 0.16030534351145037 0.05970149253731343
0 0.6717557251908397 0.2 0.13740458015267176 0.07761194029850746
0 0.34732824427480913 0.21044776119402986 0.17557251908396945 0.0626865671641791
0 0.366412213740458 0.11492537313432837 0.10687022900763359 0.03880597014925373
0 0.6145038167938931 0.11641791044776119 0.16030534351145037 0.041791044776119404