0 0.17518248175182483 0.9186390532544378 0.08029197080291971 0.0621301775147929
0 0.09854014598540145 0.9275147928994083 0.06569343065693431 0.0621301775147929
0 0.1897810218978102 0.8387573964497042 0.08759124087591241 0.0621301775147929
0 0.19160583941605838 0.742603550295858 0.06934306569343066 0.047337278106508875
0 0.12591240875912407 0.7514792899408284 0.06204379562043796 0.07692307692307693
0 0.10218978102189781 0.6671597633136095 0.072992700729927 0.056213017751479286
0 0.1897810218978102 0.6479289940828402 0.021897810218978103 0.023668639053254437
0 0.12226277372262773 0.5695266272189349 0.09854014598540145 0.056213017751479286
0 0.22080291970802918 0.5606508875739645 0.09124087591240876 0.06804733727810651
0 0.10583941605839416 0.4718934911242603 0.058394160583941604 0.05029585798816568
0 0.20255474452554745 0.46893491124260356 0.08394160583941605 0.06804733727810651
0 0.20437956204379562 0.3624260355029586 0.051094890510948905 0.06804733727810651
0 0.10036496350364964 0.3683431952662722 0.06204379562043796 0.04437869822485207
0 0.11861313868613138 0.2544378698224852 0.06204379562043796 0.0650887573964497
0 0.09124087591240876 0.16420118343195267 0.058394160583941604 0.07396449704142012
0 0.19160583941605838 0.16715976331360946 0.040145985401459854 0.0621301775147929
0 0.7773722627737226 0.060650887573964495 0.072992700729927 0.0621301775147929
0 0.7554744525547445 0.22337278106508876 0.08029197080291971 0.0621301775147929
0 0.7299270072992701 0.2958579881656805 0.0948905109489051 0.0650887573964497
0 0.8905109489051095 0.22781065088757396 0.072992700729927 0.07100591715976332
0 0.8613138686131386 0.2943786982248521 0.06569343065693431 0.0621301775147929
0 0.7627737226277372 0.3816568047337278 0.072992700729927 0.047337278106508875
0 0.8686131386861313 0.40384615384615385 0.06569343065693431 0.06804733727810651
0 0.8667883211678832 0.5044378698224852 0.04744525547445255 0.07396449704142012
0 0.7463503649635036 0.4615384615384615 0.09124087591240876 0.07692307692307693
0 0.7591240875912408 0.5369822485207101 0.058394160583941604 0.0621301775147929
0 0.8667883211678832 0.5843195266272189 0.08394160583941605 0.04437869822485207
0 0.7718978102189781 0.6242603550295858 0.05474452554744525 0.05325443786982249
0 0.7554744525547445 0.7071005917159763 0.072992700729927 0.08284023668639053
0 0.8576642335766423 0.7159763313609467 0.06569343065693431 0.05917159763313609
0 0.7445255474452555 0.7884615384615384 0.072992700729927 0.056213017751479286
0 0.7591240875912408 0.8683431952662721 0.08759124087591241 0.06804733727810651
0 0.8722627737226277 0.7988165680473372 0.06569343065693431 0.0650887573964497
0 0.8576642335766423 0.8594674556213018 0.051094890510948905 0.038461538461538464