0 0.10810810810810811 0.07680945347119646 0.0945945945945946 0.03545051698670606
0 0.2567567567567568 0.07754800590841951 0.11486486486486487 0.03692762186115214
0 0.26351351351351354 0.11742983751846382 0.0945945945945946 0.03692762186115214
0 0.24324324324324326 0.1587887740029542 0.0945945945945946 0.04283604135893649
0 0.24662162162162163 0.2031019202363368 0.0945945945945946 0.033973412112259974
0 0.0945945945945946 0.20531757754800592 0.10135135135135136 0.047267355982274745
0 0.2364864864864865 0.24889217134416544 0.10135135135135136 0.03692762186115214
0 0.09797297297297297 0.2651403249630724 0.05405405405405406 0.0310192023633678
0 0.11148648648648649 0.3116691285081241 0.10135135135135136 0.03840472673559823
0 0.23986486486486489 0.28877400295420974 0.07432432432432433 0.03988183161004431
0 0.2347972972972973 0.33456425406203844 0.10472972972972974 0.03988183161004431
0 0.08614864864864866 0.39660265878877404 0.09797297297297297 0.04283604135893649
0 0.23141891891891894 0.4357459379615953 0.09797297297297297 0.041358936484490405
0 0.10641891891891893 0.4734121122599705 0.09797297297297297 0.03692762186115214
0 0.23817567567567569 0.4771048744460857 0.09121621621621623 0.03545051698670606
0 0.21283783783783786 0.5384047267355982 0.06756756756756757 0.03988183161004431
0 0.13513513513513514 0.5701624815361891 0.07432432432432433 0.03840472673559823
0 0.22972972972972974 0.6144756277695717 0.08783783783783784 0.047267355982274745
0 0.10472972972972974 0.7355982274741507 0.07432432432432433 0.041358936484490405
0 0.2533783783783784 0.774002954209749 0.07432432432432433 0.029542097488921715
0 0.22466216216216217 0.8293943870014772 0.09121621621621623 0.04283604135893649
0 0.11486486486486487 0.8714918759231906 0.08783783783783784 0.041358936484490405
0 0.24324324324324326 0.877400295420975 0.07432432432432433 0.03249630723781389
0 0.08783783783783784 0.9313146233382571 0.08108108108108109 0.03988183161004431
0 0.7601351351351352 0.09527326440177253 0.08108108108108109 0.033973412112259974
0 0.7280405405405406 0.1329394387001477 0.0641891891891892 0.03545051698670606
0 0.847972972972973 0.12998522895125555 0.0472972972972973 0.020679468242245203
0 0.8496621621621622 0.16026587887740032 0.09121621621621623 0.03692762186115214
0 0.7331081081081081 0.16912850812407682 0.08783783783783784 0.0310192023633678
0 0.7483108108108109 0.2555391432791728 0.09797297297297297 0.044313146233382575
0 0.8496621621621622 0.257754800590842 0.07094594594594594 0.033973412112259974
0 0.8378378378378379 0.29394387001477107 0.06756756756756757 0.03249630723781389
0 0.7584459459459459 0.31462333825701627 0.07094594594594594 0.03840472673559823
0 0.75 0.3559822747415067 0.08783783783783784 0.03545051698670606
0 0.8412162162162162 0.35376661742983756 0.08783783783783784 0.03988183161004431
0 0.8462837837837839 0.40251107828655835 0.08445945945945946 0.03988183161004431
0 0.7449324324324325 0.45199409158050224 0.08445945945945946 0.029542097488921715
0 0.8496621621621622 0.45420974889217136 0.09121621621621623 0.03988183161004431
0 0.7179054054054055 0.48670605612998524 0.0641891891891892 0.033973412112259974
0 0.7618243243243243 0.5088626292466766 0.0641891891891892 0.033973412112259974
0 0.847972972972973 0.5 0.060810810810810814 0.02806499261447563
0 0.7297297297297298 0.5443131462333826 0.10810810810810811 0.033973412112259974
0 0.8327702702702703 0.5553914327917282 0.07770270270270271 0.03840472673559823
0 0.7533783783783784 0.5886262924667652 0.08108108108108109 0.033973412112259974
0 0.8412162162162162 0.5989660265878878 0.07432432432432433 0.03692762186115214
0 0.8378378378378379 0.6403249630723782 0.08783783783783784 0.0310192023633678
0 0.7516891891891893 0.7363367799113738 0.07770270270270271 0.03692762186115214
0 0.8412162162162162 0.7333825701624815 0.0945945945945946 0.03692762186115214
0 0.7584459459459459 0.7784342688330872 0.0641891891891892 0.026587887740029542
0 0.8277027027027027 0.7769571639586411 0.06756756756756757 0.044313146233382575
0 0.7381756756756758 0.8257016248153619 0.07770270270270271 0.03840472673559823
0 0.8243243243243243 0.8279172821270311 0.08108108108108109 0.054652880354505176
0 0.7415540540540541 0.877400295420975 0.10472972972972974 0.03840472673559823
0 0.7550675675675677 0.964549483013294 0.08445945945945946 0.03545051698670606
0 0.7381756756756758 0.9246676514032497 0.05067567567567568 0.03249630723781389
0 0.8091216216216217 0.9194977843426884 0.08445945945945946 0.03692762186115214