0 0.30201342281879195 0.9115983026874116 0.10738255033557047 0.04667609618104668
0 0.15436241610738255 0.8953323903818954 0.0738255033557047 0.03111739745403112
0 0.1593959731543624 0.8415841584158417 0.09731543624161074 0.042432814710042434
0 0.2751677852348993 0.8323903818953324 0.09395973154362416 0.04667609618104668
0 0.26174496644295303 0.7857142857142857 0.08053691275167785 0.03253182461103253
0 0.16442953020134227 0.78995756718529 0.0738255033557047 0.03818953323903819
0 0.13926174496644295 0.7531824611032532 0.11073825503355704 0.029702970297029705
0 0.28523489932885904 0.7446958981612447 0.087248322147651 0.03818953323903819
0 0.1442953020134228 0.7107496463932108 0.09395973154362416 0.03536067892503536
0 0.26677852348993286 0.7008486562942009 0.09060402684563758 0.03536067892503536
0 0.2802013422818792 0.6591230551626591 0.08389261744966443 0.039603960396039604
0 0.28187919463087246 0.6117397454031117 0.10738255033557047 0.04384724186704385
0 0.28691275167785235 0.5664780763790664 0.1040268456375839 0.03818953323903819
0 0.2902684563758389 0.5311173974540311 0.08389261744966443 0.021216407355021217
0 0.31543624161073824 0.4893917963224894 0.10738255033557047 0.039603960396039604
0 0.14093959731543623 0.6654879773691655 0.11409395973154363 0.04950495049504951
0 0.1610738255033557 0.5127298444130127 0.087248322147651 0.03536067892503536
0 0.15436241610738255 0.5650636492220651 0.09395973154362416 0.060820367751060825
0 0.1610738255033557 0.6181046676096181 0.09395973154362416 0.039603960396039604
0 0.313758389261745 0.4384724186704385 0.09731543624161074 0.036775106082036775
0 0.31040268456375836 0.4002828854314003 0.08389261744966443 0.033946251768033946
0 0.3271812080536913 0.35997171145685997 0.09731543624161074 0.04384724186704385
0 0.17281879194630873 0.38472418670438474 0.09060402684563758 0.042432814710042434
0 0.1593959731543624 0.3493635077793494 0.09060402684563758 0.02545968882602546
0 0.17785234899328858 0.3012729844413013 0.087248322147651 0.039603960396039604
0 0.17114093959731544 0.25954738330975957 0.09395973154362416 0.04101838755304102
0 0.33053691275167785 0.2142857142857143 0.050335570469798654 0.021216407355021217
0 0.3338926174496644 0.157001414427157 0.09060402684563758 0.039603960396039604
0 0.313758389261745 0.11456859971711457 0.07718120805369127 0.036775106082036775
0 0.337248322147651 0.07213578500707214 0.09060402684563758 0.036775106082036775
0 0.17114093959731544 0.06435643564356436 0.09395973154362416 0.03818953323903819
0 0.18120805369127516 0.11315417256011316 0.10738255033557047 0.033946251768033946
0 0.19630872483221476 0.14992927864214994 0.09731543624161074 0.036775106082036775
0 0.16946308724832215 0.18741159830268742 0.09060402684563758 0.03536067892503536
0 0.16275167785234898 0.22135785007072137 0.09060402684563758 0.029702970297029705
0 0.7718120805369127 0.9222065063649222 0.08053691275167785 0.03111739745403112
0 0.8557046979865771 0.9222065063649222 0.087248322147651 0.02828854314002829
0 0.8708053691275167 0.8719943422913721 0.07718120805369127 0.03818953323903819
0 0.7835570469798657 0.8719943422913721 0.08389261744966443 0.029702970297029705
0 0.7751677852348993 0.8182461103253182 0.087248322147651 0.03818953323903819
0 0.8406040268456376 0.7715700141442716 0.07046979865771812 0.029702970297029705
0 0.761744966442953 0.7736916548797738 0.053691275167785234 0.02263083451202263
0 0.7734899328859061 0.7248939179632249 0.07046979865771812 0.03536067892503536
0 0.7701342281879194 0.6852899575671854 0.05704697986577181 0.029702970297029705
0 0.7818791946308725 0.6336633663366337 0.09395973154362416 0.033946251768033946
0 0.8640939597315436 0.5813295615275813 0.07718120805369127 0.02828854314002829
0 0.7785234899328859 0.5452616690240453 0.087248322147651 0.03536067892503536
0 0.860738255033557 0.5438472418670439 0.07046979865771812 0.03818953323903819
0 0.8708053691275167 0.4900990099009901 0.08389261744966443 0.03253182461103253
0 0.7667785234899329 0.49222065063649223 0.08389261744966443 0.03111739745403112
0 0.7885906040268457 0.44554455445544555 0.087248322147651 0.036775106082036775
0 0.8825503355704698 0.4476661951909477 0.060402684563758385 0.029702970297029705
0 0.8825503355704698 0.3925035360678925 0.0738255033557047 0.029702970297029705
0 0.7701342281879194 0.3995756718528996 0.12416107382550336 0.03253182461103253
0 0.7869127516778524 0.3493635077793494 0.07046979865771812 0.033946251768033946
0 0.87248322147651 0.342998585572843 0.08053691275167785 0.04384724186704385
0 0.8003355704697986 0.3097595473833098 0.07046979865771812 0.02545968882602546
0 0.8758389261744967 0.3069306930693069 0.0738255033557047 0.02263083451202263
0 0.8070469798657718 0.2722772277227723 0.07046979865771812 0.03253182461103253
0 0.802013422818792 0.22630834512022632 0.08053691275167785 0.033946251768033946
0 0.8221476510067114 0.1845827439886846 0.08053691275167785 0.029702970297029705
0 0.9026845637583892 0.1852899575671853 0.0738255033557047 0.02545968882602546
0 0.9043624161073825 0.1485148514851485 0.07046979865771812 0.03111739745403112
0 0.825503355704698 0.1463932107496464 0.060402684563758385 0.04384724186704385
0 0.8942953020134228 0.10608203677510608 0.07718120805369127 0.03111739745403112
0 0.8204697986577181 0.06294200848656295 0.07718120805369127 0.03253182461103253
0 0.860738255033557 0.7998585572842999 0.050335570469798654 0.021216407355021217
0 0.33221476510067116 0.260961810466761 0.10067114093959731 0.026874115983026876