0 0.6401869158878504 0.9072327044025158 0.21495327102803738 0.059748427672955975
0 0.3037383177570093 0.89937106918239 0.19626168224299065 0.08176100628930819
0 0.3130841121495327 0.8081761006289309 0.19626168224299065 0.06289308176100629
0 0.5887850467289719 0.8081761006289309 0.16822429906542055 0.05660377358490566
0 0.6635514018691588 0.7012578616352202 0.18691588785046728 0.06918238993710692
0 0.6261682242990654 0.5581761006289309 0.18691588785046728 0.03459119496855346
0 0.6121495327102803 0.6163522012578617 0.12149532710280372 0.031446540880503145
0 0.6542056074766355 0.4811320754716981 0.11214953271028036 0.025157232704402517
0 0.3037383177570093 0.5110062893081762 0.23364485981308408 0.05345911949685535
0 0.2523364485981308 0.4638364779874214 0.14953271028037382 0.05345911949685535
0 0.6028037383177569 0.37106918238993714 0.19626168224299065 0.06289308176100629
0 0.5841121495327103 0.16194968553459121 0.1588785046728972 0.04088050314465409
0 0.308411214953271 0.08176100628930819 0.14953271028037382 0.05660377358490566