0 0.8277027027027027 0.9597615499254843 0.08108108108108109 0.038748137108792845
0 0.7533783783783784 0.9552906110283159 0.060810810810810814 0.03576751117734724
0 0.8209459459459459 0.8584202682563338 0.07432432432432433 0.03576751117734724
0 0.7398648648648649 0.856929955290611 0.060810810810810814 0.029806259314456036
0 0.7246621621621622 0.815946348733234 0.08445945945945946 0.03427719821162444
0 0.8192567567567568 0.8055141579731744 0.057432432432432436 0.03427719821162444
0 0.7381756756756758 0.7615499254843517 0.07770270270270271 0.038748137108792845
0 0.7533783783783784 0.7183308494783904 0.07432432432432433 0.03576751117734724
0 0.722972972972973 0.6140089418777943 0.06756756756756757 0.044709388971684055
0 0.8682432432432433 0.5230998509687034 0.06756756756756757 0.03278688524590164
0 0.7804054054054055 0.5134128166915052 0.07432432432432433 0.03129657228017884
0 0.7905405405405406 0.47764530551415796 0.05405405405405406 0.037257824143070044
0 0.8614864864864865 0.4731743666169896 0.06756756756756757 0.03129657228017884
0 0.8631756756756758 0.44411326378539495 0.05067567567567568 0.01788375558867362
0 0.7719594594594595 0.37853949329359166 0.08445945945945946 0.029806259314456036
0 0.7770270270270271 0.4113263785394933 0.08108108108108109 0.020864381520119227
0 0.8631756756756758 0.4128166915052161 0.057432432432432436 0.020864381520119227
0 0.8868243243243243 0.37928464977645304 0.08445945945945946 0.03129657228017884
0 0.8716216216216217 0.3405365126676602 0.07432432432432433 0.03129657228017884
0 0.7871621621621622 0.30029806259314457 0.060810810810810814 0.037257824143070044
0 0.8918918918918919 0.29508196721311475 0.08783783783783784 0.02384500745156483
0 0.7719594594594595 0.2540983606557377 0.09797297297297297 0.028315946348733235
0 0.875 0.2503725782414307 0.07432432432432433 0.03576751117734724
0 0.7753378378378378 0.19076005961251863 0.07770270270270271 0.02682563338301043
0 0.910472972972973 0.20119225037257824 0.07770270270270271 0.038748137108792845
0 0.9037162162162162 0.15424739195231 0.07094594594594594 0.037257824143070044
0 0.793918918918919 0.1512667660208644 0.0472972972972973 0.03129657228017884
0 0.2550675675675676 0.9008941877794336 0.08445945945945946 0.046199701937406856
0 0.14189189189189189 0.9143070044709389 0.08783783783783784 0.037257824143070044
0 0.26351351351351354 0.8561847988077497 0.07432432432432433 0.028315946348733235
0 0.14695945945945946 0.827123695976155 0.09121621621621623 0.038748137108792845
0 0.15202702702702703 0.7846497764530551 0.08108108108108109 0.03129657228017884
0 0.27533783783783783 0.7704918032786885 0.09121621621621623 0.03576751117734724
0 0.05912162162162163 0.7697466467958272 0.0641891891891892 0.02533532041728763
0 0.15033783783783786 0.7317436661698957 0.07094594594594594 0.03576751117734724
0 0.2685810810810811 0.7220566318926974 0.0641891891891892 0.040238450074515646
0 0.2685810810810811 0.6788375558867362 0.08445945945945946 0.03427719821162444
0 0.13344594594594594 0.6810730253353204 0.07770270270270271 0.03576751117734724
0 0.16385135135135137 0.6363636363636364 0.07094594594594594 0.02384500745156483
0 0.26013513513513514 0.6341281669150521 0.05405405405405406 0.03129657228017884
0 0.2702702702702703 0.587183308494784 0.08783783783783784 0.03278688524590164
0 0.14695945945945946 0.5983606557377049 0.030405405405405407 0.019374068554396422
0 0.15033783783783786 0.5380029806259314 0.07770270270270271 0.029806259314456036
0 0.3175675675675676 0.5625931445603577 0.04054054054054054 0.02533532041728763
0 0.2668918918918919 0.5342771982116244 0.08108108108108109 0.02533532041728763
0 0.15202702702702703 0.4947839046199702 0.08108108108108109 0.029806259314456036
0 0.28716216216216217 0.49254843517138597 0.08783783783783784 0.043219076005961254
0 0.3006756756756757 0.4485842026825633 0.06756756756756757 0.038748137108792845
0 0.16385135135135137 0.36736214605067063 0.0641891891891892 0.037257824143070044
0 0.16722972972972974 0.4105812220566319 0.04391891891891892 0.019374068554396422
0 0.2364864864864865 0.4143070044709389 0.033783783783783786 0.011922503725782414
0 0.30743243243243246 0.3137108792846498 0.08783783783783784 0.037257824143070044
0 0.17567567567567569 0.23845007451564829 0.08108108108108109 0.041728763040238454
0 0.31081081081081086 0.2660208643815201 0.11486486486486487 0.028315946348733235
0 0.3158783783783784 0.22876304023845007 0.07770270270270271 0.03427719821162444
0 0.18074324324324326 0.19076005961251863 0.057432432432432436 0.020864381520119227
0 0.3125 0.18032786885245902 0.07094594594594594 0.038748137108792845
0 0.3293918918918919 0.13412816691505217 0.07770270270270271 0.029806259314456036
0 0.18412162162162163 0.10655737704918032 0.057432432432432436 0.028315946348733235
0 0.1875 0.05216095380029806 0.09121621621621623 0.038748137108792845
0 0.3192567567567568 0.05812220566318927 0.07094594594594594 0.02682563338301043
0 0.32094594594594594 0.09314456035767511 0.08783783783783784 0.037257824143070044