0 0.8330134357005757 0.9451476793248945 0.04990403071017274 0.030942334739803096
0 0.7706333973128598 0.9345991561181435 0.044145873320537425 0.026722925457102673
0 0.7792706333973128 0.8727144866385372 0.046065259117082535 0.035161744022503515
0 0.8541266794625719 0.8354430379746836 0.046065259117082535 0.03375527426160338
0 0.7783109404990403 0.819971870604782 0.04798464491362764 0.02812939521800281
0 0.8608445297504799 0.7819971870604782 0.036468330134357005 0.02812939521800281
0 0.783109404990403 0.7756680731364276 0.046065259117082535 0.01828410689170183
0 0.7869481765834933 0.739803094233474 0.046065259117082535 0.03938115330520394
0 0.8522072936660269 0.7390998593530239 0.0345489443378119 0.029535864978902954
0 0.8675623800383877 0.7046413502109705 0.0345489443378119 0.030942334739803096
0 0.7811900191938579 0.6835443037974683 0.04222648752399232 0.03656821378340366
0 0.8531669865642993 0.6469760900140648 0.05566218809980806 0.03375527426160338
0 0.7879078694817658 0.6392405063291139 0.04030710172744722 0.035161744022503515
0 0.7946257197696737 0.5942334739803095 0.046065259117082535 0.029535864978902954
0 0.873320537428023 0.6047819971870605 0.046065259117082535 0.02812939521800281
0 0.8570057581573896 0.5555555555555556 0.044145873320537425 0.03656821378340366
0 0.8618042226487523 0.5210970464135021 0.030710172744721688 0.026722925457102673
0 0.7859884836852207 0.530239099859353 0.051823416506717845 0.030942334739803096
0 0.791746641074856 0.4676511954992968 0.04798464491362764 0.03234880450070324
0 0.8771593090211132 0.4711673699015471 0.03838771593090211 0.02812939521800281
0 0.7802303262955854 0.42334739803094235 0.044145873320537425 0.03938115330520394
0 0.8752399232245681 0.42053445850914206 0.046065259117082535 0.02812939521800281
0 0.8531669865642993 0.3748241912798875 0.036468330134357005 0.035161744022503515
0 0.7879078694817658 0.369901547116737 0.03262955854126679 0.03375527426160338
0 0.7907869481765835 0.3319268635724332 0.03838771593090211 0.02812939521800281
0 0.8714011516314779 0.32208157524613223 0.046065259117082535 0.02812939521800281
0 0.7975047984644913 0.28270042194092826 0.04030710172744722 0.03375527426160338
0 0.7898272552783109 0.22573839662447256 0.04798464491362764 0.029535864978902954
0 0.8781190019193857 0.23417721518987342 0.05566218809980806 0.035161744022503515
0 0.881957773512476 0.1828410689170183 0.051823416506717845 0.030942334739803096
0 0.800383877159309 0.1877637130801688 0.046065259117082535 0.026722925457102673
0 0.8915547024952015 0.14345991561181434 0.044145873320537425 0.02812939521800281
0 0.8905950095969289 0.0949367088607595 0.053742802303262956 0.035161744022503515
0 0.8138195777351247 0.09212376933895922 0.046065259117082535 0.029535864978902954
0 0.45393474088291746 0.10337552742616034 0.04798464491362764 0.029535864978902954
0 0.45009596928982726 0.139943741209564 0.04030710172744722 0.035161744022503515
0 0.5249520153550864 0.12658227848101267 0.044145873320537425 0.02812939521800281
0 0.5268714011516314 0.16666666666666666 0.04030710172744722 0.03234880450070324
0 0.4529750479846449 0.17651195499296765 0.04990403071017274 0.03234880450070324
0 0.47024952015355087 0.20745428973277075 0.0345489443378119 0.026722925457102673
0 0.5201535508637236 0.22011251758087202 0.04990403071017274 0.029535864978902954
0 0.45201535508637236 0.24542897327707455 0.044145873320537425 0.023909985935302393
0 0.5124760076775432 0.26722925457102675 0.046065259117082535 0.030942334739803096
0 0.4529750479846449 0.2876230661040788 0.053742802303262956 0.03234880450070324
0 0.510556621880998 0.3030942334739803 0.046065259117082535 0.03234880450070324
0 0.44817658349328215 0.3368495077355837 0.044145873320537425 0.029535864978902954
0 0.501919385796545 0.350210970464135 0.04798464491362764 0.02812939521800281
0 0.44145873320537427 0.37341772151898733 0.04222648752399232 0.03234880450070324
0 0.519193857965451 0.3924050632911392 0.04798464491362764 0.03656821378340366
0 0.5047984644913628 0.4388185654008439 0.046065259117082535 0.030942334739803096
0 0.5057581573896353 0.48241912798874825 0.04030710172744722 0.03375527426160338
0 0.5067178502879078 0.5344585091420535 0.04222648752399232 0.03375527426160338
0 0.43953934740882916 0.5520393811533052 0.03838771593090211 0.0379746835443038
0 0.43378119001919385 0.5970464135021097 0.026871401151631478 0.012658227848101266
0 0.49040307101727443 0.6272855133614628 0.051823416506717845 0.02531645569620253
0 0.4328214971209213 0.6336146272855133 0.04030710172744722 0.035161744022503515
0 0.43570057581573896 0.6736990154711674 0.046065259117082535 0.030942334739803096
0 0.49040307101727443 0.7180028129395218 0.044145873320537425 0.03234880450070324
0 0.4932821497120921 0.7637130801687764 0.046065259117082535 0.030942334739803096
0 0.42898272552783107 0.7580872011251758 0.044145873320537425 0.030942334739803096
0 0.4347408829174664 0.7946554149085795 0.044145873320537425 0.030942334739803096
0 0.491362763915547 0.8016877637130801 0.04222648752399232 0.03375527426160338
0 0.4894433781190019 0.8846694796061885 0.046065259117082535 0.02812939521800281
0 0.43378119001919385 0.8952180028129395 0.046065259117082535 0.029535864978902954
0 0.42706333973128596 0.8516174402250352 0.051823416506717845 0.04078762306610408
0 0.13147792706333972 0.9149085794655415 0.04030710172744722 0.023909985935302393
0 0.08829174664107485 0.8684950773558369 0.030710172744721688 0.023909985935302393
0 0.0892514395393474 0.9078762306610408 0.02495201535508637 0.009845288326300985
0 0.15547024952015354 0.8762306610407876 0.046065259117082535 0.02531645569620253
0 0.15067178502879078 0.8305203938115331 0.02879078694817658 0.02109704641350211
0 0.0911708253358925 0.8347398030942335 0.02495201535508637 0.012658227848101266
0 0.08829174664107485 0.8143459915611815 0.026871401151631478 0.014064697609001406
0 0.16026871401151632 0.779887482419128 0.044145873320537425 0.02109704641350211
0 0.08829174664107485 0.7756680731364276 0.030710172744721688 0.029535864978902954
0 0.14971209213051823 0.7348804500703235 0.053742802303262956 0.023909985935302393
0 0.10268714011516314 0.729957805907173 0.03262955854126679 0.02531645569620253
0 0.10652591170825336 0.6983122362869199 0.02879078694817658 0.015471167369901548
0 0.09692898272552783 0.6533052039381153 0.04030710172744722 0.035161744022503515
0 0.10940499040307101 0.6082981715893109 0.0345489443378119 0.029535864978902954
0 0.15930902111324374 0.5970464135021097 0.03838771593090211 0.03234880450070324
0 0.17562380038387715 0.5569620253164557 0.04798464491362764 0.01687763713080169
0 0.118042226487524 0.559071729957806 0.02495201535508637 0.023909985935302393
0 0.10844529750479846 0.5126582278481012 0.036468330134357005 0.029535864978902954
0 0.16698656429942418 0.4746835443037975 0.04990403071017274 0.023909985935302393
0 0.12284069097888675 0.4746835443037975 0.023032629558541268 0.012658227848101266
0 0.1218809980806142 0.42616033755274263 0.04030710172744722 0.02812939521800281
0 0.17370441458733205 0.43319268635724334 0.044145873320537425 0.02812939521800281
0 0.18426103646833014 0.389592123769339 0.046065259117082535 0.02812939521800281
0 0.12092130518234165 0.3839662447257384 0.030710172744721688 0.02250351617440225
0 0.17754318618042225 0.3333333333333333 0.044145873320537425 0.030942334739803096
0 0.1765834932821497 0.30028129395218 0.03838771593090211 0.029535864978902954
0 0.12476007677543186 0.29957805907172996 0.030710172744721688 0.02250351617440225
0 0.1238003838771593 0.2468354430379747 0.044145873320537425 0.026722925457102673
0 0.1871401151631478 0.24824191279887484 0.036468330134357005 0.03234880450070324
0 0.1785028790786948 0.20042194092827004 0.03838771593090211 0.029535864978902954
0 0.118042226487524 0.19831223628691982 0.03262955854126679 0.014064697609001406
0 0.18618042226487524 0.1518987341772152 0.046065259117082535 0.030942334739803096
0 0.1708253358925144 0.10759493670886076 0.046065259117082535 0.026722925457102673
0 0.11132437619961612 0.10267229254571027 0.030710172744721688 0.02250351617440225
0 0.10556621880998081 0.05414908579465542 0.046065259117082535 0.035161744022503515
0 0.17946257197696736 0.052742616033755275 0.04798464491362764 0.03234880450070324