0 0.508130081300813 0.9075520833333333 0.17073170731707318 0.04427083333333333
0 0.5365853658536586 0.8528645833333333 0.13008130081300814 0.0546875
0 0.47967479674796754 0.7682291666666666 0.14634146341463417 0.03645833333333333
0 0.5406504065040652 0.7044270833333333 0.17073170731707318 0.0546875
0 0.3008130081300813 0.7044270833333333 0.0813008130081301 0.04427083333333333
0 0.5447154471544716 0.546875 0.14634146341463417 0.05208333333333333
0 0.30487804878048785 0.5481770833333333 0.10569105691056911 0.0703125
0 0.2886178861788618 0.46354166666666663 0.17073170731707318 0.057291666666666664
0 0.5731707317073171 0.38151041666666663 0.15447154471544716 0.0546875
0 0.2723577235772358 0.38151041666666663 0.10569105691056911 0.049479166666666664
0 0.2682926829268293 0.3098958333333333 0.14634146341463417 0.041666666666666664
0 0.524390243902439 0.30078125 0.1869918699186992 0.04427083333333333
0 0.524390243902439 0.19270833333333331 0.12195121951219513 0.046875
0 0.2804878048780488 0.20963541666666666 0.15447154471544716 0.033854166666666664