0 0.27604166666666663 0.06219312602291326 0.19791666666666666 0.03927986906710311
0 0.7916666666666666 0.06219312602291326 0.22916666666666666 0.0458265139116203
0 0.6927083333333333 0.16693944353518822 0.17708333333333331 0.03600654664484452
0 0.35416666666666663 0.220949263502455 0.25 0.0458265139116203
0 0.6875 0.22176759410801966 0.20833333333333331 0.02127659574468085
0 0.40104166666666663 0.27168576104746317 0.19791666666666666 0.03600654664484452
0 0.6927083333333333 0.33060556464811786 0.26041666666666663 0.03600654664484452
0 0.6614583333333333 0.44108019639934537 0.3020833333333333 0.03436988543371522
0 0.40104166666666663 0.337152209492635 0.15625 0.019639934533551555
0 0.6979166666666666 0.5294599018003273 0.16666666666666666 0.02127659574468085
0 0.32291666666666663 0.5409165302782324 0.25 0.03436988543371522
0 0.375 0.5793780687397709 0.1875 0.02618657937806874
0 0.6354166666666666 0.5793780687397709 0.1875 0.0425531914893617
0 0.6510416666666666 0.6636661211129297 0.15625 0.014729950900163666
0 0.35416666666666663 0.662847790507365 0.10416666666666666 0.016366612111292964
0 0.609375 0.6890343698854338 0.15625 0.01309328968903437
0 0.3645833333333333 0.6972176759410802 0.20833333333333331 0.016366612111292964
0 0.6614583333333333 0.7193126022913258 0.28125 0.03764320785597382
0 0.6041666666666666 0.7733224222585925 0.22916666666666666 0.03436988543371522
0 0.34375 0.7708674304418985 0.25 0.03927986906710311
0 0.5208333333333333 0.8273322422258593 0.125 0.014729950900163666
0 0.5052083333333333 0.9296235679214403 0.3020833333333333 0.04909983633387889