0 0.8703703703703703 0.12011173184357542 0.0707070707070707 0.0670391061452514
0 0.8737373737373737 0.19832402234636873 0.07744107744107744 0.06145251396648045
0 0.867003367003367 0.3016759776536313 0.07744107744107744 0.0558659217877095
0 0.8686868686868686 0.37988826815642457 0.0808080808080808 0.0558659217877095
0 0.8754208754208754 0.4650837988826816 0.07407407407407407 0.05865921787709497
0 0.8855218855218855 0.5307262569832403 0.0606060606060606 0.0446927374301676
0 0.7878787878787878 0.5377094972067039 0.07407407407407407 0.030726256983240226
0 0.7895622895622896 0.6047486033519553 0.09764309764309764 0.06424581005586592
0 0.7845117845117845 0.6787709497206704 0.0606060606060606 0.0558659217877095
0 0.872053872053872 0.6717877094972067 0.06734006734006734 0.05307262569832402
0 0.8888888888888888 0.7360335195530726 0.07407407407407407 0.05307262569832402
0 0.8838383838383838 0.7988826815642458 0.08417508417508417 0.0446927374301676
0 0.8686868686868686 0.86731843575419 0.08754208754208753 0.07541899441340782
0 0.7760942760942761 0.8701117318435755 0.037037037037037035 0.05307262569832402
0 0.17676767676767677 0.9008379888268156 0.050505050505050504 0.06983240223463687
0 0.10774410774410774 0.8784916201117319 0.0808080808080808 0.06424581005586592
0 0.12962962962962962 0.7360335195530726 0.07744107744107744 0.07541899441340782
0 0.11447811447811447 0.6536312849162011 0.08754208754208753 0.06145251396648045
0 0.20033670033670034 0.6550279329608939 0.07744107744107744 0.05865921787709497
0 0.20033670033670034 0.5684357541899442 0.1111111111111111 0.08100558659217877
0 0.11616161616161616 0.5754189944134078 0.057239057239057235 0.06145251396648045
0 0.19528619528619529 0.4930167597765363 0.0808080808080808 0.06424581005586592
0 0.19360269360269358 0.40083798882681565 0.07744107744107744 0.06424581005586592
0 0.09764309764309764 0.4064245810055866 0.08754208754208753 0.04748603351955307
0 0.09764309764309764 0.329608938547486 0.06734006734006734 0.06145251396648045
0 0.2138047138047138 0.3254189944134078 0.08417508417508417 0.06983240223463687
0 0.20707070707070707 0.2276536312849162 0.09090909090909091 0.06424581005586592