0 0.2831541218637993 0.9475982532751093 0.07885304659498207 0.034934497816593885
0 0.13261648745519714 0.8529839883551674 0.07885304659498207 0.029112081513828242
0 0.8888888888888888 0.9068413391557497 0.0931899641577061 0.029112081513828242
0 0.8136200716845878 0.8588064046579331 0.06451612903225806 0.034934497816593885
0 0.8064516129032258 0.8129548762736536 0.05734767025089606 0.024745269286754003
0 0.2867383512544803 0.7481804949053857 0.06451612903225806 0.029112081513828242
0 0.2670250896057348 0.6986899563318778 0.07526881720430108 0.03202328966521106
0 0.14695340501792115 0.7911208151382825 0.043010752688172046 0.018922852983988356
0 0.2831541218637993 0.6470160116448327 0.06451612903225806 0.033478893740902474
0 0.14516129032258066 0.6419213973799127 0.1039426523297491 0.03784570596797671
0 0.31899641577060933 0.5334788937409025 0.07168458781362007 0.039301310043668124
0 0.12724014336917563 0.5633187772925764 0.08960573476702509 0.029112081513828242
0 0.14336917562724014 0.5931586608442504 0.043010752688172046 0.024745269286754003
0 0.14157706093189965 0.5131004366812227 0.07526881720430108 0.030567685589519653
0 0.1111111111111111 0.46870451237263466 0.07885304659498207 0.03202328966521106
0 0.12007168458781362 0.42721979621542944 0.08243727598566308 0.027656477438136828
0 0.3118279569892473 0.4344978165938865 0.07885304659498207 0.030567685589519653
0 0.32974910394265233 0.3988355167394469 0.08602150537634409 0.03202328966521106
0 0.12544802867383512 0.38136826783114997 0.07885304659498207 0.03202328966521106
0 0.14874551971326164 0.339155749636099 0.08243727598566308 0.03202328966521106
0 0.12724014336917563 0.3042212518195051 0.06093189964157706 0.020378457059679767
0 0.12544802867383512 0.25691411935953423 0.07168458781362007 0.030567685589519653
0 0.35304659498207885 0.1812227074235808 0.053763440860215055 0.02183406113537118
0 0.13978494623655913 0.16521106259097526 0.07168458781362007 0.033478893740902474
0 0.36379928315412186 0.14119359534206696 0.08960573476702509 0.034934497816593885
0 0.37992831541218636 0.10189228529839885 0.08602150537634409 0.03784570596797671
0 0.16308243727598568 0.06259097525473072 0.08960573476702509 0.029112081513828242
0 0.16129032258064516 0.0975254730713246 0.1003584229390681 0.03202328966521106
0 0.15232974910394265 0.12882096069868995 0.08243727598566308 0.018922852983988356
0 0.8028673835125448 0.7663755458515285 0.0931899641577061 0.027656477438136828
0 0.910394265232975 0.7627365356622999 0.08602150537634409 0.03784570596797671
0 0.8082437275985663 0.7205240174672489 0.0967741935483871 0.029112081513828242
0 0.9229390681003584 0.7016011644832606 0.08243727598566308 0.029112081513828242
0 0.8118279569892473 0.6077147016011645 0.08960573476702509 0.030567685589519653
0 0.8189964157706093 0.5611353711790393 0.08960573476702509 0.04512372634643377
0 0.9247311827956989 0.5640465793304221 0.08602150537634409 0.027656477438136828
0 0.9336917562724014 0.5145560407569142 0.08243727598566308 0.0363901018922853
0 0.8225806451612904 0.46870451237263466 0.06810035842293907 0.026200873362445417
0 0.9301075268817204 0.4708879184861718 0.08243727598566308 0.0363901018922853
0 0.8494623655913979 0.4235807860262009 0.08602150537634409 0.03784570596797671
0 0.946236559139785 0.41921397379912667 0.06451612903225806 0.026200873362445417
0 0.9480286738351255 0.3770014556040757 0.06093189964157706 0.034934497816593885
0 0.8637992831541219 0.3748180494905386 0.08602150537634409 0.030567685589519653
0 0.8387096774193549 0.3420669577874818 0.08602150537634409 0.03202328966521106
0 0.9336917562724014 0.3005822416302766 0.053763440860215055 0.024745269286754003
0 0.942652329749104 0.26055312954876275 0.08602150537634409 0.029112081513828242
0 0.8602150537634409 0.21397379912663755 0.07885304659498207 0.026200873362445417
0 0.8835125448028673 0.17248908296943233 0.08243727598566308 0.033478893740902474
0 0.8584229390681004 0.12809315866084425 0.08243727598566308 0.034934497816593885
0 0.9408602150537635 0.0967976710334789 0.06093189964157706 0.030567685589519653