0 0.867109634551495 0.9093406593406594 0.07308970099667775 0.06593406593406594
0 0.7292358803986712 0.9093406593406594 0.07641196013289037 0.08791208791208792
0 0.7225913621262459 0.8173076923076924 0.06312292358803986 0.0631868131868132
0 0.8637873754152824 0.8296703296703297 0.08637873754152824 0.06593406593406594
0 0.8820598006644519 0.7500000000000001 0.029900332225913623 0.04395604395604396
0 0.7325581395348837 0.7348901098901099 0.06976744186046512 0.0631868131868132
0 0.8870431893687708 0.6565934065934066 0.0664451827242525 0.05494505494505495
0 0.7159468438538206 0.6442307692307693 0.07641196013289037 0.06868131868131869
0 0.7242524916943521 0.5576923076923077 0.07973421926910298 0.06043956043956045
0 0.7491694352159468 0.4793956043956044 0.08305647840531562 0.06868131868131869
0 0.739202657807309 0.38873626373626374 0.07641196013289037 0.0631868131868132
0 0.867109634551495 0.30219780219780223 0.07308970099667775 0.06043956043956045
0 0.7425249169435216 0.29120879120879123 0.06312292358803986 0.049450549450549455
0 0.7292358803986712 0.21016483516483517 0.06312292358803986 0.0521978021978022
0 0.8770764119601329 0.20054945054945056 0.0664451827242525 0.06593406593406594
0 0.7325581395348837 0.09615384615384616 0.06312292358803986 0.038461538461538464
0 0.09966777408637874 0.8214285714285715 0.09302325581395349 0.06043956043956045
0 0.2425249169435216 0.7458791208791209 0.07973421926910298 0.07417582417582418
0 0.132890365448505 0.7513736263736265 0.053156146179401995 0.0521978021978022
0 0.10465116279069768 0.6840659340659341 0.04983388704318937 0.049450549450549455
0 0.22591362126245848 0.5673076923076924 0.07308970099667775 0.057692307692307696
0 0.10631229235880399 0.4972527472527473 0.0664451827242525 0.06043956043956045
0 0.20930232558139536 0.4024725274725275 0.07308970099667775 0.046703296703296704
0 0.1079734219269103 0.41483516483516486 0.06976744186046512 0.05494505494505495
0 0.09136212624584718 0.33791208791208793 0.06976744186046512 0.06043956043956045
0 0.22259136212624586 0.3186813186813187 0.08637873754152824 0.07142857142857144
0 0.09302325581395349 0.1936813186813187 0.07973421926910298 0.07417582417582418
0 0.21760797342192692 0.21840659340659344 0.05647840531561462 0.057692307692307696
0 0.21096345514950166 0.15934065934065936 0.06976744186046512 0.049450549450549455
0 0.22259136212624586 0.0837912087912088 0.07973421926910298 0.057692307692307696
0 0.09634551495016612 0.10576923076923078 0.0664451827242525 0.057692307692307696