0 0.23062730627306272 0.9278273809523809 0.055350553505535055 0.03422619047619047
0 0.12361623616236161 0.9263392857142857 0.07749077490774907 0.03125
0 0.2564575645756457 0.8824404761904762 0.055350553505535055 0.03571428571428571
0 0.23431734317343172 0.8467261904761905 0.07749077490774907 0.023809523809523808
0 0.24907749077490773 0.7938988095238095 0.07749077490774907 0.02827380952380952
0 0.26199261992619927 0.7046130952380952 0.09594095940959409 0.025297619047619048
0 0.28044280442804426 0.5647321428571428 0.06642066420664207 0.03422619047619047
0 0.27675276752767525 0.48586309523809523 0.07380073800738007 0.03125
0 0.14760147601476015 0.4732142857142857 0.05904059040590406 0.020833333333333332
0 0.29335793357933576 0.4516369047619047 0.07011070110701106 0.02232142857142857
0 0.2785977859778598 0.40104166666666663 0.07011070110701106 0.02827380952380952
0 0.12915129151291513 0.3883928571428571 0.07380073800738007 0.026785714285714284
0 0.2822878228782288 0.3489583333333333 0.06273062730627306 0.025297619047619048
0 0.3062730627306273 0.29985119047619047 0.07380073800738007 0.03125
0 0.16051660516605165 0.29910714285714285 0.07011070110701106 0.03273809523809523
0 0.16974169741697417 0.25297619047619047 0.08118081180811808 0.02976190476190476
0 0.3062730627306273 0.2552083333333333 0.07380073800738007 0.040178571428571425
0 0.28044280442804426 0.20238095238095238 0.07380073800738007 0.03273809523809523
0 0.16420664206642066 0.16741071428571427 0.047970479704797044 0.02232142857142857
0 0.2859778597785978 0.1450892857142857 0.1070110701107011 0.03422619047619047
0 0.17158671586715868 0.11755952380952381 0.04059040590405904 0.023809523809523808
0 0.27121771217712176 0.10342261904761904 0.04059040590405904 0.016369047619047616
0 0.8136531365313653 0.8697916666666666 0.07011070110701106 0.043154761904761904
0 0.8579335793357933 0.8236607142857142 0.0996309963099631 0.04613095238095238
0 0.8616236162361623 0.7797619047619048 0.06273062730627306 0.03273809523809523
0 0.7933579335793358 0.7261904761904762 0.05904059040590406 0.026785714285714284
0 0.8892988929889298 0.6674107142857143 0.11070110701107011 0.043154761904761904
0 0.8007380073800737 0.6264880952380952 0.08118081180811808 0.03869047619047619
0 0.8948339483394834 0.6220238095238095 0.09225092250922509 0.03571428571428571
0 0.8929889298892989 0.5788690476190476 0.1033210332103321 0.03273809523809523
0 0.7915129151291512 0.5811011904761905 0.09225092250922509 0.03125
0 0.7933579335793358 0.47172619047619047 0.08856088560885608 0.03869047619047619
0 0.8745387453874538 0.4724702380952381 0.06642066420664207 0.043154761904761904
0 0.8800738007380073 0.42485119047619047 0.07011070110701106 0.03125
0 0.8062730627306273 0.41741071428571425 0.07011070110701106 0.03422619047619047
0 0.8726937269372693 0.3273809523809524 0.0996309963099631 0.04464285714285714
0 0.7804428044280443 0.3802083333333333 0.047970479704797044 0.02232142857142857
0 0.8708487084870848 0.38169642857142855 0.11808118081180811 0.04613095238095238
0 0.7988929889298892 0.28422619047619047 0.07749077490774907 0.03869047619047619
0 0.7952029520295203 0.22916666666666666 0.08487084870848709 0.04464285714285714
0 0.8819188191881918 0.16964285714285712 0.05166051660516605 0.03571428571428571
0 0.7952029520295203 0.16964285714285712 0.1070110701107011 0.047619047619047616
0 0.8837638376383764 0.23214285714285712 0.07011070110701106 0.047619047619047616
0 0.8892988929889298 0.07589285714285714 0.07380073800738007 0.03571428571428571
0 0.7933579335793358 0.07738095238095238 0.09594095940959409 0.041666666666666664