0 0.40384615384615385 0.09857142857142857 0.17307692307692307 0.04857142857142857
0 0.7307692307692308 0.21571428571428572 0.09615384615384616 0.025714285714285714
0 0.7163461538461539 0.30714285714285716 0.1826923076923077 0.06
0 0.375 0.2985714285714286 0.19230769230769232 0.04857142857142857
0 0.7307692307692308 0.41285714285714287 0.17307692307692307 0.06571428571428571
0 0.375 0.4857142857142857 0.19230769230769232 0.06285714285714286
0 0.37980769230769235 0.5942857142857143 0.25961538461538464 0.05142857142857143
0 0.3125 0.67 0.20192307692307693 0.06571428571428571
0 0.7355769230769231 0.61 0.125 0.04857142857142857
0 0.6442307692307693 0.6814285714285714 0.13461538461538464 0.037142857142857144
0 0.6971153846153847 0.7828571428571428 0.1826923076923077 0.045714285714285714
0 0.701923076923077 0.8614285714285714 0.23076923076923078 0.04857142857142857
0 0.6586538461538461 0.9457142857142857 0.22115384615384617 0.06857142857142857
0 0.38461538461538464 0.8685714285714285 0.13461538461538464 0.08