0 0.20598006644518274 0.9085545722713864 0.07308970099667775 0.058997050147492625
0 0.1079734219269103 0.8967551622418879 0.05647840531561462 0.029498525073746312
0 0.132890365448505 0.8348082595870207 0.059800664451827246 0.05309734513274336
0 0.20930232558139536 0.8141592920353982 0.0664451827242525 0.05309734513274336
0 0.20598006644518274 0.7374631268436578 0.07973421926910298 0.058997050147492625
0 0.09966777408637874 0.5501474926253688 0.046511627906976744 0.038348082595870206
0 0.21096345514950166 0.4469026548672566 0.07641196013289037 0.05014749262536873
0 0.14451827242524917 0.36283185840707965 0.06312292358803986 0.06489675516224189
0 0.12458471760797342 0.1873156342182891 0.07641196013289037 0.038348082595870206
0 0.25249169435215946 0.19911504424778761 0.059800664451827246 0.05604719764011799
0 0.24086378737541528 0.10029498525073746 0.04983388704318937 0.05309734513274336
0 0.7342192691029901 0.08112094395280237 0.07973421926910298 0.06784660766961652
0 0.8637873754152824 0.16666666666666666 0.07308970099667775 0.06784660766961652
0 0.8621262458471761 0.24926253687315633 0.08970099667774087 0.05604719764011799
0 0.8438538205980066 0.3141592920353982 0.07973421926910298 0.06784660766961652
0 0.7491694352159468 0.308259587020649 0.06976744186046512 0.06784660766961652
0 0.7441860465116279 0.41297935103244837 0.053156146179401995 0.058997050147492625
0 0.8355481727574751 0.415929203539823 0.04983388704318937 0.04129793510324484
0 0.7408637873754153 0.5663716814159292 0.07973421926910298 0.0471976401179941
0 0.8554817275747508 0.588495575221239 0.08970099667774087 0.07374631268436578
0 0.8504983388704319 0.6666666666666666 0.08637873754152824 0.07079646017699115
0 0.7558139534883721 0.6533923303834808 0.08305647840531562 0.06784660766961652
0 0.7292358803986712 0.7418879056047197 0.06976744186046512 0.07374631268436578
0 0.8654485049833888 0.8082595870206489 0.08305647840531562 0.07669616519174041