0 0.8604240282685512 0.9539877300613497 0.0812720848056537 0.03680981595092025
0 0.773851590106007 0.9601226993865031 0.09187279151943463 0.03067484662576687
0 0.7862190812720848 0.9095092024539877 0.09540636042402827 0.04294478527607362
0 0.7632508833922261 0.8604294478527608 0.07773851590106007 0.03680981595092025
0 0.7614840989399293 0.808282208588957 0.09540636042402827 0.03987730061349693
0 0.8621908127208481 0.8190184049079755 0.08480565371024734 0.03680981595092025
0 0.8551236749116607 0.7645705521472392 0.08480565371024734 0.04141104294478528
0 0.8480565371024735 0.7131901840490797 0.08480565371024734 0.03374233128834356
0 0.8639575971731449 0.6119631901840491 0.07420494699646643 0.03680981595092025
0 0.765017667844523 0.5621165644171779 0.0812720848056537 0.026073619631901843
0 0.8692579505300353 0.5559815950920246 0.0636042402826855 0.0352760736196319
0 0.784452296819788 0.5107361963190185 0.07773851590106007 0.03374233128834356
0 0.7809187279151943 0.46472392638036814 0.09187279151943463 0.03680981595092025
0 0.8780918727915195 0.4593558282208589 0.0812720848056537 0.04141104294478528
0 0.8833922261484098 0.40644171779141103 0.04946996466431095 0.02147239263803681
0 0.8745583038869258 0.35736196319018404 0.0812720848056537 0.03374233128834356
0 0.784452296819788 0.3029141104294479 0.07773851590106007 0.0352760736196319
0 0.773851590106007 0.33819018404907975 0.04946996466431095 0.01687116564417178
0 0.892226148409894 0.30598159509202455 0.07420494699646643 0.026073619631901843
0 0.8886925795053003 0.27223926380368096 0.08833922261484099 0.04141104294478528
0 0.8056537102473498 0.2668711656441718 0.0706713780918728 0.03067484662576687
0 0.901060070671378 0.21932515337423314 0.07773851590106007 0.03067484662576687
0 0.9098939929328622 0.174079754601227 0.07420494699646643 0.032208588957055216
0 0.7950530035335689 0.17254601226993865 0.0636042402826855 0.0352760736196319
0 0.9028268551236749 0.13190184049079756 0.0812720848056537 0.03680981595092025
0 0.773851590106007 0.11656441717791412 0.07773851590106007 0.046012269938650305
0 0.7879858657243816 0.06288343558282208 0.11307420494699646 0.03374233128834356
0 0.911660777385159 0.0789877300613497 0.09187279151943463 0.04754601226993865
0 0.12367491166077739 0.05828220858895706 0.08480565371024734 0.03680981595092025
0 0.127208480565371 0.1411042944785276 0.09187279151943463 0.04294478527607362
0 0.15017667844522967 0.18941717791411045 0.06007067137809187 0.032208588957055216
0 0.11307420494699646 0.2254601226993865 0.0706713780918728 0.03067484662576687
0 0.2791519434628975 0.20015337423312884 0.0706713780918728 0.0352760736196319
0 0.2791519434628975 0.24309815950920247 0.0706713780918728 0.04141104294478528
0 0.26325088339222613 0.2860429447852761 0.07420494699646643 0.0352760736196319
0 0.1166077738515901 0.3098159509202454 0.07773851590106007 0.03067484662576687
0 0.14664310954063603 0.36042944785276076 0.07420494699646643 0.027607361963190184
0 0.13427561837455831 0.41180981595092025 0.0706713780918728 0.026073619631901843
0 0.2791519434628975 0.4171779141104295 0.08480565371024734 0.03067484662576687
0 0.27385159010600707 0.38266871165644173 0.06713780918727916 0.0352760736196319
0 0.14664310954063603 0.5084355828220859 0.06713780918727916 0.03834355828220859
0 0.27385159010600707 0.5138036809815951 0.07420494699646643 0.046012269938650305
0 0.27385159010600707 0.5743865030674846 0.08833922261484099 0.0352760736196319
0 0.13074204946996465 0.6395705521472392 0.08480565371024734 0.03987730061349693
0 0.2597173144876325 0.6648773006134969 0.07420494699646643 0.03834355828220859
0 0.24911660777385158 0.7154907975460123 0.0812720848056537 0.0352760736196319
0 0.24381625441696111 0.7845092024539877 0.07773851590106007 0.0352760736196319
0 0.11130742049469965 0.6809815950920246 0.0812720848056537 0.03374233128834356
0 0.10954063604240283 0.7170245398773006 0.0636042402826855 0.0352760736196319
0 0.11307420494699646 0.7822085889570553 0.07773851590106007 0.03680981595092025
0 0.10070671378091872 0.8412576687116564 0.07420494699646643 0.032208588957055216
0 0.0989399293286219 0.8987730061349694 0.0706713780918728 0.024539877300613498