0 0.684640522875817 0.9361111111111111 0.06862745098039216 0.061111111111111116
0 0.8022875816993464 0.9416666666666667 0.06862745098039216 0.05555555555555556
0 0.6617647058823529 0.851388888888889 0.07516339869281045 0.05277777777777778
0 0.673202614379085 0.7583333333333334 0.0392156862745098 0.05
0 0.8071895424836601 0.6833333333333333 0.06535947712418301 0.061111111111111116
0 0.6633986928104575 0.6597222222222222 0.058823529411764705 0.058333333333333334
0 0.8202614379084967 0.5833333333333334 0.058823529411764705 0.05555555555555556
0 0.673202614379085 0.5694444444444444 0.06535947712418301 0.05
0 0.6879084967320261 0.48333333333333334 0.06862745098039216 0.05555555555555556
0 0.8382352941176471 0.48333333333333334 0.06209150326797386 0.05555555555555556
0 0.6830065359477124 0.3944444444444445 0.06535947712418301 0.05
0 0.684640522875817 0.3111111111111111 0.05555555555555556 0.05555555555555556
0 0.8251633986928105 0.31666666666666665 0.05555555555555556 0.03333333333333333
0 0.6895424836601307 0.20277777777777778 0.07189542483660132 0.05555555555555556
0 0.8284313725490197 0.20972222222222223 0.06209150326797386 0.05277777777777778
0 0.8349673202614379 0.13055555555555556 0.042483660130718956 0.044444444444444446
0 0.6830065359477124 0.11388888888888889 0.058823529411764705 0.03888888888888889
0 0.19934640522875818 0.1277777777777778 0.06535947712418301 0.05
0 0.18137254901960784 0.20277777777777778 0.06209150326797386 0.06666666666666667
0 0.05392156862745098 0.21805555555555556 0.042483660130718956 0.025
0 0.17320261437908496 0.28055555555555556 0.058823529411764705 0.05
0 0.16830065359477125 0.38333333333333336 0.05555555555555556 0.06666666666666667
0 0.07026143790849673 0.3652777777777778 0.06209150326797386 0.058333333333333334
0 0.19771241830065361 0.47222222222222227 0.06862745098039216 0.044444444444444446
0 0.1911764705882353 0.5555555555555556 0.07516339869281045 0.061111111111111116
0 0.19281045751633988 0.6152777777777778 0.07189542483660132 0.05277777777777778
0 0.06535947712418301 0.7722222222222223 0.0392156862745098 0.044444444444444446
0 0.08496732026143791 0.6236111111111111 0.058823529411764705 0.036111111111111115
0 0.07679738562091504 0.5569444444444445 0.06209150326797386 0.0638888888888889
0 0.06699346405228758 0.4708333333333333 0.05555555555555556 0.08055555555555556