0 0.6209677419354839 0.3154929577464789 0.12903225806451613 0.04507042253521127
0 0.4193548387096774 0.323943661971831 0.14516129032258063 0.033802816901408454
0 0.3629032258064516 0.4112676056338028 0.16129032258064516 0.07323943661971831
0 0.592741935483871 0.4746478873239437 0.18548387096774194 0.053521126760563385
0 0.3790322580645161 0.571830985915493 0.12903225806451613 0.04507042253521127
0 0.5725806451612903 0.652112676056338 0.14516129032258063 0.04788732394366198
0 0.5483870967741935 0.7380281690140845 0.16129032258064516 0.04507042253521127
0 0.407258064516129 0.7450704225352113 0.10483870967741934 0.04788732394366198
0 0.42338709677419356 0.819718309859155 0.13709677419354838 0.056338028169014086
0 0.5564516129032258 0.895774647887324 0.16129032258064516 0.03943661971830986
0 0.532258064516129 0.9619718309859155 0.14516129032258063 0.053521126760563385