0 0.8214285714285714 0.9043927648578812 0.05900621118012422 0.046511627906976744
0 0.7018633540372671 0.8940568475452196 0.07453416149068323 0.0516795865633075
0 0.6847826086956521 0.810077519379845 0.05900621118012422 0.03359173126614987
0 0.8245341614906831 0.8165374677002585 0.07763975155279502 0.056847545219638244
0 0.8245341614906831 0.727390180878553 0.07142857142857142 0.04909560723514212
0 0.8245341614906831 0.6291989664082688 0.06521739130434782 0.043927648578811374
0 0.8416149068322981 0.5503875968992248 0.049689440993788817 0.046511627906976744
0 0.7080745341614907 0.5568475452196383 0.037267080745341616 0.05943152454780362
0 0.686335403726708 0.6343669250645995 0.037267080745341616 0.03359173126614987
0 0.6940993788819876 0.4741602067183463 0.07142857142857142 0.03359173126614987
0 0.8524844720496894 0.39534883720930236 0.05900621118012422 0.056847545219638244
0 0.827639751552795 0.29328165374677007 0.06521739130434782 0.04909560723514212
0 0.6925465838509316 0.2997416020671835 0.049689440993788817 0.031007751937984496
0 0.6909937888198757 0.2248062015503876 0.05900621118012422 0.046511627906976744
0 0.8618012422360248 0.11757105943152456 0.05900621118012422 0.03875968992248062
0 0.6770186335403726 0.12532299741602068 0.05590062111801242 0.03875968992248062
0 0.6909937888198757 0.03359173126614987 0.05279503105590062 0.031007751937984496
0 0.20496894409937888 0.13953488372093023 0.05590062111801242 0.046511627906976744
0 0.22826086956521738 0.20930232558139536 0.06521739130434782 0.046511627906976744
0 0.12577639751552794 0.2532299741602067 0.06521739130434782 0.0516795865633075
0 0.23447204968944096 0.33204134366925064 0.06521739130434782 0.03359173126614987
0 0.13354037267080746 0.39922480620155043 0.049689440993788817 0.03359173126614987
0 0.22670807453416147 0.4625322997416021 0.037267080745341616 0.031007751937984496
0 0.12422360248447203 0.458656330749354 0.05590062111801242 0.03875968992248062
0 0.12111801242236024 0.5258397932816538 0.049689440993788817 0.03875968992248062
0 0.11024844720496893 0.5917312661498708 0.06521739130434782 0.0516795865633075
0 0.11801242236024843 0.6563307493540051 0.05590062111801242 0.046511627906976744
0 0.22826086956521738 0.5865633074935401 0.05279503105590062 0.03617571059431525
0 0.22826086956521738 0.6524547803617571 0.05279503105590062 0.05426356589147287
0 0.23447204968944096 0.2713178294573644 0.040372670807453416 0.02583979328165375
0 0.22204968944099376 0.7222222222222222 0.05900621118012422 0.043927648578811374
0 0.13043478260869565 0.8152454780361758 0.049689440993788817 0.03359173126614987
0 0.21583850931677018 0.7958656330749354 0.040372670807453416 0.031007751937984496