0 0.8872950819672132 0.8946969696969697 0.06147540983606558 0.04090909090909091
0 0.8780737704918034 0.8333333333333334 0.0430327868852459 0.03333333333333333
0 0.8288934426229508 0.8393939393939394 0.05532786885245902 0.030303030303030304
0 0.8862704918032788 0.7371212121212121 0.034836065573770496 0.02878787878787879
0 0.8227459016393444 0.728030303030303 0.04713114754098361 0.04393939393939394
0 0.8278688524590164 0.6727272727272727 0.05327868852459017 0.04242424242424243
0 0.8329918032786886 0.628030303030303 0.05122950819672131 0.03484848484848485
0 0.8247950819672132 0.575 0.04713114754098361 0.02878787878787879
0 0.9088114754098361 0.5818181818181818 0.05122950819672131 0.045454545454545456
0 0.903688524590164 0.5287878787878788 0.04918032786885246 0.04242424242424243
0 0.8247950819672132 0.5295454545454545 0.0430327868852459 0.03484848484848485
0 0.8237704918032788 0.4696969696969697 0.045081967213114756 0.030303030303030304
0 0.8954918032786886 0.4765151515151515 0.04918032786885246 0.04090909090909091
0 0.8975409836065574 0.4196969696969697 0.05327868852459017 0.04242424242424243
0 0.834016393442623 0.328030303030303 0.05327868852459017 0.04090909090909091
0 0.8985655737704918 0.3189393939393939 0.04713114754098361 0.03787878787878788
0 0.8924180327868853 0.2681818181818182 0.0430327868852459 0.03636363636363636
0 0.8995901639344263 0.21515151515151515 0.04918032786885246 0.03939393939393939
0 0.841188524590164 0.22424242424242424 0.022540983606557378 0.01818181818181818
0 0.8370901639344263 0.1765151515151515 0.0430327868852459 0.02878787878787879
0 0.9047131147540984 0.15984848484848485 0.04713114754098361 0.031818181818181815
0 0.834016393442623 0.1303030303030303 0.028688524590163935 0.012121212121212121
0 0.9016393442622951 0.1143939393939394 0.020491803278688527 0.016666666666666666
0 0.9057377049180328 0.06818181818181818 0.028688524590163935 0.015151515151515152
0 0.5194672131147541 0.06363636363636363 0.05532786885245902 0.03939393939393939
0 0.4487704918032787 0.06666666666666667 0.045081967213114756 0.03939393939393939
0 0.4364754098360656 0.11363636363636363 0.03278688524590164 0.02727272727272727
0 0.5399590163934427 0.21363636363636362 0.05532786885245902 0.03939393939393939
0 0.4528688524590164 0.27954545454545454 0.03278688524590164 0.031818181818181815
0 0.5317622950819673 0.33181818181818185 0.059426229508196725 0.03939393939393939
0 0.4672131147540984 0.3787878787878788 0.05327868852459017 0.03333333333333333
0 0.45799180327868855 0.41439393939393937 0.04713114754098361 0.03484848484848485
0 0.451844262295082 0.4856060606060606 0.04713114754098361 0.04090909090909091
0 0.5204918032786886 0.5128787878787878 0.045081967213114756 0.04090909090909091
0 0.45389344262295084 0.5484848484848485 0.04713114754098361 0.03636363636363636
0 0.5245901639344263 0.628030303030303 0.045081967213114756 0.04090909090909091
0 0.5286885245901639 0.6787878787878788 0.05327868852459017 0.03636363636363636
0 0.444672131147541 0.7310606060606061 0.05737704918032787 0.03787878787878788
0 0.5163934426229508 0.8666666666666667 0.04098360655737705 0.03939393939393939
0 0.4415983606557377 0.9174242424242425 0.05122950819672131 0.04090909090909091
0 0.13114754098360656 0.906060606060606 0.045081967213114756 0.03333333333333333
0 0.0778688524590164 0.9098484848484848 0.05327868852459017 0.03484848484848485
0 0.06864754098360656 0.8636363636363636 0.034836065573770496 0.03333333333333333
0 0.13012295081967215 0.8583333333333333 0.0430327868852459 0.03484848484848485
0 0.13114754098360656 0.8204545454545454 0.04918032786885246 0.03787878787878788
0 0.14549180327868852 0.7795454545454545 0.05327868852459017 0.03484848484848485
0 0.07581967213114754 0.6924242424242424 0.05737704918032787 0.02727272727272727
0 0.13319672131147542 0.6537878787878788 0.036885245901639344 0.019696969696969695
0 0.13422131147540983 0.6 0.0430327868852459 0.030303030303030304
0 0.08913934426229508 0.5901515151515152 0.0389344262295082 0.03484848484848485
0 0.1362704918032787 0.5060606060606061 0.04713114754098361 0.048484848484848485
0 0.08299180327868853 0.4946969696969697 0.0389344262295082 0.02878787878787879
0 0.0819672131147541 0.453030303030303 0.04098360655737705 0.030303030303030304
0 0.0932377049180328 0.39621212121212124 0.0430327868852459 0.03484848484848485
0 0.0860655737704918 0.3477272727272727 0.05327868852459017 0.031818181818181815
0 0.14651639344262296 0.26136363636363635 0.04713114754098361 0.03484848484848485
0 0.08709016393442623 0.21363636363636362 0.022540983606557378 0.02727272727272727
0 0.09426229508196722 0.17727272727272728 0.028688524590163935 0.01818181818181818
0 0.09631147540983608 0.14696969696969697 0.04918032786885246 0.02727272727272727
0 0.15471311475409838 0.1409090909090909 0.04713114754098361 0.03636363636363636
0 0.14856557377049182 0.10075757575757575 0.03073770491803279 0.025757575757575757
0 0.08913934426229508 0.10454545454545454 0.059426229508196725 0.03636363636363636
0 0.09528688524590165 0.06060606060606061 0.0430327868852459 0.030303030303030304