0 0.5275229357798166 0.9508448540706606 0.24770642201834864 0.03379416282642089
0 0.4954128440366973 0.8556067588325653 0.2018348623853211 0.03379416282642089
0 0.536697247706422 0.815668202764977 0.21100917431192662 0.039938556067588324
0 0.5412844036697249 0.7726574500768049 0.23853211009174313 0.043010752688172046
0 0.573394495412844 0.6589861751152074 0.24770642201834864 0.030721966205837174
0 0.30733944954128445 0.5806451612903226 0.24770642201834864 0.043010752688172046
0 0.6192660550458716 0.5153609831029186 0.1926605504587156 0.03840245775729647
0 0.2798165137614679 0.5192012288786483 0.30275229357798167 0.04915514592933948
0 0.30733944954128445 0.4738863287250384 0.26605504587155965 0.03840245775729647
0 0.6330275229357798 0.4685099846390169 0.23853211009174313 0.03379416282642089
0 0.29357798165137616 0.32334869431643626 0.2018348623853211 0.041474654377880185
0 0.536697247706422 0.19738863287250383 0.1743119266055046 0.03840245775729647
0 0.536697247706422 0.042242703533026116 0.21100917431192662 0.03840245775729647
0 0.24770642201834864 0.06912442396313365 0.1834862385321101 0.030721966205837174
0 0.27064220183486243 0.1098310291858679 0.24770642201834864 0.0445468509984639
0 0.2018348623853211 0.1490015360983103 0.12844036697247707 0.030721966205837174
0 0.5321100917431193 0.15668202764976957 0.14678899082568808 0.021505376344086023
0 0.3669724770642202 0.16436251920122888 0.14678899082568808 0.02457757296466974