0 0.8280922431865828 0.9422799422799423 0.04612159329140461 0.031746031746031744
0 0.819706498951782 0.8492063492063492 0.05450733752620546 0.027417027417027416
0 0.9014675052410902 0.8593073593073594 0.04612159329140461 0.024531024531024532
0 0.8280922431865828 0.797979797979798 0.04612159329140461 0.02886002886002886
0 0.8972746331236898 0.8015873015873016 0.041928721174004195 0.03607503607503607
0 0.8176100628930818 0.7388167388167388 0.041928721174004195 0.03463203463203463
0 0.9098532494758911 0.7445887445887446 0.050314465408805034 0.03463203463203463
0 0.9046121593291405 0.6868686868686869 0.039832285115303984 0.031746031746031744
0 0.8228511530398324 0.5909090909090909 0.052410901467505246 0.03318903318903319
0 0.8259958071278827 0.5440115440115441 0.05870020964360587 0.03751803751803752
0 0.9119496855345912 0.5353535353535354 0.033542976939203356 0.03463203463203463
0 0.9129979035639414 0.4797979797979798 0.04821802935010482 0.030303030303030304
0 0.9255765199161426 0.3354978354978355 0.05660377358490566 0.03318903318903319
0 0.8270440251572327 0.3347763347763348 0.03563941299790357 0.025974025974025976
0 0.8354297693920336 0.2813852813852814 0.060796645702306085 0.031746031746031744
0 0.9339622641509434 0.2741702741702742 0.023060796645702306 0.011544011544011544
0 0.9129979035639414 0.17243867243867245 0.04821802935010482 0.024531024531024532
0 0.9171907756813418 0.09379509379509379 0.04402515723270441 0.031746031746031744
0 0.8354297693920336 0.04329004329004329 0.052410901467505246 0.0404040404040404
0 0.5209643605870021 0.046897546897546896 0.04402515723270441 0.021645021645021644
0 0.4329140461215933 0.047619047619047616 0.052410901467505246 0.02886002886002886
0 0.43605870020964366 0.07864357864357864 0.041928721174004195 0.027417027417027416
0 0.5136268343815514 0.09379509379509379 0.050314465408805034 0.02886002886002886
0 0.43605870020964366 0.12265512265512266 0.04612159329140461 0.023088023088023088
0 0.5314465408805031 0.1406926406926407 0.04821802935010482 0.024531024531024532
0 0.44129979035639416 0.16233766233766234 0.04402515723270441 0.027417027417027416
0 0.5356394129979036 0.19696969696969696 0.04402515723270441 0.024531024531024532
0 0.5324947589098533 0.24891774891774893 0.041928721174004195 0.021645021645021644
0 0.4371069182389937 0.25252525252525254 0.039832285115303984 0.031746031746031744
0 0.4318658280922432 0.28643578643578643 0.03773584905660378 0.03318903318903319
0 0.5303983228511531 0.2907647907647908 0.06289308176100629 0.03318903318903319
0 0.5283018867924528 0.33261183261183264 0.033542976939203356 0.027417027417027416
0 0.4454926624737946 0.3708513708513709 0.02725366876310273 0.01443001443001443
0 0.4475890985324948 0.4134199134199134 0.04821802935010482 0.03318903318903319
0 0.5408805031446541 0.43217893217893216 0.04612159329140461 0.027417027417027416
0 0.44025157232704404 0.455988455988456 0.033542976939203356 0.025974025974025976
0 0.43501048218029353 0.49278499278499277 0.04821802935010482 0.030303030303030304
0 0.5440251572327044 0.4834054834054834 0.03563941299790357 0.031746031746031744
0 0.5314465408805031 0.538961038961039 0.04402515723270441 0.030303030303030304
0 0.43920335429769397 0.5418470418470418 0.052410901467505246 0.030303030303030304
0 0.43501048218029353 0.5966810966810967 0.04821802935010482 0.030303030303030304
0 0.5272536687631028 0.5873015873015873 0.052410901467505246 0.025974025974025976
0 0.5230607966457024 0.6262626262626263 0.052410901467505246 0.03463203463203463
0 0.43815513626834385 0.676046176046176 0.05450733752620546 0.030303030303030304
0 0.5157232704402516 0.6782106782106783 0.05450733752620546 0.025974025974025976
0 0.44025157232704404 0.7323232323232324 0.04612159329140461 0.024531024531024532
0 0.5167714884696017 0.7373737373737373 0.039832285115303984 0.023088023088023088
0 0.43605870020964366 0.7698412698412699 0.050314465408805034 0.03318903318903319
0 0.5230607966457024 0.7835497835497836 0.039832285115303984 0.031746031746031744
0 0.43605870020964366 0.823953823953824 0.04612159329140461 0.02886002886002886
0 0.44025157232704404 0.8679653679653679 0.041928721174004195 0.03896103896103896
0 0.5209643605870021 0.9134199134199135 0.03563941299790357 0.025974025974025976
0 0.4423480083857443 0.9184704184704184 0.050314465408805034 0.030303030303030304
0 0.11425576519916143 0.911976911976912 0.04821802935010482 0.023088023088023088
0 0.060796645702306085 0.9163059163059163 0.05450733752620546 0.025974025974025976
0 0.11530398322851154 0.873015873015873 0.04612159329140461 0.03751803751803752
0 0.051362683438155136 0.8787878787878788 0.039832285115303984 0.031746031746031744
0 0.0639412997903564 0.8311688311688312 0.060796645702306085 0.0404040404040404
0 0.0639412997903564 0.7965367965367965 0.04402515723270441 0.025974025974025976
0 0.1289308176100629 0.7647907647907648 0.04821802935010482 0.023088023088023088
0 0.05660377358490566 0.7633477633477633 0.05450733752620546 0.025974025974025976
0 0.051362683438155136 0.7236652236652237 0.052410901467505246 0.030303030303030304
0 0.12473794549266248 0.7323232323232324 0.03563941299790357 0.027417027417027416
0 0.14255765199161427 0.6948051948051948 0.04612159329140461 0.024531024531024532
0 0.04926624737945493 0.6919191919191919 0.039832285115303984 0.027417027417027416
0 0.13312368972746333 0.6428571428571429 0.03563941299790357 0.027417027417027416
0 0.07442348008385745 0.6443001443001443 0.04821802935010482 0.027417027417027416
0 0.07337526205450734 0.6067821067821068 0.041928721174004195 0.03318903318903319
0 0.13522012578616352 0.6031746031746031 0.04402515723270441 0.031746031746031744
0 0.13417190775681342 0.5541125541125541 0.05870020964360587 0.03463203463203463
0 0.06918238993710692 0.5555555555555556 0.06289308176100629 0.031746031746031744
0 0.05345911949685535 0.5144300144300145 0.04821802935010482 0.024531024531024532
0 0.06289308176100629 0.47763347763347763 0.050314465408805034 0.031746031746031744
0 0.13417190775681342 0.48124098124098125 0.041928721174004195 0.024531024531024532
0 0.15094339622641512 0.443001443001443 0.03773584905660378 0.023088023088023088
0 0.07756813417190776 0.4292929292929293 0.050314465408805034 0.027417027417027416
0 0.08385744234800839 0.39321789321789324 0.033542976939203356 0.021645021645021644
0 0.13731656184486374 0.39466089466089466 0.039832285115303984 0.027417027417027416
0 0.07442348008385745 0.3477633477633478 0.04402515723270441 0.031746031746031744
0 0.13836477987421383 0.3499278499278499 0.05450733752620546 0.027417027417027416
0 0.13417190775681342 0.31601731601731603 0.050314465408805034 0.03751803751803752
0 0.0849056603773585 0.27056277056277056 0.039832285115303984 0.03318903318903319
0 0.13626834381551364 0.2647907647907648 0.04612159329140461 0.030303030303030304
0 0.14779874213836477 0.22582972582972582 0.04402515723270441 0.027417027417027416
0 0.09224318658280922 0.22943722943722944 0.04612159329140461 0.02886002886002886
0 0.13731656184486374 0.17604617604617603 0.04821802935010482 0.0202020202020202
0 0.0849056603773585 0.18975468975468976 0.04402515723270441 0.03607503607503607
0 0.09329140461215933 0.13924963924963926 0.052410901467505246 0.030303030303030304
0 0.14570230607966458 0.1378066378066378 0.04821802935010482 0.024531024531024532