0 0.3069306930693069 0.9365325077399381 0.21782178217821782 0.07739938080495357
0 0.6188118811881188 0.8544891640866874 0.18811881188118812 0.06811145510835914
0 0.3118811881188119 0.7507739938080495 0.18811881188118812 0.05882352941176471
0 0.6237623762376238 0.738390092879257 0.15841584158415842 0.07739938080495357
0 0.38613861386138615 0.6424148606811146 0.21782178217821782 0.05882352941176471
0 0.594059405940594 0.6362229102167183 0.13861386138613863 0.052631578947368425
0 0.3118811881188119 0.5495356037151703 0.16831683168316833 0.05882352941176471
0 0.3415841584158416 0.45665634674922606 0.22772277227722773 0.07120743034055728
0 0.6485148514851485 0.4690402476780186 0.22772277227722773 0.06501547987616099
0 0.599009900990099 0.35913312693498456 0.22772277227722773 0.06811145510835914
0 0.34653465346534656 0.25851393188854493 0.1782178217821782 0.052631578947368425
0 0.6386138613861386 0.17647058823529413 0.22772277227722773 0.061919504643962855
0 0.26732673267326734 0.08668730650154799 0.27722772277227725 0.07430340557275542