0 0.7339743589743589 0.7138888888888889 0.04487179487179487 0.044444444444444446
0 0.828525641025641 0.7069444444444445 0.125 0.0638888888888889
0 0.8413461538461539 0.6166666666666667 0.04807692307692307 0.08333333333333334
0 0.7532051282051282 0.6152777777777778 0.05128205128205128 0.075
0 0.75 0.4388888888888889 0.03205128205128205 0.02777777777777778
0 0.8541666666666666 0.25833333333333336 0.08653846153846154 0.044444444444444446
0 0.7612179487179487 0.1736111111111111 0.08653846153846154 0.0638888888888889
0 0.8589743589743589 0.15694444444444444 0.07692307692307693 0.05277777777777778
0 0.8365384615384616 0.7583333333333334 0.05128205128205128 0.03333333333333333
0 0.23717948717948717 0.9333333333333333 0.09615384615384615 0.07222222222222223
0 0.13942307692307693 0.925 0.08653846153846154 0.05
0 0.2596153846153846 0.7791666666666667 0.0641025641025641 0.058333333333333334
0 0.20833333333333331 0.8597222222222223 0.04487179487179487 0.025
0 0.1330128205128205 0.8416666666666667 0.09935897435897435 0.07222222222222223
0 0.11378205128205128 0.7513888888888889 0.07371794871794872 0.09166666666666667
0 0.22115384615384615 0.5916666666666667 0.07051282051282051 0.061111111111111116
0 0.14583333333333331 0.5888888888888889 0.0673076923076923 0.07222222222222223
0 0.13141025641025642 0.5 0.07692307692307693 0.07777777777777778
0 0.22596153846153846 0.47361111111111115 0.041666666666666664 0.036111111111111115
0 0.13942307692307693 0.39722222222222225 0.08653846153846154 0.07222222222222223
0 0.22756410256410256 0.39583333333333337 0.07692307692307693 0.0638888888888889
0 0.2644230769230769 0.3138888888888889 0.05448717948717949 0.07777777777777778
0 0.24038461538461536 0.21944444444444444 0.07692307692307693 0.06666666666666667
0 0.1330128205128205 0.22222222222222224 0.08012820512820512 0.05555555555555556
0 0.22435897435897434 0.1388888888888889 0.07051282051282051 0.044444444444444446