0 0.6483050847457628 0.17101449275362318 0.1440677966101695 0.057971014492753624
0 0.6398305084745762 0.23478260869565218 0.1271186440677966 0.028985507246376812
0 0.3389830508474576 0.30144927536231886 0.1016949152542373 0.04057971014492753
0 0.3432203389830508 0.3681159420289855 0.16101694915254236 0.052173913043478265
0 0.5635593220338984 0.38115942028985506 0.16101694915254236 0.043478260869565216
0 0.3940677966101695 0.4565217391304348 0.17796610169491525 0.05507246376811594
0 0.5720338983050848 0.47391304347826085 0.16101694915254236 0.04927536231884058
0 0.5550847457627118 0.5681159420289855 0.16101694915254236 0.057971014492753624
0 0.5466101694915254 0.6376811594202899 0.2288135593220339 0.06376811594202898
0 0.5508474576271186 0.7202898550724638 0.1016949152542373 0.04927536231884058
0 0.3813559322033898 0.7115942028985507 0.15254237288135594 0.06666666666666667
0 0.5254237288135594 0.8159420289855073 0.1016949152542373 0.03188405797101449
0 0.4703389830508475 0.8855072463768116 0.11016949152542373 0.03768115942028986
0 0.3135593220338983 0.8739130434782609 0.13559322033898305 0.03188405797101449