0 0.33185840707964603 0.2166172106824926 0.16814159292035397 0.05341246290801187
0 0.5442477876106194 0.22997032640949555 0.20353982300884954 0.04451038575667656
0 0.584070796460177 0.3056379821958457 0.1415929203539823 0.06528189910979229
0 0.5530973451327433 0.39465875370919884 0.20353982300884954 0.06528189910979229
0 0.33628318584070793 0.41246290801186947 0.17699115044247787 0.04154302670623146
0 0.5132743362831859 0.5014836795252225 0.10619469026548672 0.0771513353115727
0 0.36283185840707965 0.4881305637982196 0.19469026548672566 0.05637982195845698
0 0.35398230088495575 0.5801186943620178 0.12389380530973451 0.06824925816023739
0 0.2831858407079646 0.6721068249258161 0.17699115044247787 0.06231454005934718
0 0.5353982300884955 0.6824925816023739 0.18584070796460178 0.0712166172106825
0 0.4911504424778761 0.7596439169139466 0.18584070796460178 0.06528189910979229
0 0.5 0.8382789317507419 0.1504424778761062 0.0741839762611276
0 0.49557522123893805 0.9065281899109793 0.12389380530973451 0.050445103857566766
0 0.3185840707964602 0.9258160237388724 0.19469026548672566 0.04747774480712166