0 0.8520408163265306 0.9206798866855525 0.08503401360544217 0.0736543909348442
0 0.695578231292517 0.9050991501416431 0.06462585034013606 0.059490084985835696
0 0.7091836734693877 0.8186968838526912 0.08503401360544217 0.056657223796033995
0 0.846938775510204 0.8229461756373938 0.06802721088435373 0.0708215297450425
0 0.8503401360544217 0.7379603399433428 0.08163265306122448 0.06515580736543909
0 0.7023809523809523 0.6388101983002833 0.06462585034013606 0.053824362606232294
0 0.8554421768707483 0.6317280453257791 0.05102040816326531 0.056657223796033995
0 0.8639455782312925 0.5410764872521246 0.061224489795918366 0.0679886685552408
0 0.7108843537414966 0.5439093484419264 0.05442176870748299 0.039660056657223795
0 0.8537414965986394 0.4461756373937677 0.08163265306122448 0.06515580736543909
0 0.8605442176870748 0.3512747875354108 0.06802721088435373 0.0623229461756374
0 0.7312925170068026 0.34702549575070823 0.08163265306122448 0.053824362606232294
0 0.8639455782312925 0.2521246458923513 0.07482993197278912 0.0509915014164306
0 0.7210884353741497 0.24362606232294617 0.06802721088435373 0.0453257790368272
0 0.8571428571428571 0.17280453257790368 0.08163265306122448 0.0623229461756374
0 0.7414965986394557 0.1558073654390935 0.06802721088435373 0.0623229461756374
0 0.7346938775510203 0.08498583569405099 0.07482993197278912 0.0509915014164306
0 0.1989795918367347 0.11331444759206799 0.057823129251700675 0.0453257790368272
0 0.2074829931972789 0.18696883852691218 0.06802721088435373 0.0679886685552408
0 0.10544217687074829 0.1048158640226629 0.061224489795918366 0.056657223796033995
0 0.11054421768707483 0.1813031161473088 0.06462585034013606 0.0679886685552408
0 0.09693877551020408 0.29036827195467424 0.06462585034013606 0.0481586402266289
0 0.10374149659863945 0.3526912181303116 0.06462585034013606 0.059490084985835696
0 0.09353741496598639 0.43059490084985835 0.08503401360544217 0.056657223796033995
0 0.20068027210884354 0.4405099150141643 0.08163265306122448 0.06515580736543909
0 0.10034013605442177 0.5056657223796034 0.0782312925170068 0.06515580736543909
0 0.22789115646258504 0.5198300283286119 0.07482993197278912 0.0708215297450425
0 0.22959183673469388 0.6090651558073654 0.0782312925170068 0.0623229461756374
0 0.09183673469387754 0.6005665722379604 0.07482993197278912 0.056657223796033995
0 0.2074829931972789 0.6770538243626063 0.061224489795918366 0.0623229461756374
0 0.09013605442176871 0.6784702549575071 0.057823129251700675 0.059490084985835696
0 0.10544217687074829 0.8144475920679887 0.06802721088435373 0.0311614730878187
0 0.22789115646258504 0.7790368271954674 0.08163265306122448 0.056657223796033995