0 0.4669811320754717 0.042438271604938266 0.25471698113207547 0.038580246913580245
0 0.6981132075471698 0.08796296296296297 0.24528301886792453 0.040123456790123455
0 0.6415094339622641 0.14969135802469136 0.20754716981132074 0.030864197530864196
0 0.4150943396226415 0.14043209876543208 0.1509433962264151 0.033950617283950615
0 0.43396226415094336 0.17746913580246912 0.18867924528301885 0.030864197530864196
0 0.4669811320754717 0.22608024691358022 0.2358490566037736 0.035493827160493825
0 0.7216981132075472 0.22530864197530864 0.1981132075471698 0.030864197530864196
0 0.6273584905660378 0.3325617283950617 0.21698113207547168 0.035493827160493825
0 0.3915094339622641 0.3811728395061728 0.2358490566037736 0.037037037037037035
0 0.6462264150943396 0.3819444444444444 0.21698113207547168 0.038580246913580245
0 0.3773584905660377 0.4375 0.18867924528301885 0.032407407407407406
0 0.5896226415094339 0.4421296296296296 0.21698113207547168 0.038580246913580245
0 0.5849056603773585 0.4868827160493827 0.18867924528301885 0.032407407407407406
0 0.33962264150943394 0.6296296296296295 0.16981132075471697 0.027777777777777776
0 0.580188679245283 0.6195987654320987 0.14150943396226415 0.013888888888888888
0 0.33490566037735847 0.6728395061728395 0.1792452830188679 0.021604938271604937
0 0.5471698113207547 0.6728395061728395 0.18867924528301885 0.037037037037037035
0 0.5849056603773585 0.7229938271604938 0.18867924528301885 0.029320987654320986
0 0.6037735849056604 0.7847222222222222 0.20754716981132074 0.038580246913580245
0 0.30660377358490565 0.783179012345679 0.14150943396226415 0.020061728395061727
0 0.32547169811320753 0.8233024691358024 0.1792452830188679 0.035493827160493825
0 0.3160377358490566 0.8703703703703703 0.12264150943396226 0.033950617283950615
0 0.5330188679245282 0.8695987654320987 0.27358490566037735 0.032407407407407406
0 0.5518867924528301 0.912037037037037 0.2358490566037736 0.033950617283950615
0 0.330188679245283 0.9606481481481481 0.20754716981132074 0.038580246913580245
0 0.5754716981132075 0.9560185185185185 0.18867924528301885 0.026234567901234566