0 0.2533783783783784 0.9562706270627063 0.06756756756756757 0.034653465346534656
0 0.11148648648648649 0.9661716171617162 0.07432432432432433 0.03135313531353135
0 0.2567567567567568 0.8935643564356436 0.07432432432432433 0.034653465346534656
0 0.24493243243243246 0.8580858085808581 0.0641891891891892 0.033003300330033
0 0.1283783783783784 0.8052805280528053 0.07432432432432433 0.0297029702970297
0 0.2685810810810811 0.7524752475247525 0.08445945945945946 0.036303630363036306
0 0.13006756756756757 0.7491749174917491 0.057432432432432436 0.036303630363036306
0 0.13682432432432434 0.7062706270627063 0.07094594594594594 0.033003300330033
0 0.2516891891891892 0.6526402640264026 0.07094594594594594 0.034653465346534656
0 0.14189189189189189 0.6493399339933994 0.07432432432432433 0.041254125412541254
0 0.13175675675675677 0.5932343234323433 0.10135135135135136 0.041254125412541254
0 0.24831081081081083 0.5033003300330033 0.07094594594594594 0.04620462046204621
0 0.14020270270270271 0.5346534653465347 0.08445945945945946 0.039603960396039604
0 0.13175675675675677 0.49174917491749176 0.08108108108108109 0.039603960396039604
0 0.15540540540540543 0.4546204620462046 0.08108108108108109 0.03135313531353135
0 0.2736486486486487 0.44801980198019803 0.08108108108108109 0.04455445544554455
0 0.2956081081081081 0.4018151815181518 0.08445945945945946 0.037953795379537955
0 0.28378378378378377 0.26897689768976896 0.06756756756756757 0.033003300330033
0 0.13682432432432434 0.27805280528052806 0.09121621621621623 0.037953795379537955
0 0.27702702702702703 0.22112211221122113 0.05405405405405406 0.0297029702970297
0 0.14358108108108109 0.22277227722772278 0.07770270270270271 0.0429042904290429
0 0.15202702702702703 0.16831683168316833 0.06756756756756757 0.036303630363036306
0 0.2820945945945946 0.1740924092409241 0.07094594594594594 0.04455445544554455
0 0.13175675675675677 0.1254125412541254 0.06756756756756757 0.033003300330033
0 0.2972972972972973 0.10561056105610561 0.060810810810810814 0.036303630363036306
0 0.30912162162162166 0.052805280528052806 0.07770270270270271 0.04950495049504951
0 0.14695945945945946 0.04042904290429043 0.08445945945945946 0.041254125412541254
0 0.14358108108108109 0.08333333333333333 0.07770270270270271 0.03135313531353135
0 0.8260135135135136 0.04455445544554455 0.057432432432432436 0.019801980198019802
0 0.8918918918918919 0.04950495049504951 0.05405405405405406 0.026402640264026403
0 0.9138513513513514 0.12458745874587458 0.08445945945945946 0.037953795379537955
0 0.8023648648648649 0.11716171617161716 0.09797297297297297 0.039603960396039604
0 0.8969594594594595 0.17656765676567657 0.09797297297297297 0.039603960396039604
0 0.8158783783783784 0.07260726072607261 0.07770270270270271 0.0429042904290429
0 0.8800675675675677 0.2607260726072607 0.09121621621621623 0.039603960396039604
0 0.8006756756756758 0.17904290429042904 0.08108108108108109 0.041254125412541254
0 0.7871621621621622 0.22194719471947194 0.0945945945945946 0.037953795379537955
0 0.8631756756756758 0.30775577557755773 0.07770270270270271 0.041254125412541254
0 0.7702702702702703 0.27805280528052806 0.08783783783783784 0.04455445544554455
0 0.7753378378378378 0.3217821782178218 0.07770270270270271 0.033003300330033
0 0.7770270270270271 0.36056105610561057 0.08108108108108109 0.03135313531353135
0 0.8851351351351352 0.3935643564356436 0.0472972972972973 0.04455445544554455
0 0.8108108108108109 0.4034653465346535 0.08108108108108109 0.037953795379537955
0 0.7787162162162162 0.44554455445544555 0.07094594594594594 0.039603960396039604
0 0.8952702702702703 0.44554455445544555 0.08108108108108109 0.04950495049504951
0 0.75 0.5016501650165016 0.06756756756756757 0.052805280528052806
0 0.8766891891891893 0.5503300330033003 0.10472972972972974 0.04785478547854786
0 0.8834459459459459 0.6023102310231023 0.09797297297297297 0.033003300330033
0 0.7601351351351352 0.5874587458745875 0.10135135135135136 0.039603960396039604
0 0.75 0.5495049504950495 0.10135135135135136 0.0165016501650165
0 0.8682432432432433 0.655940594059406 0.07432432432432433 0.05115511551155116
0 0.8631756756756758 0.7079207920792079 0.09797297297297297 0.0297029702970297
0 0.8581081081081081 0.754950495049505 0.06756756756756757 0.041254125412541254
0 0.7398648648648649 0.7533003300330033 0.08783783783783784 0.03135313531353135
0 0.847972972972973 0.9026402640264026 0.10135135135135136 0.0429042904290429
0 0.8581081081081081 0.8564356435643564 0.08783783783783784 0.033003300330033
0 0.7483108108108109 0.8605610561056106 0.10472972972972974 0.054455445544554455
0 0.8209459459459459 0.8102310231023102 0.07432432432432433 0.0429042904290429
0 0.7347972972972974 0.8028052805280528 0.09121621621621623 0.04455445544554455