0 0.865506329113924 0.8716216216216217 0.08544303797468354 0.07837837837837838
0 0.6977848101265822 0.9067567567567568 0.04746835443037974 0.08378378378378379
0 0.6977848101265822 0.7891891891891892 0.08544303797468354 0.05945945945945946
0 0.875 0.7770270270270271 0.03481012658227848 0.024324324324324326
0 0.6977848101265822 0.7054054054054054 0.07911392405063292 0.06486486486486487
0 0.865506329113924 0.6837837837837838 0.07911392405063292 0.05945945945945946
0 0.8718354430379747 0.6148648648648649 0.04746835443037974 0.062162162162162166
0 0.7072784810126582 0.5148648648648649 0.07278481012658228 0.05675675675675676
0 0.8528481012658228 0.42702702702702705 0.07911392405063292 0.06486486486486487
0 0.7151898734177216 0.4283783783783784 0.0759493670886076 0.06756756756756757
0 0.6993670886075949 0.32432432432432434 0.06962025316455696 0.04864864864864865
0 0.8528481012658228 0.32972972972972975 0.08544303797468354 0.05945945945945946
0 0.7215189873417721 0.23513513513513515 0.0759493670886076 0.05405405405405406
0 0.8813291139240507 0.14054054054054055 0.060126582278481014 0.04864864864864865
0 0.7072784810126582 0.13108108108108107 0.06645569620253164 0.04594594594594595
0 0.08860759493670886 0.7986486486486487 0.04430379746835443 0.051351351351351354
0 0.09493670886075949 0.7108108108108109 0.06962025316455696 0.05405405405405406
0 0.2120253164556962 0.6297297297297297 0.06962025316455696 0.03783783783783784
0 0.21044303797468353 0.5486486486486487 0.06645569620253164 0.07027027027027027
0 0.21360759493670886 0.46756756756756757 0.05379746835443038 0.04864864864864865
0 0.09177215189873418 0.45270270270270274 0.06329113924050633 0.051351351351351354
0 0.21835443037974683 0.3635135135135135 0.06962025316455696 0.051351351351351354
0 0.09335443037974683 0.3810810810810811 0.06645569620253164 0.05405405405405406
0 0.09018987341772151 0.30000000000000004 0.07278481012658228 0.043243243243243246
0 0.07278481012658228 0.21621621621621623 0.06329113924050633 0.05405405405405406
0 0.2088607594936709 0.20675675675675675 0.06329113924050633 0.062162162162162166
0 0.23417721518987342 0.06351351351351352 0.056962025316455694 0.062162162162162166