0 0.5885416666666666 0.9515384615384616 0.26041666666666663 0.04153846153846154
0 0.6354166666666666 0.8530769230769231 0.16666666666666666 0.03230769230769231
0 0.29166666666666663 0.8253846153846154 0.20833333333333331 0.04153846153846154
0 0.5677083333333333 0.8184615384615385 0.3020833333333333 0.033846153846153845
0 0.6302083333333333 0.7815384615384615 0.21875 0.033846153846153845
0 0.6510416666666666 0.7261538461538461 0.26041666666666663 0.04
0 0.30729166666666663 0.7453846153846154 0.3020833333333333 0.05076923076923077
0 0.40104166666666663 0.6907692307692308 0.23958333333333331 0.033846153846153845
0 0.640625 0.683076923076923 0.19791666666666666 0.021538461538461538
0 0.6510416666666666 0.6469230769230769 0.3020833333333333 0.04153846153846154
0 0.359375 0.6361538461538462 0.21875 0.03538461538461538
0 0.625 0.5923076923076923 0.29166666666666663 0.04
0 0.6302083333333333 0.5461538461538461 0.26041666666666663 0.03692307692307692
0 0.265625 0.5353846153846153 0.15625 0.015384615384615385
0 0.671875 0.4276923076923077 0.23958333333333331 0.03076923076923077
0 0.40104166666666663 0.43 0.26041666666666663 0.02923076923076923
0 0.2864583333333333 0.3892307692307692 0.28125 0.027692307692307693
0 0.6302083333333333 0.3423076923076923 0.19791666666666666 0.03538461538461538
0 0.3958333333333333 0.3446153846153846 0.22916666666666666 0.027692307692307693
0 0.6145833333333333 0.28923076923076924 0.22916666666666666 0.033846153846153845
0 0.38541666666666663 0.30846153846153845 0.14583333333333331 0.026153846153846153
0 0.6354166666666666 0.23615384615384616 0.20833333333333331 0.03538461538461538
0 0.65625 0.14 0.20833333333333331 0.024615384615384615
0 0.671875 0.4907692307692308 0.21875 0.03076923076923077
0 0.421875 0.4969230769230769 0.17708333333333331 0.043076923076923075
0 0.33854166666666663 0.13384615384615384 0.28125 0.027692307692307693
0 0.6197916666666666 0.09615384615384616 0.21875 0.038461538461538464
0 0.265625 0.09076923076923077 0.23958333333333331 0.027692307692307693
0 0.578125 0.04 0.26041666666666663 0.024615384615384615
0 0.3020833333333333 0.036153846153846154 0.22916666666666666 0.023076923076923078