0 0.4036697247706422 0.10413476263399694 0.23853211009174313 0.036753445635528334
0 0.6697247706422018 0.10643185298621746 0.14678899082568808 0.03215926493108729
0 0.6559633027522936 0.15007656967840735 0.1559633027522936 0.02450229709035222
0 0.6192660550458716 0.2098009188361409 0.22935779816513763 0.045941807044410414
0 0.6376146788990826 0.25880551301684535 0.22935779816513763 0.045941807044410414
0 0.3348623853211009 0.22817764165390506 0.1926605504587156 0.033690658499234305
0 0.3119266055045872 0.276416539050536 0.2018348623853211 0.01990811638591118
0 0.2981651376146789 0.3177641653905054 0.1926605504587156 0.01990811638591118
0 0.6009174311926606 0.3101071975497703 0.22935779816513763 0.03215926493108729
0 0.5779816513761469 0.4111791730474732 0.22018348623853212 0.02909647779479326
0 0.6100917431192661 0.4532924961715161 0.1926605504587156 0.042879019908116385
0 0.3486238532110092 0.46018376722817766 0.14678899082568808 0.03522205206738132
0 0.5275229357798166 0.5099540581929556 0.21100917431192662 0.021439509954058193
0 0.24770642201834864 0.5252679938744258 0.2018348623853211 0.036753445635528334
0 0.22935779816513763 0.5735068912710567 0.2018348623853211 0.03522205206738132
0 0.47247706422018354 0.6301684532924962 0.1743119266055046 0.01990811638591118
0 0.5596330275229358 0.6761102603369066 0.23853211009174313 0.026033690658499236
0 0.28440366972477066 0.6814701378254212 0.2018348623853211 0.02756508422664625
0 0.5091743119266056 0.72052067381317 0.1559633027522936 0.026033690658499236
0 0.32568807339449546 0.7174578866768759 0.21100917431192662 0.03215926493108729
0 0.3302752293577982 0.7611026033690659 0.25688073394495414 0.036753445635528334
0 0.29357798165137616 0.821592649310873 0.22018348623853212 0.03522205206738132
0 0.26146788990825687 0.8660030627871363 0.1926605504587156 0.02909647779479326
0 0.6055045871559633 0.9058192955589587 0.23853211009174313 0.04134762633996937
0 0.5596330275229358 0.9632465543644717 0.1834862385321101 0.021439509954058193