0 0.06122448979591837 0.9377745241581259 0.0489795918367347 0.036603221083455345
0 0.1153061224489796 0.9370424597364568 0.05510204081632654 0.043923865300146414
0 0.06836734693877551 0.8931185944363105 0.05510204081632654 0.040995607613469986
0 0.047959183673469394 0.8499267935578331 0.0673469387755102 0.03367496339677892
0 0.10714285714285715 0.8455344070278185 0.04693877551020409 0.03074670571010249
0 0.12551020408163266 0.8016105417276721 0.05102040816326531 0.036603221083455345
0 0.13775510204081634 0.7562225475841874 0.05510204081632654 0.03367496339677892
0 0.06224489795918368 0.7093704245973645 0.05102040816326531 0.03074670571010249
0 0.0663265306122449 0.6559297218155198 0.05510204081632654 0.029282576866764276
0 0.12448979591836735 0.6566617862371888 0.04489795918367347 0.036603221083455345
0 0.06224489795918368 0.6171303074670571 0.05102040816326531 0.03953147877013177
0 0.06836734693877551 0.568081991215227 0.05510204081632654 0.03806734992679356
0 0.05918367346938776 0.4707174231332357 0.04489795918367347 0.03367496339677892
0 0.12244897959183675 0.4633967789165447 0.06122448979591837 0.04538799414348463
0 0.1285714285714286 0.3806734992679356 0.04081632653061225 0.03513909224011713
0 0.07448979591836735 0.38433382137628114 0.05102040816326531 0.0424597364568082
0 0.05510204081632654 0.42020497803806733 0.04081632653061225 0.017569546120058566
0 0.13571428571428573 0.335285505124451 0.04285714285714286 0.032210834553440704
0 0.07346938775510205 0.33162518301610544 0.05306122448979592 0.03367496339677892
0 0.07857142857142858 0.29209370424597364 0.05102040816326531 0.03367496339677892
0 0.14081632653061227 0.28843338213762815 0.0489795918367347 0.040995607613469986
0 0.14081632653061227 0.18960468521229867 0.05714285714285715 0.03074670571010249
0 0.08979591836734695 0.19546120058565153 0.04081632653061225 0.03074670571010249
0 0.1306122448979592 0.14128843338213765 0.04489795918367347 0.036603221083455345
0 0.0653061224489796 0.08931185944363104 0.04081632653061225 0.029282576866764276
0 0.4571428571428572 0.06515373352855051 0.036734693877551024 0.027818448023426062
0 0.5071428571428572 0.07759882869692533 0.05102040816326531 0.03513909224011713
0 0.439795918367347 0.15080527086383602 0.04693877551020409 0.032210834553440704
0 0.5 0.20571010248901905 0.04081632653061225 0.024890190336749635
0 0.4255102040816327 0.3184480234260615 0.04285714285714286 0.03367496339677892
0 0.4255102040816327 0.3601756954612006 0.04285714285714286 0.02635431918008785
0 0.413265306122449 0.4033674963396779 0.05510204081632654 0.03367496339677892
0 0.48163265306122455 0.39092240117130306 0.0489795918367347 0.029282576866764276
0 0.4214285714285715 0.44875549048316254 0.04285714285714286 0.027818448023426062
0 0.48775510204081635 0.44143484626647145 0.0489795918367347 0.036603221083455345
0 0.489795918367347 0.49414348462664714 0.05306122448979592 0.03367496339677892
0 0.5 0.5461200585651538 0.036734693877551024 0.02342606149341142
0 0.4326530612244898 0.5446559297218155 0.04489795918367347 0.02635431918008785
0 0.49591836734693884 0.6178623718887262 0.05714285714285715 0.03806734992679356
0 0.426530612244898 0.6215226939970717 0.05306122448979592 0.03074670571010249
0 0.4255102040816327 0.6617862371888726 0.04693877551020409 0.03806734992679356
0 0.43367346938775514 0.7510980966325037 0.04693877551020409 0.029282576866764276
0 0.5010204081632653 0.7994143484626648 0.03877551020408164 0.032210834553440704
0 0.4908163265306123 0.8938506588579795 0.05918367346938776 0.03953147877013177
0 0.48877551020408166 0.8521229868228404 0.02653061224489796 0.017569546120058566
0 0.4214285714285715 0.9428989751098097 0.04285714285714286 0.029282576866764276
0 0.9010204081632653 0.95900439238653 0.05510204081632654 0.040995607613469986
0 0.8234693877551021 0.9414348462664714 0.05918367346938776 0.03806734992679356
0 0.826530612244898 0.8945827232796486 0.05714285714285715 0.043923865300146414
0 0.8959183673469389 0.9070278184480235 0.0326530612244898 0.03953147877013177
0 0.8959183673469389 0.8601756954612007 0.05306122448979592 0.03953147877013177
0 0.9000000000000001 0.8111273792093705 0.02448979591836735 0.040995607613469986
0 0.8234693877551021 0.8125915080527086 0.03877551020408164 0.032210834553440704
0 0.8204081632653062 0.7071742313323572 0.05306122448979592 0.03806734992679356
0 0.9112244897959184 0.6654465592972182 0.06326530612244899 0.03953147877013177
0 0.8051020408163266 0.6376281112737922 0.022448979591836737 0.024890190336749635
0 0.8255102040816328 0.602489019033675 0.03877551020408164 0.03953147877013177
0 0.9071428571428573 0.5358711566617862 0.05510204081632654 0.032210834553440704
0 0.8183673469387756 0.5424597364568082 0.04489795918367347 0.024890190336749635
0 0.9061224489795919 0.4472913616398243 0.0489795918367347 0.03953147877013177
0 0.8204081632653062 0.34992679355783307 0.04489795918367347 0.03806734992679356
0 0.9153061224489797 0.33821376281112736 0.05510204081632654 0.040995607613469986
0 0.8326530612244899 0.2935578330893119 0.04081632653061225 0.027818448023426062
0 0.8142857142857144 0.2452415812591508 0.05306122448979592 0.036603221083455345
0 0.8285714285714286 0.19472913616398244 0.05714285714285715 0.03806734992679356
0 0.8938775510204082 0.2108345534407028 0.0489795918367347 0.029282576866764276
0 0.9061224489795919 0.24890190336749635 0.05306122448979592 0.03513909224011713
0 0.9000000000000001 0.11054172767203514 0.0326530612244898 0.03953147877013177
0 0.8479591836734695 0.06149341142020498 0.03469387755102041 0.029282576866764276
0 0.8336734693877552 0.1054172767203514 0.06326530612244899 0.04685212298682284