0 0.5362318840579711 0.03170731707317073 0.14492753623188406 0.03414634146341464
0 0.782608695652174 0.036585365853658534 0.18840579710144928 0.03414634146341464
0 0.7862318840579711 0.08130081300813008 0.15217391304347827 0.04227642276422764
0 0.6159420289855072 0.07560975609756097 0.17391304347826086 0.04065040650406504
0 0.5760869565217391 0.12845528455284552 0.13768115942028986 0.022764227642276424
0 0.7898550724637681 0.13414634146341464 0.2028985507246377 0.04390243902439024
0 0.7282608695652174 0.24065040650406505 0.15217391304347827 0.03902439024390244
0 0.572463768115942 0.24390243902439024 0.11594202898550725 0.04227642276422764
0 0.5869565217391305 0.2894308943089431 0.11594202898550725 0.03252032520325203
0 0.717391304347826 0.2991869918699187 0.15942028985507248 0.04227642276422764
0 0.7427536231884058 0.41788617886178864 0.16666666666666666 0.03577235772357724
0 0.5869565217391305 0.41300813008130083 0.11594202898550725 0.022764227642276424
0 0.717391304347826 0.4894308943089431 0.13043478260869565 0.03577235772357724
0 0.4927536231884058 0.583739837398374 0.18840579710144928 0.026016260162601626
0 0.7065217391304348 0.5902439024390244 0.16666666666666666 0.03252032520325203
0 0.4927536231884058 0.6365853658536585 0.15942028985507248 0.03414634146341464
0 0.44565217391304346 0.6943089430894309 0.15217391304347827 0.022764227642276424
0 0.6123188405797102 0.7504065040650406 0.18115942028985507 0.04390243902439024
0 0.6086956521739131 0.791869918699187 0.11594202898550725 0.03252032520325203
0 0.391304347826087 0.8552845528455284 0.13043478260869565 0.03577235772357724
0 0.5036231884057971 0.967479674796748 0.18115942028985507 0.029268292682926828
0 0.322463768115942 0.9723577235772358 0.15217391304347827 0.03252032520325203
0 0.358695652173913 0.9203252032520325 0.12318840579710146 0.03252032520325203
0 0.4891304347826087 0.9154471544715447 0.12318840579710146 0.03577235772357724