0 0.5639097744360901 0.8988439306358381 0.18045112781954886 0.04335260115606936
0 0.3458646616541353 0.8959537572254335 0.18045112781954886 0.046242774566473986
0 0.3421052631578947 0.8482658959537572 0.18796992481203006 0.028901734104046242
0 0.2969924812030075 0.8078034682080925 0.14285714285714285 0.023121387283236993
0 0.5601503759398496 0.7557803468208092 0.23308270676691728 0.04046242774566474
0 0.30451127819548873 0.7117052023121387 0.14285714285714285 0.02167630057803468
0 0.5338345864661653 0.666907514450867 0.16541353383458646 0.0361271676300578
0 0.3421052631578947 0.6271676300578034 0.09774436090225563 0.023121387283236993
0 0.5150375939849624 0.5758670520231214 0.18796992481203006 0.030346820809248554
0 0.5112781954887218 0.5187861271676301 0.13533834586466165 0.023121387283236993
0 0.3157894736842105 0.5187861271676301 0.15037593984962405 0.03757225433526011
0 0.537593984962406 0.3598265895953757 0.17293233082706766 0.023121387283236993
0 0.2631578947368421 0.370664739884393 0.2556390977443609 0.0476878612716763
0 0.2744360902255639 0.3135838150289017 0.18796992481203006 0.028901734104046242
0 0.2744360902255639 0.20158959537572255 0.20300751879699247 0.0361271676300578
0 0.5150375939849624 0.24277456647398843 0.14285714285714285 0.028901734104046242
0 0.518796992481203 0.10260115606936415 0.13533834586466165 0.023121387283236993
0 0.2593984962406015 0.12210982658959536 0.15789473684210525 0.03901734104046243
0 0.3082706766917293 0.07803468208092486 0.19548872180451127 0.03468208092485549
0 0.2593984962406015 0.03468208092485549 0.15789473684210525 0.03468208092485549