0 0.8122977346278317 0.9008746355685131 0.07766990291262137 0.06997084548104957
0 0.7362459546925567 0.8819241982507289 0.05501618122977347 0.03206997084548105
0 0.7394822006472492 0.8119533527696793 0.06148867313915858 0.061224489795918366
0 0.8462783171521036 0.8192419825072886 0.08737864077669903 0.06997084548104957
0 0.8236245954692557 0.739067055393586 0.06148867313915858 0.06705539358600583
0 0.7508090614886732 0.7230320699708455 0.07119741100323625 0.052478134110787174
0 0.8381877022653722 0.5583090379008746 0.05825242718446602 0.06705539358600583
0 0.7508090614886732 0.5685131195335277 0.03883495145631068 0.029154518950437316
0 0.7443365695792881 0.4825072886297376 0.07119741100323625 0.06705539358600583
0 0.8317152103559871 0.4067055393586006 0.06472491909385114 0.06705539358600583
0 0.7411003236245955 0.3819241982507289 0.045307443365695796 0.05830903790087463
0 0.8349514563106797 0.3177842565597668 0.05177993527508091 0.07580174927113703
0 0.7475728155339806 0.3075801749271137 0.05177993527508091 0.06705539358600583
0 0.7394822006472492 0.2055393586005831 0.05501618122977347 0.04956268221574344
0 0.854368932038835 0.2259475218658892 0.05177993527508091 0.061224489795918366
0 0.86084142394822 0.13848396501457727 0.05825242718446602 0.061224489795918366
0 0.7718446601941747 0.1282798833819242 0.04854368932038835 0.05830903790087463
0 0.2524271844660194 0.08163265306122448 0.07119741100323625 0.0641399416909621
0 0.16990291262135923 0.0641399416909621 0.06148867313915858 0.06997084548104957
0 0.16019417475728157 0.17638483965014576 0.05501618122977347 0.043731778425655975
0 0.2702265372168285 0.15597667638483964 0.06148867313915858 0.061224489795918366
0 0.2249190938511327 0.2521865889212828 0.11326860841423948 0.08454810495626822
0 0.127831715210356 0.34839650145772594 0.02912621359223301 0.061224489795918366
0 0.25728155339805825 0.47959183673469385 0.08090614886731393 0.0728862973760933
0 0.17475728155339806 0.4825072886297376 0.07119741100323625 0.09037900874635568
0 0.2313915857605178 0.6034985422740524 0.042071197411003236 0.03498542274052478
0 0.15372168284789645 0.6049562682215743 0.06148867313915858 0.0728862973760933
0 0.13268608414239483 0.6880466472303207 0.08414239482200647 0.05830903790087463
0 0.22653721682847897 0.7900874635568513 0.08414239482200647 0.07580174927113703
0 0.1407766990291262 0.8775510204081632 0.0744336569579288 0.07580174927113703
0 0.2249190938511327 0.8819241982507289 0.08090614886731393 0.06705539358600583
0 0.13268608414239483 0.7988338192419825 0.06472491909385114 0.08163265306122448