0 0.7751677852348993 0.8343108504398827 0.053691275167785234 0.04985337243401759
0 0.8741610738255033 0.8313782991202346 0.0436241610738255 0.05571847507331378
0 0.8976510067114094 0.7741935483870968 0.07718120805369127 0.05278592375366569
0 0.796979865771812 0.6891495601173021 0.06375838926174497 0.0469208211143695
0 0.8758389261744967 0.6026392961876833 0.0738255033557047 0.04985337243401759
0 0.8708053691275167 0.5249266862170088 0.050335570469798654 0.05278592375366569
0 0.8573825503355704 0.43255131964809385 0.06375838926174497 0.05571847507331378
0 0.7734899328859061 0.4897360703812317 0.050335570469798654 0.04105571847507331
0 0.7315436241610738 0.42961876832844575 0.04697986577181208 0.05571847507331378
0 0.8540268456375839 0.34750733137829914 0.06375838926174497 0.06158357771260997
0 0.7567114093959731 0.3357771260997067 0.06375838926174497 0.04398826979472141
0 0.8523489932885906 0.27712609970674484 0.060402684563758385 0.05571847507331378
0 0.761744966442953 0.15542521994134897 0.04697986577181208 0.0469208211143695
0 0.8523489932885906 0.17155425219941348 0.060402684563758385 0.07917888563049853
0 0.2600671140939597 0.11730205278592376 0.07046979865771812 0.06451612903225806
0 0.24496644295302014 0.20674486803519063 0.06711409395973154 0.06158357771260997
0 0.16946308724832215 0.218475073313783 0.06375838926174497 0.07331378299120235
0 0.16275167785234898 0.2873900293255132 0.05704697986577181 0.05278592375366569
0 0.19798657718120805 0.9252199413489736 0.053691275167785234 0.04985337243401759
0 0.11073825503355704 0.9149560117302052 0.0738255033557047 0.03519061583577712
0 0.12416107382550336 0.841642228739003 0.09395973154362416 0.093841642228739
0 0.18456375838926173 0.7595307917888563 0.08053691275167785 0.05865102639296188
0 0.12751677852348994 0.6759530791788856 0.06711409395973154 0.05571847507331378
0 0.2197986577181208 0.592375366568915 0.06375838926174497 0.06451612903225806
0 0.22651006711409397 0.6612903225806451 0.07046979865771812 0.06744868035190615
0 0.13590604026845637 0.5953079178885631 0.050335570469798654 0.04105571847507331
0 0.1593959731543624 0.4897360703812317 0.07046979865771812 0.07038123167155425
0 0.21644295302013422 0.4002932551319648 0.09060402684563758 0.05571847507331378