0 0.8111111111111111 0.9497716894977168 0.08888888888888889 0.0334855403348554
0 0.8925925925925926 0.9512937595129376 0.05185185185185186 0.0273972602739726
0 0.7944444444444445 0.8964992389649924 0.1 0.0334855403348554
0 0.9018518518518519 0.6986301369863013 0.06296296296296297 0.0395738203957382
0 0.812962962962963 0.6948249619482496 0.0925925925925926 0.0319634703196347
0 0.7759259259259259 0.6491628614916286 0.1 0.0258751902587519
0 0.8962962962962964 0.595890410958904 0.0962962962962963 0.0289193302891933
0 0.7759259259259259 0.5570776255707762 0.10740740740740741 0.0365296803652968
0 0.8944444444444445 0.5464231354642313 0.0925925925925926 0.0273972602739726
0 0.8907407407407407 0.49847792998477924 0.07777777777777778 0.0380517503805175
0 0.7981481481481482 0.4581430745814307 0.07037037037037037 0.030441400304414
0 0.8907407407407407 0.454337899543379 0.0925925925925926 0.0289193302891933
0 0.9037037037037038 0.40106544901065444 0.08148148148148149 0.0350076103500761
0 0.9148148148148149 0.3546423135464231 0.08888888888888889 0.0365296803652968
0 0.8185185185185185 0.3089802130898021 0.0962962962962963 0.0365296803652968
0 0.9222222222222223 0.2929984779299848 0.044444444444444446 0.0197869101978691
0 0.8111111111111111 0.19863013698630136 0.06666666666666667 0.0228310502283105
0 0.9259259259259259 0.1491628614916286 0.08888888888888889 0.0334855403348554
0 0.9240740740740742 0.1126331811263318 0.10740740740740741 0.0334855403348554
0 0.9055555555555556 0.05555555555555555 0.1 0.0380517503805175
0 0.8074074074074075 0.0624048706240487 0.07407407407407407 0.030441400304414
0 0.1685185185185185 0.0228310502283105 0.0925925925925926 0.0365296803652968
0 0.2814814814814815 0.0258751902587519 0.12592592592592594 0.0365296803652968
0 0.31851851851851853 0.0654490106544901 0.08148148148148149 0.030441400304414
0 0.2888888888888889 0.1080669710806697 0.08888888888888889 0.0487062404870624
0 0.15 0.0700152207001522 0.12222222222222223 0.0273972602739726
0 0.1574074074074074 0.1035007610350076 0.0925925925925926 0.0365296803652968
0 0.28703703703703703 0.1537290715372907 0.1 0.0273972602739726
0 0.1574074074074074 0.1598173515981735 0.1 0.0334855403348554
0 0.1574074074074074 0.2054794520547945 0.1 0.0365296803652968
0 0.2796296296296296 0.213089802130898 0.08518518518518518 0.030441400304414
0 0.1388888888888889 0.2633181126331811 0.0925925925925926 0.0243531202435312
0 0.27037037037037037 0.2678843226788432 0.10370370370370371 0.0334855403348554
0 0.10925925925925926 0.365296803652968 0.0925925925925926 0.0334855403348554
0 0.11851851851851852 0.4140030441400304 0.11111111111111112 0.0487062404870624
0 0.25925925925925924 0.378234398782344 0.07407407407407407 0.0289193302891933
0 0.24629629629629632 0.4665144596651446 0.07777777777777778 0.0380517503805175
0 0.13518518518518519 0.47716894977168944 0.0925925925925926 0.0441400304414003
0 0.12962962962962962 0.5342465753424657 0.08888888888888889 0.0426179604261796
0 0.24814814814814815 0.532724505327245 0.0962962962962963 0.045662100456621
0 0.2351851851851852 0.5837138508371384 0.0925925925925926 0.0289193302891933
0 0.14074074074074075 0.5898021308980212 0.08148148148148149 0.0410958904109589
0 0.12592592592592594 0.639269406392694 0.08888888888888889 0.0395738203957382
0 0.2388888888888889 0.6286149162861492 0.10740740740740741 0.0487062404870624
0 0.24074074074074076 0.6864535768645357 0.10370370370370371 0.0395738203957382
0 0.22962962962962963 0.7366818873668188 0.0962962962962963 0.0334855403348554
0 0.2425925925925926 0.8059360730593607 0.11481481481481481 0.0350076103500761
0 0.14444444444444446 0.8485540334855403 0.10370370370370371 0.0380517503805175
0 0.2518518518518519 0.8546423135464231 0.08888888888888889 0.0289193302891933
0 0.11666666666666667 0.9041095890410958 0.11481481481481481 0.0487062404870624
0 0.24074074074074076 0.9025875190258752 0.08148148148148149 0.0395738203957382
0 0.2537037037037037 0.943683409436834 0.1 0.0395738203957382