0 0.3565891472868217 0.9048257372654156 0.12403100775193798 0.06166219839142091
0 0.5193798449612403 0.8941018766756033 0.12403100775193798 0.06166219839142091
0 0.3565891472868217 0.7386058981233244 0.13953488372093023 0.06702412868632708
0 0.5155038759689923 0.7627345844504022 0.16279069767441862 0.05630026809651475
0 0.35271317829457366 0.8297587131367292 0.16279069767441862 0.06702412868632708
0 0.5116279069767442 0.8257372654155496 0.12403100775193798 0.064343163538874
0 0.5232558139534884 0.4959785522788204 0.17829457364341084 0.03753351206434316
0 0.3682170542635659 0.5067024128686327 0.13178294573643412 0.0482573726541555
0 0.34108527131782945 0.5857908847184987 0.20155038759689922 0.07238605898123325
0 0.3875968992248062 0.39946380697050937 0.20155038759689922 0.05361930294906166
0 0.5852713178294574 0.3203753351206434 0.17829457364341084 0.06702412868632708
0 0.3953488372093023 0.3351206434316354 0.17054263565891473 0.06970509383378017
0 0.562015503875969 0.24664879356568364 0.14728682170542634 0.058981233243967826
0 0.40310077519379844 0.2386058981233244 0.12403100775193798 0.064343163538874
0 0.5968992248062015 0.13672922252010725 0.20155038759689922 0.05361930294906166