0 0.07157258064516128 0.9258409785932722 0.046370967741935484 0.03211009174311927
0 0.06048387096774194 0.8914373088685016 0.03629032258064516 0.03363914373088685
0 0.07762096774193548 0.8425076452599388 0.05040322580645161 0.03363914373088685
0 0.1280241935483871 0.845565749235474 0.04233870967741935 0.03363914373088685
0 0.13407258064516128 0.7958715596330276 0.05040322580645161 0.0382262996941896
0 0.07056451612903225 0.7530581039755352 0.04838709677419355 0.0290519877675841
0 0.13608870967741934 0.7048929663608563 0.046370967741935484 0.039755351681957186
0 0.08366935483870967 0.6735474006116208 0.05846774193548387 0.04128440366972477
0 0.08165322580645161 0.581039755351682 0.03024193548387097 0.03058103975535168
0 0.08266129032258064 0.5397553516819572 0.056451612903225805 0.04281345565749235
0 0.15221774193548387 0.45871559633027525 0.05040322580645161 0.039755351681957186
0 0.07459677419354839 0.4503058103975535 0.04435483870967742 0.04128440366972477
0 0.07963709677419355 0.40519877675840976 0.05040322580645161 0.045871559633027525
0 0.14818548387096775 0.3440366972477064 0.02217741935483871 0.024464831804281346
0 0.0846774193548387 0.33256880733944955 0.05241935483870967 0.04434250764525994
0 0.1411290322580645 0.24541284403669725 0.06048387096774194 0.0382262996941896
0 0.09274193548387097 0.20948012232415902 0.03225806451612903 0.03669724770642202
0 0.1622983870967742 0.1651376146788991 0.05040322580645161 0.03669724770642202
0 0.09475806451612903 0.11697247706422019 0.04838709677419355 0.04434250764525994
0 0.1411290322580645 0.12155963302752294 0.04032258064516129 0.04128440366972477
0 0.5080645161290323 0.07874617737003058 0.05241935483870967 0.0382262996941896
0 0.5221774193548387 0.1154434250764526 0.056451612903225805 0.0290519877675841
0 0.4435483870967742 0.1246177370030581 0.04838709677419355 0.04128440366972477
0 0.4435483870967742 0.16666666666666666 0.05241935483870967 0.03669724770642202
0 0.4344758064516129 0.0863914373088685 0.05443548387096774 0.03211009174311927
0 0.44657258064516125 0.05504587155963303 0.05443548387096774 0.03669724770642202
0 0.5171370967741935 0.21330275229357798 0.0625 0.04128440366972477
0 0.43044354838709675 0.23776758409785934 0.034274193548387094 0.03211009174311927
0 0.4495967741935484 0.27217125382262997 0.04435483870967742 0.04281345565749235
0 0.53125 0.30428134556574926 0.04233870967741935 0.04281345565749235
0 0.5252016129032258 0.34785932721712537 0.046370967741935484 0.035168195718654434
0 0.44052419354838707 0.3730886850152905 0.05443548387096774 0.04281345565749235
0 0.5090725806451613 0.3952599388379205 0.05443548387096774 0.0382262996941896
0 0.5161290322580645 0.4434250764525994 0.04838709677419355 0.04281345565749235
0 0.44052419354838707 0.4235474006116208 0.05846774193548387 0.039755351681957186
0 0.4445564516129032 0.46636085626911317 0.05040322580645161 0.039755351681957186
0 0.5080645161290323 0.49923547400611623 0.05241935483870967 0.0382262996941896
0 0.5110887096774194 0.5443425076452599 0.0625 0.04892966360856269
0 0.43649193548387094 0.5504587155963303 0.038306451612903226 0.03669724770642202
0 0.4344758064516129 0.5948012232415902 0.05040322580645161 0.039755351681957186
0 0.5161290322580645 0.6422018348623854 0.056451612903225805 0.039755351681957186
0 0.5211693548387096 0.5902140672782875 0.05846774193548387 0.03058103975535168
0 0.530241935483871 0.7882262996941896 0.06048387096774194 0.0382262996941896
0 0.5262096774193549 0.8295107033639144 0.056451612903225805 0.03211009174311927
0 0.4495967741935484 0.7874617737003058 0.05241935483870967 0.03669724770642202
0 0.4495967741935484 0.8333333333333334 0.04838709677419355 0.045871559633027525
0 0.43044354838709675 0.9304281345565749 0.046370967741935484 0.047400611620795105
0 0.5171370967741935 0.9357798165137615 0.06653225806451613 0.04281345565749235
0 0.8235887096774194 0.06039755351681957 0.05443548387096774 0.04128440366972477
0 0.9133064516129032 0.08486238532110092 0.04838709677419355 0.03211009174311927
0 0.908266129032258 0.05122324159021407 0.026209677419354836 0.02599388379204893
0 0.8215725806451613 0.2607033639143731 0.05040322580645161 0.04128440366972477
0 0.9102822580645161 0.2974006116207951 0.05443548387096774 0.04434250764525994
0 0.9002016129032258 0.3470948012232416 0.038306451612903226 0.027522935779816515
0 0.8185483870967741 0.3830275229357798 0.04838709677419355 0.0382262996941896
0 0.9042338709677419 0.4090214067278288 0.05846774193548387 0.035168195718654434
0 0.8195564516129032 0.4304281345565749 0.04233870967741935 0.0382262996941896
0 0.814516129032258 0.48700305810397554 0.05241935483870967 0.03211009174311927
0 0.9133064516129032 0.4640672782874618 0.04838709677419355 0.04434250764525994
0 0.9022177419354839 0.5175840978593272 0.05846774193548387 0.05045871559633028
0 0.813508064516129 0.5458715596330276 0.05443548387096774 0.03363914373088685
0 0.8094758064516129 0.6574923547400612 0.046370967741935484 0.024464831804281346
0 0.90625 0.6230886850152906 0.034274193548387094 0.022935779816513763
0 0.811491935483871 0.7087155963302753 0.046370967741935484 0.035168195718654434
0 0.9042338709677419 0.7339449541284404 0.05846774193548387 0.03669724770642202
0 0.9012096774193548 0.7851681957186545 0.04838709677419355 0.035168195718654434
0 0.9092741935483871 0.8470948012232415 0.06048387096774194 0.039755351681957186
0 0.90625 0.8906727828746177 0.04233870967741935 0.0382262996941896
0 0.8155241935483871 0.75 0.034274193548387094 0.019877675840978593
0 0.8981854838709677 0.9541284403669725 0.04233870967741935 0.04281345565749235
0 0.8064516129032258 0.9074923547400612 0.04838709677419355 0.035168195718654434
0 0.8014112903225806 0.9564220183486238 0.05040322580645161 0.04434250764525994
0 0.8125 0.8539755351681957 0.028225806451612902 0.016819571865443424