0 0.8037475345167653 0.9496124031007752 0.04930966469428008 0.03875968992248062
0 0.8057199211045365 0.9007751937984496 0.04930966469428008 0.037209302325581395
0 0.8796844181459567 0.8387596899224806 0.05522682445759369 0.034108527131782945
0 0.8806706114398423 0.789922480620155 0.045364891518737675 0.03565891472868217
0 0.8037475345167653 0.7953488372093023 0.037475345167652864 0.027906976744186046
0 0.7948717948717949 0.7511627906976744 0.04339250493096647 0.04186046511627907
0 0.878698224852071 0.6914728682170542 0.0611439842209073 0.043410852713178294
0 0.8007889546351086 0.6496124031007752 0.04733727810650888 0.031007751937984496
0 0.8836291913214991 0.6410852713178294 0.04733727810650888 0.03875968992248062
0 0.8865877712031559 0.5922480620155038 0.045364891518737675 0.040310077519379844
0 0.8136094674556213 0.5945736434108527 0.04142011834319527 0.03875968992248062
0 0.8214990138067062 0.5410852713178295 0.04142011834319527 0.040310077519379844
0 0.8915187376725838 0.5286821705426357 0.03944773175542406 0.037209302325581395
0 0.8185404339250494 0.4844961240310077 0.04339250493096647 0.020155038759689922
0 0.8905325443786982 0.48062015503875966 0.045364891518737675 0.043410852713178294
0 0.8234714003944773 0.38992248062015505 0.037475345167652864 0.02945736434108527
0 0.8925049309664694 0.36589147286821705 0.045364891518737675 0.031007751937984496
0 0.8234714003944773 0.3317829457364341 0.045364891518737675 0.037209302325581395
0 0.8984220907297831 0.3085271317829457 0.05719921104536489 0.037209302325581395
0 0.8274161735700197 0.2697674418604651 0.03353057199211046 0.037209302325581395
0 0.8974358974358975 0.26434108527131783 0.03944773175542406 0.03875968992248062
0 0.8185404339250494 0.22248062015503875 0.05128205128205129 0.03565891472868217
0 0.8915187376725838 0.17209302325581394 0.05522682445759369 0.031007751937984496
0 0.8313609467455622 0.17751937984496124 0.04142011834319527 0.03875968992248062
0 0.8856015779092703 0.12170542635658915 0.03155818540433925 0.04186046511627907
0 0.8915187376725838 0.07596899224806201 0.04733727810650888 0.043410852713178294
0 0.8284023668639053 0.1325581395348837 0.03944773175542406 0.03875968992248062
0 0.8362919132149902 0.08604651162790697 0.03944773175542406 0.03565891472868217
0 0.44871794871794873 0.05503875968992248 0.04930966469428008 0.04496124031007752
0 0.5236686390532544 0.07364341085271317 0.05719921104536489 0.02945736434108527
0 0.5088757396449705 0.16899224806201552 0.05128205128205129 0.037209302325581395
0 0.43195266272189353 0.2007751937984496 0.04733727810650888 0.04186046511627907
0 0.44181459566074954 0.29689922480620157 0.0591715976331361 0.04806201550387597
0 0.519723865877712 0.34806201550387594 0.0611439842209073 0.03565891472868217
0 0.4220907297830375 0.35891472868217056 0.05522682445759369 0.03565891472868217
0 0.4220907297830375 0.40310077519379844 0.03944773175542406 0.037209302325581395
0 0.5039447731755424 0.3829457364341085 0.08481262327416174 0.024806201550387597
0 0.5069033530571992 0.4170542635658915 0.0591715976331361 0.034108527131782945
0 0.5256410256410257 0.465891472868217 0.04930966469428008 0.03255813953488372
0 0.4368836291913215 0.4906976744186046 0.045364891518737675 0.03875968992248062
0 0.4270216962524655 0.541860465116279 0.0611439842209073 0.04186046511627907
0 0.5118343195266273 0.6248062015503876 0.05719921104536489 0.046511627906976744
0 0.44082840236686394 0.5868217054263566 0.05719921104536489 0.02635658914728682
0 0.4211045364891519 0.6767441860465117 0.06903353057199212 0.04186046511627907
0 0.519723865877712 0.734108527131783 0.045364891518737675 0.04186046511627907
0 0.5256410256410257 0.7744186046511627 0.05325443786982249 0.02945736434108527
0 0.4250493096646943 0.7294573643410852 0.05325443786982249 0.04496124031007752
0 0.44378698224852076 0.7767441860465116 0.04339250493096647 0.046511627906976744
0 0.5207100591715976 0.8217054263565892 0.04733727810650888 0.040310077519379844
0 0.4388560157790927 0.8821705426356589 0.05325443786982249 0.040310077519379844
0 0.13708086785009863 0.9023255813953488 0.037475345167652864 0.037209302325581395
0 0.06903353057199212 0.9077519379844962 0.02366863905325444 0.02945736434108527
0 0.06706114398422092 0.8418604651162791 0.02366863905325444 0.031007751937984496
0 0.07495069033530573 0.7891472868217054 0.04339250493096647 0.034108527131782945
0 0.13806706114398423 0.7744186046511627 0.04733727810650888 0.03565891472868217
0 0.1351084812623274 0.7310077519379845 0.04930966469428008 0.04496124031007752
0 0.07889546351084813 0.7434108527131783 0.05128205128205129 0.03565891472868217
0 0.06903353057199212 0.7023255813953488 0.07495069033530573 0.034108527131782945
0 0.14003944773175542 0.6914728682170542 0.05128205128205129 0.024806201550387597
0 0.13708086785009863 0.6542635658914728 0.037475345167652864 0.040310077519379844
0 0.08481262327416174 0.6550387596899224 0.05522682445759369 0.04186046511627907
0 0.08875739644970415 0.6062015503875969 0.05128205128205129 0.037209302325581395
0 0.14990138067061146 0.5961240310077519 0.04339250493096647 0.04186046511627907
0 0.09270216962524655 0.5573643410852713 0.04339250493096647 0.02945736434108527
0 0.14497041420118345 0.5449612403100775 0.045364891518737675 0.03565891472868217
0 0.15877712031558186 0.5046511627906977 0.04142011834319527 0.04186046511627907
0 0.09072978303747535 0.5031007751937985 0.0591715976331361 0.04806201550387597
0 0.07199211045364892 0.45503875968992247 0.04930966469428008 0.023255813953488372
0 0.1203155818540434 0.3550387596899225 0.03550295857988166 0.031007751937984496
0 0.07889546351084813 0.3085271317829457 0.04733727810650888 0.031007751937984496
0 0.08185404339250493 0.2682170542635659 0.02958579881656805 0.031007751937984496
0 0.13609467455621302 0.26356589147286824 0.04339250493096647 0.034108527131782945
0 0.08185404339250493 0.17906976744186046 0.045364891518737675 0.03875968992248062
0 0.15581854043392507 0.18527131782945735 0.03944773175542406 0.03565891472868217
0 0.15483234714003946 0.09302325581395349 0.03353057199211046 0.031007751937984496
0 0.09664694280078896 0.08682170542635659 0.04733727810650888 0.034108527131782945
0 0.08382642998027613 0.05116279069767442 0.05325443786982249 0.031007751937984496
0 0.15285996055226825 0.05503875968992248 0.04142011834319527 0.02945736434108527
0 0.14398422090729784 0.12868217054263564 0.03155818540433925 0.037209302325581395