0 0.46715328467153283 0.9076479076479076 0.1897810218978102 0.03463203463203463
0 0.5364963503649635 0.8564213564213564 0.1678832116788321 0.024531024531024532
0 0.3175182481751825 0.7698412698412699 0.12408759124087591 0.027417027417027416
0 0.49635036496350365 0.772005772005772 0.1897810218978102 0.031746031746031744
0 0.5401459854014599 0.7215007215007215 0.17518248175182483 0.03751803751803752
0 0.572992700729927 0.6255411255411255 0.18248175182481752 0.03318903318903319
0 0.5510948905109488 0.5808080808080808 0.15328467153284672 0.030303030303030304
0 0.35766423357664234 0.5858585858585859 0.218978102189781 0.04329004329004329
0 0.35036496350364965 0.4898989898989899 0.20437956204379562 0.03318903318903319
0 0.6167883211678832 0.42857142857142855 0.2116788321167883 0.031746031746031744
0 0.5693430656934306 0.3917748917748918 0.145985401459854 0.030303030303030304
0 0.39051094890510946 0.30014430014430016 0.18248175182481752 0.03463203463203463
0 0.5985401459854014 0.25757575757575757 0.1897810218978102 0.04184704184704185
0 0.36496350364963503 0.1673881673881674 0.218978102189781 0.05194805194805195
0 0.3759124087591241 0.1176046176046176 0.1678832116788321 0.03607503607503607
0 0.6751824817518248 0.06349206349206349 0.1970802919708029 0.0404040404040404
0 0.6532846715328466 0.02958152958152958 0.18248175182481752 0.030303030303030304