0 0.369047619047619 0.8473389355742297 0.11904761904761904 0.047619047619047616
0 0.5396825396825397 0.8277310924369748 0.09523809523809523 0.06442577030812326
0 0.3412698412698413 0.7464985994397759 0.14285714285714285 0.058823529411764705
0 0.5396825396825397 0.7521008403361344 0.15873015873015872 0.05322128851540616
0 0.5595238095238095 0.6694677871148459 0.15079365079365079 0.06162464985994398
0 0.5753968253968254 0.572829131652661 0.11904761904761904 0.047619047619047616
0 0.36507936507936506 0.5714285714285714 0.14285714285714285 0.056022408963585436
0 0.6031746031746031 0.49299719887955185 0.09523809523809523 0.022408963585434174
0 0.3571428571428571 0.4117647058823529 0.15873015873015872 0.056022408963585436
0 0.36507936507936506 0.3165266106442577 0.15873015873015872 0.056022408963585436
0 0.3412698412698413 0.242296918767507 0.14285714285714285 0.05322128851540616
0 0.6349206349206349 0.22268907563025211 0.1746031746031746 0.06442577030812326