0 0.3931623931623932 0.09274193548387097 0.17094017094017094 0.051075268817204304
0 0.3632478632478633 0.1706989247311828 0.1623931623931624 0.05645161290322581
0 0.3547008547008547 0.353494623655914 0.1965811965811966 0.06720430107526883
0 0.3461538461538462 0.446236559139785 0.1965811965811966 0.05913978494623656
0 0.6367521367521368 0.2567204301075269 0.1452991452991453 0.040322580645161296
0 0.6752136752136753 0.3548387096774194 0.10256410256410257 0.021505376344086023
0 0.3290598290598291 0.5255376344086022 0.17948717948717952 0.06182795698924732
0 0.6452991452991453 0.5403225806451614 0.2478632478632479 0.05913978494623656
0 0.33760683760683763 0.64247311827957 0.12820512820512822 0.03763440860215054
0 0.2948717948717949 0.7311827956989247 0.17948717948717952 0.048387096774193554
0 0.6282051282051283 0.706989247311828 0.1965811965811966 0.06451612903225806
0 0.6025641025641026 0.7903225806451614 0.17948717948717952 0.05913978494623656
0 0.30341880341880345 0.8561827956989247 0.23076923076923078 0.06182795698924732
0 0.7051282051282052 0.8615591397849464 0.17948717948717952 0.03494623655913979