0 0.8404040404040404 0.9485714285714286 0.052525252525252523 0.04285714285714286
0 0.9232323232323232 0.8892857142857142 0.06060606060606061 0.03571428571428571
0 0.9242424242424242 0.9407142857142857 0.046464646464646465 0.032857142857142856
0 0.8363636363636363 0.8585714285714285 0.052525252525252523 0.03428571428571429
0 0.9212121212121213 0.8421428571428572 0.06060606060606061 0.03857142857142857
0 0.9262626262626262 0.7485714285714286 0.06262626262626263 0.04285714285714286
0 0.9323232323232323 0.7014285714285714 0.05454545454545454 0.04285714285714286
0 0.9191919191919192 0.655 0.05656565656565657 0.041428571428571426
0 0.8343434343434344 0.7778571428571428 0.05656565656565657 0.047142857142857146
0 0.8373737373737373 0.7214285714285714 0.04242424242424243 0.037142857142857144
0 0.8303030303030303 0.6735714285714286 0.048484848484848485 0.04428571428571428
0 0.8323232323232324 0.6357142857142857 0.0404040404040404 0.02
0 0.8292929292929293 0.5792857142857143 0.046464646464646465 0.03571428571428571
0 0.8343434343434344 0.4785714285714286 0.07676767676767676 0.04857142857142857
0 0.8353535353535354 0.42428571428571427 0.05858585858585859 0.03428571428571429
0 0.9363636363636364 0.39071428571428574 0.05858585858585859 0.032857142857142856
0 0.9282828282828283 0.34285714285714286 0.050505050505050504 0.037142857142857144
0 0.8515151515151516 0.32357142857142857 0.05454545454545454 0.027142857142857142
0 0.9151515151515152 0.24571428571428572 0.0808080808080808 0.045714285714285714
0 0.8424242424242424 0.2692857142857143 0.06464646464646465 0.041428571428571426
0 0.8424242424242424 0.21928571428571428 0.044444444444444446 0.041428571428571426
0 0.8393939393939394 0.1457142857142857 0.046464646464646465 0.04
0 0.4636363636363636 0.08928571428571429 0.05454545454545454 0.03
0 0.4505050505050505 0.15571428571428572 0.052525252525252523 0.04285714285714286
0 0.45555555555555555 0.11857142857142858 0.026262626262626262 0.025714285714285714
0 0.5222222222222223 0.2542857142857143 0.05858585858585859 0.037142857142857144
0 0.5272727272727272 0.205 0.044444444444444446 0.03857142857142857
0 0.4616161616161616 0.2057142857142857 0.03434343434343434 0.025714285714285714
0 0.4696969696969697 0.32785714285714285 0.03838383838383838 0.027142857142857142
0 0.4595959595959596 0.38 0.05858585858585859 0.03428571428571429
0 0.5111111111111111 0.4107142857142857 0.052525252525252523 0.032857142857142856
0 0.45656565656565656 0.42428571428571427 0.044444444444444446 0.025714285714285714
0 0.5202020202020202 0.5007142857142857 0.04242424242424243 0.027142857142857142
0 0.4505050505050505 0.5378571428571428 0.06060606060606061 0.03571428571428571
0 0.5060606060606061 0.55 0.046464646464646465 0.03142857142857143
0 0.5141414141414141 0.5842857142857143 0.04242424242424243 0.02857142857142857
0 0.44646464646464645 0.5878571428571429 0.044444444444444446 0.03857142857142857
0 0.5212121212121212 0.635 0.048484848484848485 0.03857142857142857
0 0.4505050505050505 0.6721428571428572 0.048484848484848485 0.041428571428571426
0 0.45151515151515154 0.7207142857142858 0.050505050505050504 0.03857142857142857
0 0.5292929292929293 0.7185714285714285 0.052525252525252523 0.03142857142857143
0 0.5383838383838384 0.77 0.046464646464646465 0.02857142857142857
0 0.44747474747474747 0.8114285714285714 0.05454545454545454 0.03428571428571429
0 0.44545454545454544 0.8471428571428572 0.046464646464646465 0.025714285714285714
0 0.07777777777777778 0.9107142857142857 0.04242424242424243 0.041428571428571426
0 0.0808080808080808 0.87 0.048484848484848485 0.025714285714285714
0 0.14242424242424243 0.88 0.03434343434343434 0.04285714285714286
0 0.1606060606060606 0.7735714285714286 0.050505050505050504 0.04428571428571428
0 0.08686868686868687 0.7671428571428571 0.0404040404040404 0.03142857142857143
0 0.10505050505050505 0.13714285714285715 0.06868686868686869 0.03428571428571429
0 0.1717171717171717 0.17857142857142858 0.05656565656565657 0.04857142857142857
0 0.11313131313131314 0.22428571428571428 0.044444444444444446 0.03142857142857143
0 0.17676767676767677 0.25857142857142856 0.030303030303030304 0.03142857142857143
0 0.11313131313131314 0.26857142857142857 0.03636363636363636 0.017142857142857144
0 0.17373737373737375 0.22 0.03232323232323232 0.017142857142857144
0 0.1707070707070707 0.31 0.05858585858585859 0.04285714285714286
0 0.16767676767676767 0.35 0.048484848484848485 0.025714285714285714
0 0.16565656565656567 0.4014285714285714 0.03232323232323232 0.02
0 0.09898989898989899 0.4471428571428571 0.03636363636363636 0.03142857142857143
0 0.15555555555555556 0.4407142857142857 0.048484848484848485 0.04428571428571428
0 0.17373737373737375 0.49 0.05656565656565657 0.04
0 0.10707070707070707 0.49 0.03232323232323232 0.03428571428571429
0 0.10404040404040404 0.5335714285714286 0.04242424242424243 0.04428571428571428
0 0.1111111111111111 0.58 0.05656565656565657 0.037142857142857144
0 0.08484848484848485 0.6221428571428571 0.044444444444444446 0.03857142857142857
0 0.1484848484848485 0.6271428571428571 0.046464646464646465 0.03142857142857143
0 0.15656565656565657 0.67 0.030303030303030304 0.037142857142857144
0 0.10202020202020202 0.6657142857142857 0.06262626262626263 0.025714285714285714